2.283501388997500762e+05 7.349185376492420910e+05 4.639900692353796912e+05 2.809333476859854418e+05 1.601214700258840458e+05 8.370184650082205189e+04 3.870671446542321064e+04 1.505877902758554774e+04 4.595298993085391885e+03 9.969778764002046501e+02
7.349185376492420910e+05 1.297487539256705786e+05 3.013134928345813532e+05 1.824371120366244868e+05 1.039823104205955024e+05 5.435567999855713424e+04 2.513600205053306127e+04 9.779117286073067589e+03 2.984170744230693344e+03 6.474338701084493550e+02
4.639900692353796912e+05 3.013134928345812950e+05 7.070532088003038371e+04 1.151814846251393901e+05 6.564912563728771056e+04 3.431740313224180863e+04 1.586958925955663472e+04 6.174035725292225834e+03 1.884053155952150746e+03 4.087567136050714680e+02
2.809333476859853836e+05 1.824371120366244868e+05 1.151814846251394192e+05 3.642416081645640224e+04 3.974875727046010434e+04 2.077825277967195871e+04 9.608604004037713821e+03 3.738210448981220907e+03 1.140742863725981806e+03 2.474910554258866000e+02
1.601214700258840458e+05 1.039823104205955024e+05 6.564912563728769601e+04 3.974875727046010434e+04 1.739963371260671192e+04 1.184282466661560466e+04 5.476543851756711774e+03 2.130639731051242052e+03 6.501806416570636884e+02 1.410606178991096726e+02
8.370184650082203734e+04 5.435567999855713424e+04 3.431740313224180136e+04 2.077825277967195871e+04 1.184282466661560466e+04 7.504239408406753682e+03 2.862806797618457040e+03 1.113769937836412055e+03 3.398752225856293308e+02 7.373798270021968904e+01
3.870671446542321064e+04 2.513600205053306490e+04 1.586958925955663835e+04 9.608604004037712002e+03 5.476543851756711774e+03 2.862806797618457495e+03 2.816769137337311804e+03 5.150468808783421082e+02 1.571704059642807465e+02 3.409906902837190046e+01
1.505877902758554410e+04 9.779117286073067589e+03 6.174035725292225834e+03 3.738210448981220452e+03 2.130639731051242052e+03 1.113769937836412055e+03 5.150468808783421082e+02 8.746014442560127691e+02 6.114686936826631580e+01 1.326618269301417108e+01
4.595298993085391885e+03 2.984170744230693799e+03 1.884053155952150746e+03 1.140742863725982033e+03 6.501806416570636884e+02 3.398752225856293308e+02 1.571704059642807465e+02 6.114686936826631580e+01 2.093195516138828509e+02 4.048274820928111417e+00
9.969778764002046501e+02 6.474338701084493550e+02 4.087567136050714112e+02 2.474910554258865716e+02 1.410606178991096442e+02 7.373798270021968904e+01 3.409906902837190046e+01 1.326618269301417108e+01 4.048274820928111417e+00 3.498211160046138701e+01
