3.512211802193362964e+05 1.072177243394346675e+06 6.777609270457481034e+05 4.192359728139679064e+05 2.485901197645628417e+05 1.367568975634607195e+05 6.636352462307614041e+04 2.626449617058096555e+04 7.516044511115002933e+03 1.293013846532168600e+03
1.072177243394346442e+06 1.970118324428222259e+05 4.322385475174406311e+05 2.673655867800405831e+05 1.585370711211985908e+05 8.721600848765320552e+04 4.232299671839910297e+04 1.675004743270338076e+04 4.793318754330456613e+03 8.246129345064456402e+02
6.777609270457482198e+05 4.322385475174406311e+05 1.071854023234679626e+05 1.690111864177309035e+05 1.002168558941341907e+05 5.513230497103587550e+04 2.675385405532809091e+04 1.058829381615017337e+04 3.030025289732716828e+03 5.212668244810375882e+02
4.192359728139679064e+05 2.673655867800405831e+05 1.690111864177309326e+05 5.570501696977971005e+04 6.199016407786907803e+04 3.410265269902237196e+04 1.654887082425646440e+04 6.549497737797757509e+03 1.874253220127393433e+03 3.224349406058411773e+02
2.485901197645628417e+05 1.585370711211985617e+05 1.002168558941341762e+05 6.199016407786907075e+04 2.703270182991444381e+04 2.022150547300746985e+04 9.812816759395054760e+03 3.883589511912782200e+03 1.111356998621238063e+03 1.911909895600810785e+02
1.367568975634606904e+05 8.721600848765320552e+04 5.513230497103587550e+04 3.410265269902237924e+04 2.022150547300746985e+04 1.183280587069545800e+04 5.398325475061384168e+03 2.136479332172144495e+03 6.113908926099875316e+02 1.051799106058114859e+02
6.636352462307614041e+04 4.232299671839909570e+04 2.675385405532809091e+04 1.654887082425646440e+04 9.812816759395054760e+03 5.398325475061384168e+03 4.434841298873034248e+03 1.036761591505874549e+03 2.966874452326575238e+02 5.104027447027061726e+01
2.626449617058096192e+04 1.675004743270338076e+04 1.058829381615017337e+04 6.549497737797759328e+03 3.883589511912782655e+03 2.136479332172144950e+03 1.036761591505874549e+03 1.314217723936407083e+03 1.174191140906190327e+02 2.020005870670233250e+01
7.516044511115002024e+03 4.793318754330456613e+03 3.030025289732716828e+03 1.874253220127393433e+03 1.111356998621237835e+03 6.113908926099875316e+02 2.966874452326574669e+02 1.174191140906190469e+02 2.727619582878977553e+02 5.780599764056032264e+00
1.293013846532168600e+03 8.246129345064456402e+02 5.212668244810375882e+02 3.224349406058411773e+02 1.911909895600810501e+02 1.051799106058114859e+02 5.104027447027060305e+01 2.020005870670233250e+01 5.780599764056032264e+00 3.294202878523476841e+01
