1.989191178152751876e+06 1.073732999588247854e+06 6.825020744222523645e+05 4.209316467049787752e+05 2.467762208212692058e+05 1.333192222708578920e+05 6.340592815244864323e+04 2.479738277981108695e+04 7.210325101920355337e+03 1.342490878940760012e+03
1.073732999588247621e+06 8.785171814669518499e+05 4.409239895604481571e+05 2.719388965293919900e+05 1.594274360342024884e+05 8.612961860742181307e+04 4.096279828369305324e+04 1.602011386586251865e+04 4.658162120104631867e+03 8.673034947068182419e+02
6.825020744222524809e+05 4.409239895604481571e+05 3.810905215205266722e+05 1.728538296472039947e+05 1.013376284932009585e+05 5.474698401865734195e+04 2.603738062766231815e+04 1.018294208162058021e+04 2.960890008210347787e+03 5.512882946859850790e+02
4.209316467049787752e+05 2.719388965293919900e+05 1.728538296472039947e+05 1.588875100792642334e+05 6.249975851125367626e+04 3.376508145357988542e+04 1.605849698371095838e+04 6.280307034006317735e+03 1.826122371750060665e+03 3.400058379130771300e+02
2.467762208212691767e+05 1.594274360342024884e+05 1.013376284932009585e+05 6.249975851125366898e+04 6.185268696907802223e+04 1.979518352222343310e+04 9.414486244336516393e+03 3.681905239440343848e+03 1.070586118162548928e+03 1.993324958913472074e+02
1.333192222708578920e+05 8.612961860742181307e+04 5.474698401865734195e+04 3.376508145357988542e+04 1.979518352222343310e+04 2.164189282430832100e+04 5.086113969966657351e+03 1.989124970645779740e+03 5.783770744701597550e+02 1.076880634491544413e+02
6.340592815244864323e+04 4.096279828369305324e+04 2.603738062766231815e+04 1.605849698371095838e+04 9.414486244336516393e+03 5.086113969966659170e+03 6.504054643457749080e+03 9.460174821510097445e+02 2.750731260220875356e+02 5.121588243337626523e+01
2.479738277981108331e+04 1.602011386586251683e+04 1.018294208162058021e+04 6.280307034006317735e+03 3.681905239440344303e+03 1.989124970645779740e+03 9.460174821510097445e+02 1.592500975371614231e+03 1.075781681171636137e+02 2.002998580909800097e+01
7.210325101920355337e+03 4.658162120104630048e+03 2.960890008210347787e+03 1.826122371750060438e+03 1.070586118162548928e+03 5.783770744701597550e+02 2.750731260220875356e+02 1.075781681171636279e+02 2.963735669508386650e+02 5.824110985939624285e+00
1.342490878940760012e+03 8.673034947068182419e+02 5.512882946859850790e+02 3.400058379130771300e+02 1.993324958913472074e+02 1.076880634491544413e+02 5.121588243337626523e+01 2.002998580909800097e+01 5.824110985939624285e+00 3.693415205005243251e+01
