3.820383133953643264e+05 1.529740176064123400e+06 9.568246880168168573e+05 5.931938842567650136e+05 3.582030251458947896e+05 2.045532960921583290e+05 1.052280201778435294e+05 4.507466110144096456e+04 1.417472390142392396e+04 2.677214461366598698e+03
1.529740176064123632e+06 2.120571297966163547e+05 5.977481166688144440e+05 3.705804538435027935e+05 2.237768175796352443e+05 1.277886628854804148e+05 6.573811448413261678e+04 2.815907043401649207e+04 8.855242368315295607e+03 1.672511090320311951e+03
9.568246880168167409e+05 5.977481166688144440e+05 1.150915823039404931e+05 2.317913412238684541e+05 1.399683338493002811e+05 7.992948698783513100e+04 4.111799628870918241e+04 1.761298696631864732e+04 5.538793220543233474e+03 1.046125301041526200e+03
5.931938842567650136e+05 3.705804538435027353e+05 2.317913412238684832e+05 6.026134099322207476e+04 8.677489269335698918e+04 4.955315581502966234e+04 2.549154953548393314e+04 1.091936305862825247e+04 3.433835169323443097e+03 6.485567717011016384e+02
3.582030251458947896e+05 2.237768175796352443e+05 1.399683338493002811e+05 8.677489269335697463e+04 2.981697373533267819e+04 2.992291523826020784e+04 1.539319672978007839e+04 6.593710731134136040e+03 2.073538143511289945e+03 3.916341752128249141e+02
2.045532960921583290e+05 1.277886628854804294e+05 7.992948698783513100e+04 4.955315581502966234e+04 2.992291523826020784e+04 1.349737408544769460e+04 8.790347672773228624e+03 3.765365362233819269e+03 1.184102400182954398e+03 2.236442904676436854e+02
1.052280201778435148e+05 6.573811448413261678e+04 4.111799628870918241e+04 2.549154953548393314e+04 1.539319672978007657e+04 8.790347672773228624e+03 5.312181518792546740e+03 1.937010793194854614e+03 6.091358762703481489e+02 1.150489694352614407e+02
4.507466110144096456e+04 2.815907043401648843e+04 1.761298696631864732e+04 1.091936305862825247e+04 6.593710731134136040e+03 3.765365362233819269e+03 1.937010793194854614e+03 1.677229307202370592e+03 2.609247341270076390e+02 4.928148698987262577e+01
1.417472390142392396e+04 8.855242368315295607e+03 5.538793220543234384e+03 3.433835169323443552e+03 2.073538143511289945e+03 1.184102400182954170e+03 6.091358762703482626e+02 2.609247341270076959e+02 3.740952964709023263e+02 1.549765332591104539e+01
2.677214461366597789e+03 1.672511090320311951e+03 1.046125301041526200e+03 6.485567717011016384e+02 3.916341752128249141e+02 2.236442904676436854e+02 1.150489694352614691e+02 4.928148698987262577e+01 1.549765332591104361e+01 4.818509156336890698e+01
