2.305432999409676995e+03 1.891813659423734464e+02 1.178742818595144684e+02 7.111394322355428699e+01 4.140266262505731731e+01 2.317488754116096672e+01 1.241988232574562900e+01 6.343248535809539845e+00 3.071501864150825600e+00 1.401905838879028421e+00
1.891813659423734464e+02 1.328190255295622137e+03 7.562360619481324875e+01 4.562397117047029838e+01 2.656235613384838246e+01 1.486811661860723710e+01 7.968118873525898316e+00 4.069584320688409917e+00 1.970557476464727342e+00 8.994088736672082307e-01
1.178742818595144684e+02 7.562360619481324875e+01 7.496627371155252604e+02 2.842718050220938864e+01 1.655035440820206105e+01 9.263959800119485166e+00 4.964739974835628011e+00 2.535658450706015365e+00 1.227806164968335612e+00 5.603996701973853467e-01
7.111394322355428699e+01 4.562397117047029838e+01 2.842718050220938864e+01 4.126017003811489872e+02 9.984883429595900139e+00 5.588977517896199565e+00 2.995244010147689373e+00 1.529771110824190483e+00 7.407395110084430412e-01 3.380909703137135458e-01
4.140266262505731731e+01 2.656235613384838246e+01 1.655035440820206460e+01 9.984883429595900139e+00 2.203171382571311767e+02 3.253912525495324726e+00 1.743836322534196404e+00 8.906354270906869930e-01 4.312598440916504128e-01 1.968371566244493387e-01
2.317488754116096672e+01 1.486811661860723710e+01 9.263959800119485166e+00 5.588977517896201341e+00 3.253912525495324282e+00 1.135250046228184573e+02 9.761017312075773722e-01 4.985277408344451211e-01 2.413950638477511401e-01 1.101783962544651968e-01
1.241988232574562900e+01 7.968118873525900092e+00 4.964739974835628011e+00 2.995244010147688929e+00 1.743836322534196404e+00 9.761017312075775942e-01 5.613581274277870392e+01 2.671709136144289065e-01 1.293684071467442187e-01 5.904678993110138580e-02
6.343248535809538957e+00 4.069584320688409917e+00 2.535658450706015365e+00 1.529771110824190705e+00 8.906354270906869930e-01 4.985277408344451211e-01 2.671709136144289065e-01 2.648328108679708492e+01 6.607276443453193038e-02 3.015716686770027882e-02
3.071501864150825600e+00 1.970557476464727120e+00 1.227806164968335612e+00 7.407395110084430412e-01 4.312598440916503573e-01 2.413950638477511679e-01 1.293684071467442187e-01 6.607276443453193038e-02 1.184797806913814533e+01 1.460258000750518786e-02
1.401905838879028421e+00 8.994088736672083417e-01 5.603996701973853467e-01 3.380909703137135458e-01 1.968371566244493387e-01 1.101783962544651968e-01 5.904678993110139967e-02 3.015716686770027882e-02 1.460258000750518613e-02 4.994033281710217764e+00
