5.217943703824708064e+04 1.653979818695198992e+04 9.107515779028550241e+03 4.686611332220922122e+03 2.222449469158969805e+03 9.553769058436405430e+02 3.646681746987495103e+02 1.205858404334215805e+02 3.350271891338366004e+01 7.531171488159538185e+00
1.653979818695198628e+04 2.202390089479563539e+04 5.305389616853495681e+03 2.730085755925526428e+03 1.294640670819155275e+03 5.565344973780673854e+02 2.124296893449936476e+02 7.024471670399529444e+01 1.951629636137572632e+01 4.387123776170563261e+00
9.107515779028550241e+03 5.305389616853495681e+03 8.992025468161393292e+03 1.503301238573025785e+03 7.128841721272804079e+02 3.064515454876017770e+02 1.169728146483628279e+02 3.867972623025841727e+01 1.074650216709702022e+01 2.415736792214627560e+00
4.686611332220922122e+03 2.730085755925526428e+03 1.503301238573026012e+03 3.539904856537646992e+03 3.668410926441470110e+02 1.576960524368154211e+02 6.019271687183056230e+01 1.990409324300592431e+01 5.530012800419846108e+00 1.243107308375557274e+00
2.222449469158969805e+03 1.294640670819155275e+03 7.128841721272804079e+02 3.668410926441470110e+02 1.329828214611831072e+03 7.478143229355050892e+01 2.854413608811927716e+01 9.438768936925344022e+00 2.622400950605657144e+00 5.894969695081725414e-01
9.553769058436405430e+02 5.565344973780673854e+02 3.064515454876017770e+02 1.576960524368154495e+02 7.478143229355050892e+01 4.677040348672774144e+02 1.227042899930003550e+01 4.057496913684737194e+00 1.127306308124590872e+00 2.534103917989399823e-01
3.646681746987495103e+02 2.124296893449936761e+02 1.169728146483628279e+02 6.019271687183056230e+01 2.854413608811927361e+01 1.227042899930003550e+01 1.496481733757993879e+02 1.548750010921223552e+00 4.302937732696891504e-01 9.672696132989694329e-02
1.205858404334215805e+02 7.024471670399529444e+01 3.867972623025841727e+01 1.990409324300592075e+01 9.438768936925342246e+00 4.057496913684738082e+00 1.548750010921223774e+00 4.208289072090317973e+01 1.422864397910716672e-01 3.198497355622596794e-02
3.350271891338366004e+01 1.951629636137572987e+01 1.074650216709702022e+01 5.530012800419846997e+00 2.622400950605657144e+00 1.127306308124590872e+00 4.302937732696891504e-01 1.422864397910716672e-01 9.999529924450865082e+00 8.886479330032909935e-03
7.531171488159539074e+00 4.387123776170563261e+00 2.415736792214627560e+00 1.243107308375557274e+00 5.894969695081724304e-01 2.534103917989399823e-01 9.672696132989694329e-02 3.198497355622596794e-02 8.886479330032909935e-03 1.921627481024074102e+00
