3.954949096396743698e+04 3.064362547581156832e+04 1.872540258615115818e+04 1.087432969968503676e+04 5.940125082695685705e+03 3.016454397511867683e+03 1.402908905562756217e+03 5.872827007884405930e+02 2.165820252147950669e+02 6.854088326273820542e+01
3.064362547581157196e+04 2.269733209419241757e+04 1.193968324736990508e+04 6.933685486566253530e+03 3.787540033430122548e+03 1.923350372347342955e+03 8.945221807792686377e+02 3.744629463539425274e+02 1.380969389705414585e+02 4.370300888789903837e+01
1.872540258615115818e+04 1.193968324736990689e+04 1.242869357629219667e+04 4.236967725773572056e+03 2.314452380744779020e+03 1.175301860573137219e+03 5.466157380938971073e+02 2.288231015487631623e+02 8.438690716213466203e+01 2.670560101636858263e+01
1.087432969968503676e+04 6.933685486566253530e+03 4.236967725773572056e+03 6.438668454638870571e+03 1.344062865759340639e+03 6.825284460360696812e+02 3.174340165837511449e+02 1.328835435018120279e+02 4.900567806731358900e+01 1.550863907700507838e+01
5.940125082695685705e+03 3.787540033430121639e+03 2.314452380744779020e+03 1.344062865759340639e+03 3.123090475437542409e+03 3.728325748730604232e+02 1.733989878994190121e+02 7.258791039372840714e+01 2.676945297056706607e+01 8.471626162158811368e+00
3.016454397511867228e+03 1.923350372347342955e+03 1.175301860573137219e+03 6.825284460360696812e+02 3.728325748730604232e+02 1.401620856094813462e+03 8.805372484445132386e+01 3.686086041373292232e+01 1.359379356628119240e+01 4.301975738753932355e+00
1.402908905562756445e+03 8.945221807792686377e+02 5.466157380938969936e+02 3.174340165837511449e+02 1.733989878994190121e+02 8.805372484445130965e+01 5.733355570511197357e+02 1.714344807724816278e+01 6.322274943141272807e+00 2.000786115112838548e+00
5.872827007884405930e+02 3.744629463539425274e+02 2.288231015487631623e+02 1.328835435018120279e+02 7.258791039372839293e+01 3.686086041373292232e+01 1.714344807724816278e+01 2.100509832928846379e+02 2.646617103229301549e+00 8.375647689770243653e-01
2.165820252147950953e+02 1.380969389705414585e+02 8.438690716213466203e+01 4.900567806731358900e+01 2.676945297056706607e+01 1.359379356628119240e+01 6.322274943141272807e+00 2.646617103229301549e+00 6.745176890747306686e+01 3.088827129933679472e-01
6.854088326273820542e+01 4.370300888789904548e+01 2.670560101636858263e+01 1.550863907700507838e+01 8.471626162158811368e+00 4.301975738753931466e+00 2.000786115112838548e+00 8.375647689770243653e-01 3.088827129933679472e-01 1.849082948798850978e+01
