1.792236173882900039e+05 3.435966161652447772e+05 2.049113451429432025e+05 1.144103434819918475e+05 5.829159269314011181e+04 2.618454077639693060e+04 9.889583445528076481e+03 2.944538477384428006e+03 6.322660688132004907e+02 8.664069715836295416e+01
3.435966161652447772e+05 9.681908079226559494e+04 1.281282185251863266e+05 7.153919896907727525e+04 3.644892341884577036e+04 1.637282972418854661e+04 6.183819192381720313e+03 1.841179019262927568e+03 3.953471925844129942e+02 5.417522475847904673e+01
2.049113451429431734e+05 1.281282185251863266e+05 4.925247954510428826e+04 4.266396350117802649e+04 2.173711141315741770e+04 9.764294538239397298e+03 3.687855610959474689e+03 1.098027313821647567e+03 2.357739314638589292e+02 3.230857830492252702e+01
1.144103434819918475e+05 7.153919896907727525e+04 4.266396350117801921e+04 2.314771326638662140e+04 1.213671395964340081e+04 5.451803028280392937e+03 2.059079876068027716e+03 6.130733368584783420e+02 1.316421814715156415e+02 1.803919416322427693e+01
5.829159269314011181e+04 3.644892341884577036e+04 2.173711141315742134e+04 1.213671395964340081e+04 9.791289359033436995e+03 2.777670898416358341e+03 1.049092606537722077e+03 3.123583074357582063e+02 6.707114225893266735e+01 9.190894168066639836e+00
2.618454077639693060e+04 1.637282972418854479e+04 9.764294538239399117e+03 5.451803028280392027e+03 2.777670898416358341e+03 3.599726917646334641e+03 4.712516310664515231e+02 1.403111230971813654e+02 3.012830801593826990e+01 4.128542933835654516e+00
9.889583445528076481e+03 6.183819192381721223e+03 3.687855610959474689e+03 2.059079876068027716e+03 1.049092606537722077e+03 4.712516310664515231e+02 1.096447133525820163e+03 5.299380928827110182e+01 1.137909649592845263e+01 1.559300588896227469e+00
2.944538477384428006e+03 1.841179019262927568e+03 1.098027313821647567e+03 6.130733368584783420e+02 3.123583074357582063e+02 1.403111230971813654e+02 5.299380928827110182e+01 2.593009234133222094e+02 3.388028186898270455e+00 4.642683493296485553e-01
6.322660688132006044e+02 3.953471925844129373e+02 2.357739314638589292e+02 1.316421814715156415e+02 6.707114225893268156e+01 3.012830801593826990e+01 1.137909649592845263e+01 3.388028186898270455e+00 4.353644327867212382e+01 9.969002828782766445e-02
8.664069715836295416e+01 5.417522475847904673e+01 3.230857830492252702e+01 1.803919416322427693e+01 9.190894168066639836e+00 4.128542933835654516e+00 1.559300588896227246e+00 4.642683493296484998e-01 9.969002828782766445e-02 4.590127104171531691e+00
