1.741640501304902718e+05 6.948330272344412515e+04 4.012114285384606774e+04 2.168691834378874410e+04 1.079909780001970285e+04 4.852948706594383111e+03 1.919066831059431479e+03 6.465073735743831094e+02 1.781667871699438876e+02 3.815351572059237384e+01
6.948330272344412515e+04 7.465368763839450548e+04 2.442876658618221336e+04 1.320462550441089115e+04 6.575302215568522115e+03 2.954839836940102487e+03 1.168472090887640206e+03 3.936422694345143327e+02 1.084813279880769272e+02 2.323072733435951776e+01
4.012114285384606774e+04 2.442876658618221336e+04 3.052337648405868822e+04 7.624632759652282402e+03 3.796719919144323285e+03 1.706187624384599530e+03 6.747007387634938596e+02 2.272974528593547348e+02 6.263943546995555067e+01 1.341391807022016280e+01
2.168691834378874410e+04 1.320462550441088933e+04 7.624632759652282402e+03 1.186968924147296457e+04 2.052263445252930069e+03 9.222556751188019462e+02 3.646999758047811611e+02 1.228624348481005200e+02 3.385886406791939862e+01 7.250704370981052804e+00
1.079909780001970285e+04 6.575302215568522115e+03 3.796719919144322830e+03 2.052263445252930069e+03 4.367449528956399263e+03 4.592413303886307858e+02 1.816039809781753149e+02 6.117989789237117293e+01 1.686017250909959486e+01 3.610520608783525542e+00
4.852948706594384021e+03 2.954839836940102032e+03 1.706187624384599530e+03 9.222556751188019462e+02 4.592413303886307290e+02 1.500737712494797051e+03 8.161004010898194849e+01 2.749330655620299879e+01 7.576702599252667092e+00 1.622512513822812918e+00
1.919066831059431706e+03 1.168472090887640206e+03 6.747007387634939732e+02 3.646999758047811611e+02 1.816039809781753149e+02 8.161004010898194849e+01 4.697226008679085680e+02 1.087204829024125630e+01 2.996157496424753486e+00 6.416119634697935448e-01
6.465073735743831094e+02 3.936422694345143327e+02 2.272974528593547348e+02 1.228624348481005057e+02 6.117989789237117293e+01 2.749330655620299879e+01 1.087204829024125630e+01 1.286644336584492123e+02 1.009364490323358954e+00 2.161502969272637298e-01
1.781667871699438876e+02 1.084813279880769272e+02 6.263943546995555067e+01 3.385886406791940573e+01 1.686017250909959131e+01 7.576702599252667980e+00 2.996157496424753486e+00 1.009364490323358954e+00 2.927107842903600599e+01 5.956746283718783452e-02
3.815351572059237384e+01 2.323072733435951776e+01 1.341391807022016458e+01 7.250704370981052804e+00 3.610520608783525542e+00 1.622512513822812918e+00 6.416119634697935448e-01 2.161502969272637575e-01 5.956746283718783452e-02 5.196367616814893786e+00
