2.500839856728542596e+06 1.318892146172177745e+06 8.203764174973219633e+05 5.020680455175595707e+05 2.958472879631989636e+05 1.619446421048683114e+05 7.772457093049606192e+04 2.980046964875977210e+04 7.876756470786747741e+03 1.136386368595744671e+03
1.318892146172177745e+06 1.037262168138652807e+06 5.121755722451209440e+05 3.134500005539041595e+05 1.847027178962187609e+05 1.011049171734181291e+05 4.852483048607775709e+04 1.860496263665053630e+04 4.917599003111070488e+03 7.094661989463883174e+02
8.203764174973219633e+05 5.121755722451209440e+05 4.330935426274723141e+05 1.949719613277427270e+05 1.148886620103788300e+05 6.288921348331702029e+04 3.018338285611142055e+04 1.157264651232091273e+04 3.058841668417969686e+03 4.413016942411135233e+02
5.020680455175595125e+05 3.134500005539041595e+05 1.949719613277427561e+05 1.780037434619021951e+05 7.031153596984848264e+04 3.848802065036029671e+04 1.847214487698940138e+04 7.082426910358536588e+03 1.872002443336073384e+03 2.700753878166504478e+02
2.958472879631989636e+05 1.847027178962187609e+05 1.148886620103788300e+05 7.031153596984848264e+04 6.951058480122823676e+04 2.267934920403623255e+04 1.088484721047533822e+04 4.173372140159172886e+03 1.103091206194060760e+03 1.591439083696289742e+02
1.619446421048683405e+05 1.011049171734181436e+05 6.288921348331702029e+04 3.848802065036030399e+04 2.267934920403623255e+04 2.448665408697042585e+04 5.958285769670043010e+03 2.284473392544929538e+03 6.038240601291097391e+02 8.711421173242399618e+01
7.772457093049604737e+04 4.852483048607775709e+04 3.018338285611141328e+04 1.847214487698940138e+04 1.088484721047533822e+04 5.958285769670043010e+03 7.251937897313069698e+03 1.096422283132463008e+03 2.898025237578036126e+02 4.181005707164111840e+01
2.980046964875977210e+04 1.860496263665053630e+04 1.157264651232091273e+04 7.082426910358534769e+03 4.173372140159173796e+03 2.284473392544929538e+03 1.096422283132463235e+03 1.650670151593979199e+03 1.111135283217097083e+02 1.603044342168879766e+01
7.876756470786747741e+03 4.917599003111070488e+03 3.058841668417970141e+03 1.872002443336073384e+03 1.103091206194060533e+03 6.038240601291097391e+02 2.898025237578036126e+02 1.111135283217097083e+02 2.580736271546829812e+02 4.237111040181982702e+00
1.136386368595744671e+03 7.094661989463883174e+02 4.413016942411135233e+02 2.700753878166504478e+02 1.591439083696289742e+02 8.711421173242399618e+01 4.181005707164111129e+01 1.603044342168880121e+01 4.237111040181982702e+00 2.293698882451808174e+01
