2.459508697309508920e+06 1.288644312463439070e+06 8.054414728063003859e+05 5.009802209250401938e+05 3.049091032315792982e+05 1.763758625942172366e+05 9.227243614595945110e+04 4.022442590198485414e+04 1.278553001360317103e+04 2.388284731052295228e+03
1.288644312463439070e+06 1.019043902314637438e+06 5.014039596161439549e+05 3.118705392534398707e+05 1.898122170822063345e+05 1.097976189099480252e+05 5.744149812128964550e+04 2.504053627915399557e+04 7.959256620193165872e+03 1.486756594080153718e+03
8.054414728063005023e+05 5.014039596161438967e+05 4.316676210016169935e+05 1.949284717526058957e+05 1.186383474514105037e+05 6.862681581731073675e+04 3.590266483896385762e+04 1.565108868713810079e+04 4.974774895298009142e+03 9.292676103549503068e+02
5.009802209250402520e+05 3.118705392534398707e+05 1.949284717526058957e+05 1.836423845965446963e+05 7.379240767092070018e+04 4.268550665729938919e+04 2.233126250645320397e+04 9.734892146639547718e+03 3.094282961883317512e+03 5.779994058563526096e+02
3.049091032315793564e+05 1.898122170822063345e+05 1.186383474514105037e+05 7.379240767092070018e+04 7.609811678852411569e+04 2.597946787565927661e+04 1.359136536827557393e+04 5.924899048923006376e+03 1.883258068173845231e+03 3.517849071618655330e+02
1.763758625942172075e+05 1.097976189099480107e+05 6.862681581731072220e+04 4.268550665729938919e+04 2.597946787565927661e+04 2.932060393896970345e+04 7.861978423261779426e+03 3.427281014118378152e+03 1.089377990821755247e+03 2.034913546060192289e+02
9.227243614595946565e+04 5.744149812128965277e+04 3.590266483896385762e+04 2.233126250645320761e+04 1.359136536827557393e+04 7.861978423261779426e+03 9.812441584986918315e+03 1.793009337434507415e+03 5.699167653579471562e+02 1.064581215817357958e+02
4.022442590198486141e+04 2.504053627915399557e+04 1.565108868713810261e+04 9.734892146639545899e+03 5.924899048923006376e+03 3.427281014118377698e+03 1.793009337434507415e+03 2.599793404735882632e+03 2.484444505418369999e+02 4.640840756014375756e+01
1.278553001360317103e+04 7.959256620193165872e+03 4.974774895298009142e+03 3.094282961883317057e+03 1.883258068173845004e+03 1.089377990821755020e+03 5.699167653579470425e+02 2.484444505418369999e+02 4.844803090374912244e+02 1.475113875309448019e+01
2.388284731052294774e+03 1.486756594080153718e+03 9.292676103549504205e+02 5.779994058563526096e+02 3.517849071618655330e+02 2.034913546060192573e+02 1.064581215817357958e+02 4.640840756014375756e+01 1.475113875309448375e+01 5.368946205044404252e+01
