1.410914647266940214e+06 7.364036182273922022e+05 4.616553133528764592e+05 2.769315697880680673e+05 1.554006496380519238e+05 7.898422697635588702e+04 3.472403350436220353e+04 1.236345549766730437e+04 3.244593664448668278e+03 5.482529186218190489e+02
7.364036182273922022e+05 6.256124056173323188e+05 2.977062368266485282e+05 1.785840065423096821e+05 1.002127372219762474e+05 5.093431463187612098e+04 2.239238029547899714e+04 7.972783381723726052e+03 2.092331100576468543e+03 3.535501672161390161e+02
4.616553133528764592e+05 2.977062368266485282e+05 2.674331996607832843e+05 1.119552558670948201e+05 6.282389366244971461e+04 3.193099055976108139e+04 1.403790134398011833e+04 4.998179964465797639e+03 1.311693405580646640e+03 2.216424650723656669e+02
2.769315697880680673e+05 1.785840065423096821e+05 1.119552558670948201e+05 1.078978571030315215e+05 3.768595094418933877e+04 1.915433243122560452e+04 8.420867134582113067e+03 2.998240859809567155e+03 7.868409685354316707e+02 1.329558959007805470e+02
1.554006496380519238e+05 1.002127372219762474e+05 6.282389366244971461e+04 3.768595094418933877e+04 4.001891581506254443e+04 1.074848817516043164e+04 4.725384773687019333e+03 1.682468263702570766e+03 4.415372280084061458e+02 7.460844067724896433e+01
7.898422697635590157e+04 5.093431463187612098e+04 3.193099055976108502e+04 1.915433243122560089e+04 1.074848817516043164e+04 1.323257936612089543e+04 2.401732968200676169e+03 8.551344896582706951e+02 2.244165434105590577e+02 3.792062662884044499e+01
3.472403350436221081e+04 2.239238029547899714e+04 1.403790134398011833e+04 8.420867134582113067e+03 4.725384773687019333e+03 2.401732968200676169e+03 3.768995973439481531e+03 3.759449171860395040e+02 9.866080698180604713e+01 1.667114004876491862e+01
1.236345549766730437e+04 7.972783381723724233e+03 4.998179964465797639e+03 2.998240859809566700e+03 1.682468263702570766e+03 8.551344896582706951e+02 3.759449171860394472e+02 8.857458046899606643e+02 3.512807624523997418e+01 5.935741827411590066e+00
3.244593664448668278e+03 2.092331100576468543e+03 1.311693405580646640e+03 7.868409685354314433e+02 4.415372280084060890e+02 2.244165434105590577e+02 9.866080698180604713e+01 3.512807624523997418e+01 1.596306471046895297e+02 1.557741711502608872e+00
5.482529186218190489e+02 3.535501672161390161e+02 2.216424650723656669e+02 1.329558959007805470e+02 7.460844067724896433e+01 3.792062662884044499e+01 1.667114004876491862e+01 5.935741827411590954e+00 1.557741711502608872e+00 1.922551297080275390e+01
