1.765805782641760597e+05 4.326522879345276742e+05 2.660888565930034965e+05 1.549861193782296905e+05 8.381498547762288945e+04 4.098505179976166255e+04 1.748279079032510708e+04 6.199932178838256732e+03 1.712989820590365298e+03 3.374907540415989047e+02
4.326522879345276742e+05 9.856829433810824412e+04 1.702181603516144387e+05 9.914527221615197777e+04 5.361679861596044066e+04 2.621830996080311525e+04 1.118381477617854580e+04 3.966122682848093518e+03 1.095806790616277340e+03 2.158942543637156177e+02
2.660888565930035547e+05 1.702181603516144387e+05 5.229942439561241190e+04 6.097610680979503377e+04 3.297528531747234229e+04 1.612472720894700979e+04 6.878245115374546913e+03 2.439236031374754020e+03 6.739406772906249898e+02 1.327788085043791000e+02
1.549861193782296905e+05 9.914527221615197777e+04 6.097610680979504104e+04 2.597104207961344218e+04 1.920678517763728451e+04 9.392008850523810906e+03 4.006302752447525108e+03 1.420757455200651748e+03 3.925434969423525899e+02 7.733834678103501403e+01
8.381498547762288945e+04 5.361679861596044066e+04 3.297528531747234229e+04 1.920678517763728087e+04 1.182802555531057260e+04 5.079107010165792417e+03 2.166569550631104903e+03 7.683318090200140205e+02 2.122837040345954165e+02 4.182382550334587989e+01
4.098505179976166255e+04 2.621830996080311525e+04 1.612472720894701160e+04 9.392008850523810906e+03 5.079107010165792417e+03 4.809433726516577735e+03 1.059440203376392901e+03 3.757098902140496648e+02 1.038055254263097709e+02 2.045161309699769703e+01
1.748279079032510708e+04 1.118381477617854762e+04 6.878245115374546913e+03 4.006302752447525108e+03 2.166569550631105358e+03 1.059440203376392901e+03 1.683688617159042451e+03 1.602647092056729150e+02 4.427980944795343277e+01 8.723943423235171579e+00
6.199932178838256732e+03 3.966122682848093518e+03 2.439236031374753566e+03 1.420757455200651748e+03 7.683318090200139068e+02 3.757098902140496648e+02 1.602647092056729150e+02 4.834534790968085076e+02 1.570297435699552580e+01 3.093777086551426692e+00
1.712989820590365298e+03 1.095806790616277567e+03 6.739406772906249898e+02 3.925434969423525899e+02 2.122837040345954165e+02 1.038055254263097851e+02 4.427980944795342566e+01 1.570297435699552580e+01 1.066585726660899809e+02 8.547849401525796642e-01
3.374907540415989047e+02 2.158942543637156177e+02 1.327788085043791000e+02 7.733834678103501403e+01 4.182382550334587989e+01 2.045161309699769703e+01 8.723943423235171579e+00 3.093777086551426247e+00 8.547849401525795532e-01 1.654058689010834371e+01
