4.046697982859409967e+04 1.126039076778545859e+04 6.630288206267942769e+03 3.696376138041188369e+03 1.932340180465203503e+03 9.360174170717313018e+02 4.141159035263548844e+02 1.645778487484729169e+02 5.754740044678487010e+01 1.728128876146898563e+01
1.126039076778545677e+04 1.930834999869110470e+04 4.087634756095799275e+03 2.278850496902475697e+03 1.191305813041876036e+03 5.770635012089556994e+02 2.553063317377512647e+02 1.014637846348468173e+02 3.547851117042897329e+01 1.065407631974869673e+01
6.630288206267944588e+03 4.087634756095799275e+03 8.959672324273095001e+03 1.341821601492418722e+03 7.014588609897244851e+02 3.397837077980813092e+02 1.503282253000578237e+02 5.974340930976765662e+01 2.089028338716376254e+01 6.273281099053796162e+00
3.696376138041188369e+03 2.278850496902475697e+03 1.341821601492418495e+03 4.022634027905621224e+03 3.910623060289917134e+02 1.894289283552799361e+02 8.380776937387294367e+01 3.330686475575637928e+01 1.164630293992831511e+01 3.497345189285450573e+00
1.932340180465203503e+03 1.191305813041876263e+03 7.014588609897244851e+02 3.910623060289916566e+02 1.732618856903274718e+03 9.902702428907760179e+01 4.381186171224310755e+01 1.741170017588487084e+01 6.088292501698521875e+00 1.828293545308470769e+00
9.360174170717313018e+02 5.770635012089558131e+02 3.397837077980813092e+02 1.894289283552799361e+02 9.902702428907760179e+01 7.060412184595203371e+02 2.122228065822498522e+01 8.434153980866645028e+00 2.949143157829015927e+00 8.856176667177517725e-01
4.141159035263548844e+02 2.553063317377512647e+02 1.503282253000578237e+02 8.380776937387292946e+01 4.381186171224310044e+01 2.122228065822498522e+01 2.671104800626737870e+02 3.731466137877785805e+00 1.304769613426261188e+00 3.918178802474339140e-01
1.645778487484728885e+02 1.014637846348468173e+02 5.974340930976765662e+01 3.330686475575637928e+01 1.741170017588487084e+01 8.434153980866645028e+00 3.731466137877785805e+00 9.175039952528013032e+01 5.185412447614550224e-01 1.557161733785130120e-01
5.754740044678486299e+01 3.547851117042897329e+01 2.089028338716376254e+01 1.164630293992831689e+01 6.088292501698523651e+00 2.949143157829015482e+00 1.304769613426261188e+00 5.185412447614550224e-01 2.787373422491386066e+01 5.444876727699613644e-02
1.728128876146898563e+01 1.065407631974869673e+01 6.273281099053794385e+00 3.497345189285450573e+00 1.828293545308470991e+00 8.856176667177517725e-01 3.918178802474339695e-01 1.557161733785130120e-01 5.444876727699612950e-02 7.278736671689632232e+00
