1.919100845159136225e+06 1.017948236091516563e+06 6.355563552580097457e+05 3.818427584018335328e+05 2.154243711652267375e+05 1.100033094517237914e+05 4.816152231125967228e+04 1.667846636227496128e+04 4.054872380701020575e+03 5.797696412425020753e+02
1.017948236091516563e+06 8.288421139405312715e+05 4.055642731466791010e+05 2.436633344728259544e+05 1.374676341238655441e+05 7.019584002650146431e+04 3.073306187281247912e+04 1.064294303952227892e+04 2.587514633716391927e+03 3.699653873299270685e+02
6.355563552580097457e+05 4.055642731466791010e+05 3.484212901184326038e+05 1.521312924144013959e+05 8.582796787895892339e+04 4.382679851464146486e+04 1.918819847343157016e+04 6.644925397571259964e+03 1.615515712366446451e+03 2.309880255265623248e+02
3.818427584018335328e+05 2.436633344728259544e+05 1.521312924144013959e+05 1.390493914818407211e+05 5.156551064558428334e+04 2.633117503790577030e+04 1.152828474334514794e+04 3.992276408207678287e+03 9.706031113497117531e+02 1.387777875166548540e+02
2.154243711652267084e+05 1.374676341238655441e+05 8.582796787895892339e+04 5.156551064558428334e+04 5.099163057956821285e+04 1.485526882406663208e+04 6.503916695561145389e+03 2.252324067517995445e+03 5.475855186796183034e+02 7.829431604937116163e+01
1.100033094517237914e+05 7.019584002650146431e+04 4.382679851464146486e+04 2.633117503790577030e+04 1.485526882406663390e+04 1.648499043186015479e+04 3.321130088671843168e+03 1.150116396044704516e+03 2.796165491247813293e+02 3.997984921624443189e+01
4.816152231125967228e+04 3.073306187281247912e+04 1.918819847343157016e+04 1.152828474334514794e+04 6.503916695561145389e+03 3.321130088671843623e+03 4.479977734879843410e+03 5.035426365327830922e+02 1.224213956506520731e+02 1.750393156011344686e+01
1.667846636227496128e+04 1.064294303952227892e+04 6.644925397571259055e+03 3.992276408207678287e+03 2.252324067517995900e+03 1.150116396044704516e+03 5.035426365327830922e+02 9.678877153944083602e+02 4.239486277419437954e+01 6.061659177759481487e+00
4.054872380701020575e+03 2.587514633716391927e+03 1.615515712366446451e+03 9.706031113497118668e+02 5.475855186796183034e+02 2.796165491247812724e+02 1.224213956506520447e+02 4.239486277419437954e+01 1.526500453357380991e+02 1.473711901755884401e+00
5.797696412425020753e+02 3.699653873299270685e+02 2.309880255265622964e+02 1.387777875166548824e+02 7.829431604937116163e+01 3.997984921624442478e+01 1.750393156011345042e+01 6.061659177759480599e+00 1.473711901755884401e+00 1.483294896711593225e+01
