1.090794284948444692e+06 5.678144200944291661e+05 3.481570787806481821e+05 2.025388068639853445e+05 1.094379035910707607e+05 5.332245576472878747e+04 2.250125598031943809e+04 7.779484993907815806e+03 2.040089722108579281e+03 3.648115691421765518e+02
5.678144200944291661e+05 4.707959944518722477e+05 2.214505644814411644e+05 1.288278649008477223e+05 6.960963025880957139e+04 3.391655275254513981e+04 1.431226346405142067e+04 4.948258841409903653e+03 1.297629857580373255e+03 2.320439044319835773e+02
3.481570787806481239e+05 2.214505644814411644e+05 1.935135743125046138e+05 7.899118360179734009e+04 4.268134916664812772e+04 2.079603389901953415e+04 8.775606363703249372e+03 3.034039436668912003e+03 7.956455570089239018e+02 1.422784012819894031e+02
2.025388068639853154e+05 1.288278649008477223e+05 7.899118360179732554e+04 7.440651922013258445e+04 2.482968195227907927e+04 1.209799871989426902e+04 5.105169335167478494e+03 1.765038728017257881e+03 4.628632063653899422e+02 8.276981682835513254e+01
1.094379035910707607e+05 6.960963025880957139e+04 4.268134916664812772e+04 2.482968195227907927e+04 2.625828466268289048e+04 6.536918223487921750e+03 2.758478921490551784e+03 9.537043351942753588e+02 2.500991278579348602e+02 4.472306011161163752e+01
5.332245576472880202e+04 3.391655275254513981e+04 2.079603389901953415e+04 1.209799871989426902e+04 6.536918223487921750e+03 8.334969769238196022e+03 1.344039546104006149e+03 4.646823043691426278e+02 1.218581427860071358e+02 2.179083586410452611e+01
2.250125598031944173e+04 1.431226346405142067e+04 8.775606363703249372e+03 5.105169335167477584e+03 2.758478921490551329e+03 1.344039546104006149e+03 2.328660699103745173e+03 1.960887834249201376e+02 5.142226149921602030e+01 9.195397488194345215e+00
7.779484993907815806e+03 4.948258841409904562e+03 3.034039436668911094e+03 1.765038728017257881e+03 9.537043351942753588e+02 4.646823043691425710e+02 1.960887834249201376e+02 5.536887596686743791e+02 1.777850587699840545e+01 3.179176168432265026e+00
2.040089722108579053e+03 1.297629857580373255e+03 7.956455570089239018e+02 4.628632063653899422e+02 2.500991278579348602e+02 1.218581427860071074e+02 5.142226149921601319e+01 1.777850587699840545e+01 1.046766027428897559e+02 8.337061683479417562e-01
3.648115691421765518e+02 2.320439044319835773e+02 1.422784012819894031e+02 8.276981682835513254e+01 4.472306011161163752e+01 2.179083586410452611e+01 9.195397488194345215e+00 3.179176168432265026e+00 8.337061683479417562e-01 1.395248820797536204e+01
