2.008062131364602130e+06 1.070664340010185027e+06 6.715895681611653417e+05 4.081950928807042073e+05 2.350207798193180934e+05 1.239006383083690889e+05 5.684249375482162577e+04 2.102225726747092267e+04 5.591211248598110615e+03 9.015162659439429262e+02
1.070664340010185027e+06 8.666961492912442191e+05 4.284395869418634102e+05 2.604074650300937938e+05 1.499311642142415803e+05 7.904223176666733343e+04 3.626258610856944870e+04 1.341111840810996364e+04 3.566905073306935265e+03 5.751209889396382096e+02
6.715895681611653417e+05 4.284395869418634102e+05 3.673365473602127749e+05 1.633443185226854403e+05 9.404647382538714737e+04 4.958037389959759457e+04 2.274622739824281234e+04 8.412316431660688977e+03 2.237392381847037996e+03 3.607528916100069978e+02
4.081950928807042073e+05 2.604074650300938229e+05 1.633443185226854403e+05 1.494624577204020170e+05 5.716186036565135146e+04 3.013516928861756605e+04 1.382525704044764279e+04 5.113042920791116558e+03 1.359896928743633453e+03 2.192671939513973598e+02
2.350207798193180934e+05 1.499311642142416094e+05 9.404647382538714737e+04 5.716186036565134418e+04 5.654981180376760312e+04 1.735050496618269972e+04 7.959974893177156446e+03 2.943865214090564677e+03 7.829688358371060986e+02 1.262444057021320134e+02
1.239006383083690889e+05 7.904223176666733343e+04 4.958037389959760185e+04 3.013516928861756605e+04 1.735050496618269972e+04 1.909553286622307496e+04 4.196420295011610506e+03 1.551976720526749432e+03 4.127734518214039667e+02 6.655480618088371614e+01
5.684249375482162577e+04 3.626258610856944870e+04 2.274622739824281234e+04 1.382525704044764279e+04 7.959974893177157355e+03 4.196420295011610506e+03 5.476352537002916506e+03 7.120078495851578282e+02 1.893700684488682668e+02 3.053366961092328680e+01
2.102225726747091903e+04 1.341111840810996364e+04 8.412316431660688977e+03 5.113042920791116558e+03 2.943865214090564677e+03 1.551976720526749432e+03 7.120078495851578282e+02 1.258317179584217001e+03 7.003539138979104450e+01 1.129237328413904073e+01
5.591211248598110615e+03 3.566905073306935719e+03 2.237392381847037541e+03 1.359896928743633225e+03 7.829688358371060986e+02 4.127734518214039667e+02 1.893700684488682668e+02 7.003539138979104450e+01 2.137029790334847519e+02 3.003390346066429295e+00
9.015162659439429262e+02 5.751209889396382096e+02 3.607528916100069978e+02 2.192671939513973598e+02 1.262444057021319992e+02 6.655480618088371614e+01 3.053366961092328324e+01 1.129237328413904073e+01 3.003390346066429295e+00 2.302963840782130944e+01
