3.128585227754934458e+05 8.957022042388803093e+05 5.605605717122474452e+05 3.380285747350280872e+05 1.916706918085853104e+05 9.852606492171641730e+04 4.347946791568181652e+04 1.519005419986582638e+04 3.724215089367549808e+03 5.354770595645914000e+02
8.957022042388804257e+05 1.734985153511234384e+05 3.581727735169133521e+05 2.159849233972961083e+05 1.224688762488048669e+05 6.295368550257887546e+04 2.778140739872367703e+04 9.705755483336131874e+03 2.379604479954491126e+03 3.421455472565494915e+02
5.605605717122474452e+05 3.581727735169133521e+05 9.240395100928239117e+04 1.351706310064239078e+05 7.664514272946625715e+04 3.939853421116188110e+04 1.738653934388007474e+04 6.074188292593704318e+03 1.489236535781221846e+03 2.141261935845148514e+02
3.380285747350281454e+05 2.159849233972961374e+05 1.351706310064239369e+05 4.642406027004840143e+04 4.621846356062261475e+04 2.375805762679423424e+04 1.048441044655418591e+04 3.662849859286282481e+03 8.980376591521492173e+02 1.291221246790890973e+02
1.916706918085853395e+05 1.224688762488048669e+05 7.664514272946625715e+04 4.621846356062261475e+04 2.144124424615792304e+04 1.347141538233989195e+04 5.944924049901514081e+03 2.076927866440606522e+03 5.092099078747447720e+02 7.321548772743682321e+01
9.852606492171641730e+04 6.295368550257887546e+04 3.939853421116188110e+04 2.375805762679423788e+04 1.347141538233989377e+04 8.766064870828502535e+03 3.055918290732823607e+03 1.067620343390878816e+03 2.617533644223070723e+02 3.763556039288766897e+01
4.347946791568180925e+04 2.778140739872367340e+04 1.738653934388007474e+04 1.048441044655418591e+04 5.944924049901514081e+03 3.055918290732823607e+03 3.001240826829378420e+03 4.711399415319738182e+02 1.155115351380787132e+02 1.660854051048766067e+01
1.519005419986582638e+04 9.705755483336131874e+03 6.074188292593703409e+03 3.662849859286282481e+03 2.076927866440606977e+03 1.067620343390879043e+03 4.711399415319738182e+02 7.927971534019475257e+02 4.035528868154059978e+01 5.802385416128400308e+00
3.724215089367549353e+03 2.379604479954491126e+03 1.489236535781221619e+03 8.980376591521492173e+02 5.092099078747448857e+02 2.617533644223070723e+02 1.155115351380787132e+02 4.035528868154059978e+01 1.431274594448869095e+02 1.422597380940383349e+00
5.354770595645914000e+02 3.421455472565494915e+02 2.141261935845148230e+02 1.291221246790890973e+02 7.321548772743682321e+01 3.763556039288766897e+01 1.660854051048766067e+01 5.802385416128400308e+00 1.422597380940383349e+00 1.474801005232134621e+01
