4.127245031368659111e+05 1.286399439886563923e+06 7.717627249917496229e+05 4.470963670275620534e+05 2.414621684274094005e+05 1.147561418287702691e+05 4.371549590970356076e+04 1.149108438668598683e+04 1.640523442419736512e+03 8.642681710830882480e+01
1.286399439886563923e+06 2.163203243563239230e+05 4.695223943730450701e+05 2.720029744433625601e+05 1.468999367282952880e+05 6.981495313994723256e+04 2.659548543362016062e+04 6.990907024224572524e+03 9.980560990662763743e+02 5.258005445542634959e+01
7.717627249917495064e+05 4.695223943730450701e+05 1.086926117530657793e+05 1.631855162971633836e+05 8.813117602145569981e+04 4.188479628474357742e+04 1.595570059680609666e+04 4.194126091702344638e+03 5.987739661779919516e+02 3.154488788514456488e+01
4.470963670275620534e+05 2.720029744433626183e+05 1.631855162971633836e+05 5.110418193049678666e+04 5.105601416741222783e+04 2.426463425374498547e+04 9.243431354225836913e+03 2.429734525563763782e+03 3.468807915693600421e+02 1.827453479551070714e+01
2.414621684274094296e+05 1.468999367282952880e+05 8.813117602145569981e+04 5.105601416741222783e+04 2.164572906625326141e+04 1.310453771288656571e+04 4.992075854563327994e+03 1.312220385833288901e+03 1.873390040608191498e+02 9.869480327166554545e+00
1.147561418287702545e+05 6.981495313994723256e+04 4.188479628474357742e+04 2.426463425374498547e+04 1.310453771288656571e+04 7.778709971646944723e+03 2.372509815998238082e+03 6.236395112659598681e+02 8.903382861206658561e+01 4.690521465854683214e+00
4.371549590970356076e+04 2.659548543362016062e+04 1.595570059680609666e+04 9.243431354225836913e+03 4.992075854563327994e+03 2.372509815998238082e+03 2.156618668849650021e+03 2.375708181663669620e+02 3.391677263186144131e+01 1.786819151352297519e+00
1.149108438668598683e+04 6.990907024224572524e+03 4.194126091702343729e+03 2.429734525563763782e+03 1.312220385833288901e+03 6.236395112659598681e+02 2.375708181663669905e+02 3.966243477361817327e+02 8.915385456035753720e+00 4.696844728548139059e-01
1.640523442419736512e+03 9.980560990662762606e+02 5.987739661779918379e+02 3.468807915693600421e+02 1.873390040608191498e+02 8.903382861206658561e+01 3.391677263186144131e+01 8.915385456035753720e+00 3.805298733907221731e+01 6.705445389920228205e-02
8.642681710830882480e+01 5.258005445542634959e+01 3.154488788514456488e+01 1.827453479551070714e+01 9.869480327166554545e+00 4.690521465854683214e+00 1.786819151352297519e+00 4.696844728548139059e-01 6.705445389920226817e-02 1.293202660635307977e+00
