5.012958775819054426e+04 4.643021457587296754e+04 2.651361908852342822e+04 1.414174129319045278e+04 6.930624511555868594e+03 3.057612685614879410e+03 1.183541355528737995e+03 3.892938841818492506e+02 1.044575015924530135e+02 2.172430446060427300e+01
4.643021457587296754e+04 2.675589498288040340e+04 1.599698607119964072e+04 8.532416405861371459e+03 4.181590729123221536e+03 1.844809921255776089e+03 7.140894087626560349e+02 2.348803768383272370e+02 6.302440992410911491e+01 1.310735417531943980e+01
2.651361908852342822e+04 1.599698607119964254e+04 1.343112058832166804e+04 4.872371160809416324e+03 2.387865418862098977e+03 1.053464602515998649e+03 4.077752978751119031e+02 1.341266436036745233e+02 3.598960748450014080e+01 7.484854400034887334e+00
1.414174129319045460e+04 8.532416405861371459e+03 4.872371160809416324e+03 6.256908135156292701e+03 1.273631294307934922e+03 5.618932602363430533e+02 2.174977602661432172e+02 7.153999942573501869e+01 1.919601079694081136e+01 3.992245426363121741e+00
6.930624511555868594e+03 4.181590729123220626e+03 2.387865418862099432e+03 1.273631294307934922e+03 2.660422829413815634e+03 2.753742358550437643e+02 1.065919166004597116e+02 3.506052495921687751e+01 9.407635184037117071e+00 1.956530913305715158e+00
3.057612685614878956e+03 1.844809921255776089e+03 1.053464602515998649e+03 5.618932602363430533e+02 2.753742358550437075e+02 1.011358823760227096e+03 4.702560293638000388e+01 1.546779885432759727e+01 4.150405873581409111e+00 8.631709495077289906e-01
1.183541355528738222e+03 7.140894087626560349e+02 4.077752978751119031e+02 2.174977602661431888e+02 1.065919166004597258e+02 4.702560293637999678e+01 3.349559350880028887e+02 5.987278803893139489e+00 1.606539970455790112e+00 3.341163910130638959e-01
3.892938841818492506e+02 2.348803768383272370e+02 1.341266436036745517e+02 7.153999942573503290e+01 3.506052495921687751e+01 1.546779885432759727e+01 5.987278803893140378e+00 9.358485335919577608e+01 5.284278257541141777e-01 1.098985405272886601e-01
1.044575015924530135e+02 6.302440992410912202e+01 3.598960748450013369e+01 1.919601079694081136e+01 9.407635184037117071e+00 4.150405873581409111e+00 1.606539970455790112e+00 5.284278257541140666e-01 2.117063826770461432e+01 2.948858802717548022e-02
2.172430446060427300e+01 1.310735417531944158e+01 7.484854400034887334e+00 3.992245426363121741e+00 1.956530913305715158e+00 8.631709495077291017e-01 3.341163910130638404e-01 1.098985405272886601e-01 2.948858802717547675e-02 3.683404872453869938e+00
