3.623795104618887763e+03 4.562368444098735836e+02 2.671990466545702247e+02 1.497976835043793074e+02 7.991538959787730789e+01 4.031819519619626391e+01 1.910431313558587973e+01 8.428877679011755220e+00 3.432054390222246454e+00 1.275388160851465891e+00
4.562368444098735836e+02 2.039122848542056090e+03 1.627508701077705382e+02 9.124173022212826822e+01 4.867644310449318112e+01 2.455780225083989166e+01 1.163643218251254829e+01 5.134027211049801309e+00 2.090463440118381033e+00 7.768385984253474152e-01
2.671990466545701679e+02 1.627508701077705382e+02 1.101076005058143210e+03 5.343650700109599683e+01 2.850777913142722397e+01 1.438248889750095216e+01 6.814976965855552571e+00 3.006787358582389658e+00 1.224297960828558685e+00 4.549622316720396964e-01
1.497976835043792789e+02 9.124173022212825401e+01 5.343650700109599683e+01 5.679881983199770730e+02 1.598209024025064728e+01 8.063140744129769999e+00 3.820626515709927951e+00 1.685671362773141002e+00 6.863684610684464005e-01 2.550618695678217307e-01
7.991538959787730789e+01 4.867644310449318112e+01 2.850777913142722397e+01 1.598209024025064728e+01 2.782406352312211197e+02 4.301595451112640411e+00 2.038261536280787656e+00 8.992868283311076238e-01 3.661699012346663062e-01 1.360726561401033874e-01
4.031819519619626391e+01 2.455780225083989166e+01 1.438248889750095216e+01 8.063140744129771775e+00 4.301595451112640411e+00 1.286288580416421894e+02 1.028325418848368145e+00 4.537001203956452788e-01 1.847367525483892825e-01 6.865015535464905061e-02
1.910431313558587973e+01 1.163643218251254829e+01 6.814976965855552571e+00 3.820626515709928395e+00 2.038261536280787656e+00 1.028325418848368145e+00 5.572981064602991808e+01 2.149805845106169677e-01 8.753538572749985924e-02 3.252908663990905502e-02
8.428877679011753443e+00 5.134027211049801309e+00 3.006787358582389658e+00 1.685671362773141002e+00 8.992868283311076238e-01 4.537001203956453343e-01 2.149805845106169955e-01 2.243355571264226356e+01 3.862086292481515387e-02 1.435192620388131036e-02
3.432054390222246898e+00 2.090463440118381033e+00 1.224297960828558463e+00 6.863684610684464005e-01 3.661699012346663062e-01 1.847367525483892825e-01 8.753538572749987312e-02 3.862086292481514693e-02 8.315512952103201627e+00 5.843790028988967225e-03
1.275388160851465891e+00 7.768385984253473042e-01 4.549622316720397519e-01 2.550618695678217307e-01 1.360726561401033874e-01 6.865015535464905061e-02 3.252908663990904808e-02 1.435192620388131036e-02 5.843790028988966358e-03 2.806715604135744169e+00
