1.126342850872667506e+06 5.729304205165368039e+05 3.391798294609209406e+05 1.886182185098982591e+05 9.594848736490686133e+04 4.303262474412321899e+04 1.616588775053887912e+04 4.735419372754027791e+03 9.784203320896916694e+02 1.238187612769642953e+02
5.729304205165368039e+05 4.607313347829269478e+05 2.097061478349506506e+05 1.166177837817418476e+05 5.932247712921066704e+04 2.660596292137943237e+04 9.994951798536467322e+03 2.927787765627320368e+03 6.049320772760238469e+02 7.655394926743188933e+01
3.391798294609208824e+05 2.097061478349506506e+05 1.777721426227206830e+05 6.903874990533875825e+04 3.511942629568277334e+04 1.575096319406658040e+04 5.917099049202735841e+03 1.733276013076674417e+03 3.581250906889139856e+02 4.532060879867012915e+01
1.886182185098982591e+05 1.166177837817418476e+05 6.903874990533874370e+04 6.337928220332100318e+04 1.952994561471873749e+04 8.759125276410677543e+03 3.290504282583887743e+03 9.638764023558449026e+02 1.991536958928197407e+02 2.520283268900601215e+01
9.594848736490686133e+04 5.932247712921067432e+04 3.511942629568277334e+04 1.952994561471873385e+04 2.042042564120451425e+04 4.455692708534528720e+03 1.673851609223548849e+03 4.903157475634751563e+02 1.013077953180007995e+02 1.282046714747257887e+01
4.303262474412321171e+04 2.660596292137942510e+04 1.575096319406658040e+04 8.759125276410677543e+03 4.455692708534529629e+03 5.815660864257130925e+03 7.507177044190565312e+02 2.199052236309713919e+02 4.543625917721838192e+01 5.749943192990147445e+00
1.616588775053887912e+04 9.994951798536467322e+03 5.917099049202734932e+03 3.290504282583887743e+03 1.673851609223548394e+03 7.507177044190565312e+02 1.426628850497142139e+03 8.261088376815590095e+01 1.706885113401348519e+01 2.160057323543760788e+00
4.735419372754027791e+03 2.927787765627320368e+03 1.733276013076674417e+03 9.638764023558449026e+02 4.903157475634751563e+02 2.199052236309713635e+02 8.261088376815590095e+01 2.872012470609390107e+02 4.999921413407541593e+00 6.327383595637902092e-01
9.784203320896918967e+02 6.049320772760238469e+02 3.581250906889139856e+02 1.991536958928197407e+02 1.013077953180007995e+02 4.543625917721838192e+01 1.706885113401348519e+01 4.999921413407542481e+00 4.289842534278810149e+01 1.307347939344690180e-01
1.238187612769642953e+02 7.655394926743190354e+01 4.532060879867012915e+01 2.520283268900600859e+01 1.282046714747257887e+01 5.749943192990145668e+00 2.160057323543760344e+00 6.327383595637902092e-01 1.307347939344690180e-01 4.023059225198024613e+00
