3.611187776604281389e+05 1.100008226016428554e+06 6.865963313120135572e+05 4.219181308286580606e+05 2.499481785479945829e+05 1.378603511137083988e+05 6.693131489675487683e+04 2.614222663088342233e+04 7.123015167708806985e+03 1.081073095995326412e+03
1.100008226016428322e+06 1.993327703847305384e+05 4.299500075401863432e+05 2.642072135522182798e+05 1.565187816340517602e+05 8.632883150943589862e+04 4.191271935511843185e+04 1.637039119563515669e+04 4.460467213993219048e+03 6.769733023281451096e+02
6.865963313120135572e+05 4.299500075401862268e+05 1.070520353241742851e+05 1.649112245169824746e+05 9.769492510118841892e+04 5.388419613504455629e+04 2.616082195016654441e+04 1.021796953080032836e+04 2.784106839051514726e+03 4.225490089814484804e+02
4.219181308286580024e+05 2.642072135522182798e+05 1.649112245169824746e+05 5.507797954460782785e+04 6.003419813119809987e+04 3.311220622320997791e+04 1.607600360617083606e+04 6.279012002673107418e+03 1.710852650953197553e+03 2.596592494344939155e+02
2.499481785479945829e+05 1.565187816340517893e+05 9.769492510118841892e+04 6.003419813119809987e+04 2.650564907678496456e+04 1.961597530056831602e+04 9.523572290675465410e+03 3.719744420716746845e+03 1.013524834853373818e+03 1.538245258904215689e+02
1.378603511137083988e+05 8.632883150943589862e+04 5.388419613504455629e+04 3.311220622320998518e+04 1.961597530056831602e+04 1.149344500155753667e+04 5.252780906331743608e+03 2.051646364747564803e+03 5.590154343474029019e+02 8.484279930482168197e+01
6.693131489675487683e+04 4.191271935511843185e+04 2.616082195016654441e+04 1.607600360617083425e+04 9.523572290675465410e+03 5.252780906331743608e+03 4.237025800618119320e+03 9.960760130549754194e+02 2.714024573866889796e+02 4.119124948629649907e+01
2.614222663088342233e+04 1.637039119563515669e+04 1.021796953080032836e+04 6.279012002673107418e+03 3.719744420716746845e+03 2.051646364747565258e+03 9.960760130549754194e+02 1.211812023498065173e+03 1.060051570797020730e+02 1.608859740677577577e+01
7.123015167708806985e+03 4.460467213993219048e+03 2.784106839051514726e+03 1.710852650953197553e+03 1.013524834853373818e+03 5.590154343474029019e+02 2.714024573866890364e+02 1.060051570797021014e+02 2.329231287761986664e+02 4.383686400309955822e+00
1.081073095995326412e+03 6.769733023281451096e+02 4.225490089814484804e+02 2.596592494344939723e+02 1.538245258904215689e+02 8.484279930482166776e+01 4.119124948629649907e+01 1.608859740677577577e+01 4.383686400309955822e+00 2.400975348677013699e+01
