3.253909416016649920e+05 9.330226693825091934e+05 5.779240709861801006e+05 3.466767634271220886e+05 1.962887720302571834e+05 1.008026153212679492e+05 4.415609146317892737e+04 1.501619368485955420e+04 3.432765829690513783e+03 4.232169563070818867e+02
9.330226693825093098e+05 1.779335270788065391e+05 3.636554970659444225e+05 2.181444190586719196e+05 1.235136145814455813e+05 6.342948324967671942e+04 2.778497417858137123e+04 9.448856091402847596e+03 2.160048744771775546e+03 2.663069083624798168e+02
5.779240709861801006e+05 3.636554970659444225e+05 9.367589340477602673e+04 1.351209513577401522e+05 7.650563411108602304e+04 3.928889016647732205e+04 1.721030572618224323e+04 5.852721008504647216e+03 1.337956949034549098e+03 1.649533046334716744e+02
3.466767634271220886e+05 2.181444190586718905e+05 1.351209513577401522e+05 4.661451997360095265e+04 4.589309729271541437e+04 2.356805325363191150e+04 1.032387018689657634e+04 3.510845936920376062e+03 8.025943337238434196e+02 9.894981129503349848e+01
1.962887720302572125e+05 1.235136145814455813e+05 7.650563411108602304e+04 4.589309729271541437e+04 2.132822381164556646e+04 1.334425816881037645e+04 5.845386871484713083e+03 1.987844904668346771e+03 4.544298113542692477e+02 5.602549406461970705e+01
1.008026153212679492e+05 6.342948324967671942e+04 3.928889016647732205e+04 2.356805325363191514e+04 1.334425816881037463e+04 8.608026961789273628e+03 3.001854248288006602e+03 1.020842726616773234e+03 2.333689950304425622e+02 2.877146903496496577e+01
4.415609146317892737e+04 2.778497417858137123e+04 1.721030572618224323e+04 1.032387018689657816e+04 5.845386871484713083e+03 3.001854248288006602e+03 2.878141700035849226e+03 4.471751517790301591e+02 1.022261441966796696e+02 1.260320096050016936e+01
1.501619368485955783e+04 9.448856091402847596e+03 5.852721008504647216e+03 3.510845936920375607e+03 1.987844904668346771e+03 1.020842726616773007e+03 4.471751517790301591e+02 7.247895011927140558e+02 3.476411815556129881e+01 4.285979587434564309e+00
3.432765829690513783e+03 2.160048744771776455e+03 1.337956949034549098e+03 8.025943337238435333e+02 4.544298113542691908e+02 2.333689950304425622e+02 1.022261441966796838e+02 3.476411815556129881e+01 1.189297638071980003e+02 9.797931874927080509e-01
4.232169563070818867e+02 2.663069083624798736e+02 1.649533046334716744e+02 9.894981129503349848e+01 5.602549406461971415e+01 2.877146903496496222e+01 1.260320096050016936e+01 4.285979587434564309e+00 9.797931874927080509e-01 1.019460403688807482e+01
