2.985880028784380411e+05 9.479399924871114781e+05 5.957772290580953704e+05 3.623694014680770342e+05 2.087104337401721568e+05 1.102067214968100889e+05 5.082693496004836197e+04 1.905636420922556863e+04 5.221800067180192855e+03 8.924867931993342154e+02
9.479399924871114781e+05 1.669133409763857198e+05 3.813117775792095927e+05 2.319251456329710491e+05 1.335797049756537599e+05 7.053495639899288653e+04 3.253046268512059760e+04 1.219653212041118422e+04 3.342077824840056564e+03 5.712130457198487647e+02
5.957772290580953704e+05 3.813117775792095927e+05 8.991864294708703528e+04 1.457642062886015046e+05 8.395441390756062174e+04 4.433099268749007751e+04 2.044529091727546256e+04 7.665481115267354653e+03 2.100485137836177273e+03 3.590055576069954668e+02
3.623694014680769760e+05 2.319251456329709908e+05 1.457642062886015046e+05 4.593284996366163978e+04 5.106356744513877493e+04 2.696342609812136652e+04 1.243543302963561291e+04 4.662373229832549441e+03 1.277577431741798819e+03 2.183578402944879997e+02
2.087104337401721277e+05 1.335797049756537599e+05 8.395441390756063629e+04 5.106356744513877493e+04 2.173941750886707814e+04 1.552986630013722970e+04 7.162317267537706357e+03 2.685342457488487980e+03 7.358340379602277608e+02 1.257654740543666776e+02
1.102067214968100889e+05 7.053495639899287198e+04 4.433099268749007751e+04 2.696342609812136652e+04 1.552986630013722788e+04 9.217363733274656624e+03 3.781964754852562237e+03 1.417958762447011168e+03 3.885472107748642543e+02 6.640875745713186973e+01
5.082693496004836925e+04 3.253046268512059760e+04 2.044529091727546620e+04 1.243543302963561291e+04 7.162317267537707266e+03 3.781964754852561782e+03 3.331640052485402521e+03 6.539573704405223680e+02 1.791965457527365970e+02 3.062747489633803610e+01
1.905636420922556863e+04 1.219653212041118604e+04 7.665481115267354653e+03 4.662373229832548532e+03 2.685342457488488890e+03 1.417958762447011395e+03 6.539573704405223680e+02 9.546047518538608756e+02 6.718553152149493712e+01 1.148305159247350637e+01
5.221800067180193764e+03 3.342077824840056564e+03 2.100485137836177728e+03 1.277577431741799046e+03 7.358340379602277608e+02 3.885472107748642543e+02 1.791965457527365970e+02 6.718553152149493712e+01 1.947669578654739269e+02 3.146570821100432180e+00
8.924867931993341017e+02 5.712130457198487647e+02 3.590055576069954668e+02 2.183578402944880281e+02 1.257654740543666776e+02 6.640875745713188394e+01 3.062747489633803610e+01 1.148305159247350815e+01 3.146570821100432180e+00 2.413183031326229511e+01
