1.317127263648519292e+05 3.013936027427490917e+05 1.888833281475105614e+05 1.127195609922502044e+05 6.308360129111280548e+04 3.246643977910154717e+04 1.497283834642486909e+04 5.983839817244314872e+03 1.983201134992754078e+03 5.144741306530974043e+02
3.013936027427491499e+05 7.557156384867655288e+04 1.228547873953537492e+05 7.331582854250456148e+04 4.103126782423264376e+04 2.111704402746752385e+04 9.738736021839158639e+03 3.892050059501726537e+03 1.289927259284001593e+03 3.346277861666785043e+02
1.888833281475105323e+05 1.228547873953537346e+05 4.140922557469661115e+04 4.594701936265190307e+04 2.571428973350821252e+04 1.323404850085702492e+04 6.103264485428037005e+03 2.439147220994187137e+03 8.083972306795108125e+02 2.097111861917789497e+02
1.127195609922502044e+05 7.331582854250456148e+04 4.594701936265189579e+04 2.140858505046493883e+04 1.534547002329900351e+04 7.897659109446454750e+03 3.642234072028698392e+03 1.455605461013556351e+03 4.824257484407643233e+02 1.251489640432456696e+02
6.308360129111280548e+04 4.103126782423264376e+04 2.571428973350821252e+04 1.534547002329900170e+04 1.028160331041965401e+04 4.419931855729092604e+03 2.038379496745570577e+03 8.146308744589490516e+02 2.699899937447079878e+02 7.003972762316485046e+01
3.246643977910154717e+04 2.111704402746752021e+04 1.323404850085702310e+04 7.897659109446454750e+03 4.419931855729092604e+03 4.496431229758282825e+03 1.049067013036376238e+03 4.192557762478964491e+02 1.389523377465684462e+02 3.604646140172895485e+01
1.497283834642486909e+04 9.738736021839158639e+03 6.103264485428038824e+03 3.642234072028698392e+03 2.038379496745570805e+03 1.049067013036376011e+03 1.744304977441912342e+03 1.933519352992127267e+02 6.408189210436346173e+01 1.662386893053005466e+01
5.983839817244314872e+03 3.892050059501726992e+03 2.439147220994187592e+03 1.455605461013556351e+03 8.146308744589489379e+02 4.192557762478964491e+02 1.933519352992127551e+02 5.802898866383455925e+02 2.561009266689930541e+01 6.643668122344243976e+00
1.983201134992753850e+03 1.289927259284001593e+03 8.083972306795108125e+02 4.824257484407643801e+02 2.699899937447080447e+02 1.389523377465684462e+02 6.408189210436346173e+01 2.561009266689930186e+01 1.583805128802978857e+02 2.201885505487342076e+00
5.144741306530974043e+02 3.346277861666784474e+02 2.097111861917789497e+02 1.251489640432456696e+02 7.003972762316485046e+01 3.604646140172895485e+01 1.662386893053005466e+01 6.643668122344243976e+00 2.201885505487342520e+00 3.346182059419027155e+01
