7.444236222462141086e+03 1.229812204189141312e+03 6.772489039387802450e+02 3.528882846452256103e+02 1.725096602435693569e+02 7.837623578525187895e+01 3.273979175150698495e+01 1.240928880253797573e+01 4.206027024896389577e+00 1.252225594628593175e+00
1.229812204189141084e+03 3.520295223138340589e+03 3.915344756099501069e+02 2.040135150812335780e+02 9.973213536159840942e+01 4.531125587651648345e+01 1.892768983523376036e+01 7.174119228155046102e+00 2.431609082002957667e+00 7.239428350297983927e-01
6.772489039387802450e+02 3.915344756099501069e+02 1.625772639131501819e+03 1.123488033431594033e+02 5.492178328613220373e+01 2.495258891880441610e+01 1.042334524843743893e+01 3.950736842132432258e+00 1.339069965304079624e+00 3.986702114909727035e-01
3.528882846452256103e+02 2.040135150812335212e+02 1.123488033431594033e+02 7.264793496932659309e+02 2.861762312317006618e+01 1.300183174871601821e+01 5.431203215824691455e+00 2.058576601891163538e+00 6.977377155250645835e-01 2.077316718476608370e-01
1.725096602435693569e+02 9.973213536159840942e+01 5.492178328613220373e+01 2.861762312317006618e+01 3.099863654170232508e+02 6.355953640597570065e+00 2.655047113331181929e+00 1.006336468592683664e+00 3.410895217600179996e-01 1.015497586390431278e-01
7.837623578525186474e+01 4.531125587651648345e+01 2.495258891880441965e+01 1.300183174871601821e+01 6.355953640597570065e+00 1.244509470221329082e+02 1.206266352165946021e+00 4.572083918683508275e-01 1.549670478951541142e-01 4.613705583670787980e-02
3.273979175150697785e+01 1.892768983523376036e+01 1.042334524843743893e+01 5.431203215824691455e+00 2.655047113331181485e+00 1.206266352165945799e+00 4.627366789975743444e+01 1.909878343459295857e-01 6.473376560638366417e-02 1.927264795237462400e-02
1.240928880253797750e+01 7.174119228155046102e+00 3.950736842132431370e+00 2.058576601891163982e+00 1.006336468592683886e+00 4.572083918683508275e-01 1.909878343459295857e-01 1.566236489405724264e+01 2.453589194404205698e-02 7.304867918704785468e-03
4.206027024896389577e+00 2.431609082002958111e+00 1.339069965304079624e+00 6.977377155250644725e-01 3.410895217600180551e-01 1.549670478951541419e-01 6.473376560638366417e-02 2.453589194404205698e-02 4.742507167837141324e+00 2.475925282123108643e-03
1.252225594628593175e+00 7.239428350297983927e-01 3.986702114909727035e-01 2.077316718476608370e-01 1.015497586390431278e-01 4.613705583670787980e-02 1.927264795237462400e-02 7.304867918704785468e-03 2.475925282123108643e-03 1.259600137973072354e+00
