1.637250465843572281e+06 8.163228946697263746e+05 4.843275760607022676e+05 2.721025657286397181e+05 1.397268638521912217e+05 6.215091361336240516e+04 2.207388959823405094e+04 5.534312053794908024e+03 8.127665406227308722e+02 5.257852811410522520e+01
8.163228946697264910e+05 6.587835244686831720e+05 2.965074423794546747e+05 1.665823707278945076e+05 8.554139198409578239e+04 3.804905883520218049e+04 1.351373093676275312e+04 3.388129839203803385e+03 4.975792007792652498e+02 3.218880292134276289e+01
4.843275760607022676e+05 2.965074423794546747e+05 2.548048985816605273e+05 9.883397410007553117e+04 5.075204346593459195e+04 2.257465588356471926e+04 8.017749582763912258e+03 2.010190726139597245e+03 2.952156919586887511e+02 1.909774305851984622e+01
2.721025657286397181e+05 1.665823707278945076e+05 9.883397410007553117e+04 9.170179894430105924e+04 2.851326648665039829e+04 1.268278349195053488e+04 4.504493117208668082e+03 1.129355587462869153e+03 1.658566457823311850e+02 1.072940122079332248e+01
1.397268638521912217e+05 8.554139198409578239e+04 5.075204346593459195e+04 2.851326648665039829e+04 2.942223100734741456e+04 6.512711695684199185e+03 2.313093574939053269e+03 5.799332100657460387e+02 8.516872636666094820e+01 5.509634132183886202e+00
6.215091361336240516e+04 3.804905883520217321e+04 2.257465588356471926e+04 1.268278349195053488e+04 6.512711695684199185e+03 7.989153979446567064e+03 1.028870719575706062e+03 2.579559710038600997e+02 3.788329608953314676e+01 2.450701214856069843e+00
2.207388959823405094e+04 1.351373093676275130e+04 8.017749582763912258e+03 4.504493117208668082e+03 2.313093574939053724e+03 1.028870719575706289e+03 1.727609784928602949e+03 9.161718298410089290e+01 1.345485765019835789e+01 8.704056772443041767e-01
5.534312053794907115e+03 3.388129839203803385e+03 2.010190726139597245e+03 1.129355587462868925e+03 5.799332100657460387e+02 2.579559710038600997e+02 9.161718298410090711e+01 2.728485832639552768e+02 3.373369271609684361e+00 2.182259999909598458e-01
8.127665406227308722e+02 4.975792007792653067e+02 2.952156919586887511e+02 1.658566457823311850e+02 8.516872636666094820e+01 3.788329608953314676e+01 1.345485765019835789e+01 3.373369271609684361e+00 2.655571872220148322e+01 3.204857069181112073e-02
5.257852811410522520e+01 3.218880292134276999e+01 1.909774305851984622e+01 1.072940122079332248e+01 5.509634132183886202e+00 2.450701214856069843e+00 8.704056772443041767e-01 2.182259999909598458e-01 3.204857069181112073e-02 1.163196502809327404e+00
