3.172369480864509824e+05 9.903506819914852967e+05 6.083496061471961439e+05 3.605771073434618302e+05 2.007687525363641907e+05 1.007356992364478647e+05 4.274210259079046955e+04 1.391710368865162854e+04 2.997708189718398899e+03 3.405598840026542007e+02
9.903506819914851803e+05 1.720294956999873684e+05 3.806689020794948447e+05 2.256276492668990686e+05 1.256291116614866623e+05 6.303439279168430949e+04 2.674545869907000815e+04 8.708493484260836340e+03 1.875787004386921808e+03 2.131020647102098735e+02
6.083496061471961439e+05 3.806689020794948447e+05 8.960077652271300030e+04 1.385978664561730402e+05 7.717106878363783471e+04 3.872057517185464530e+04 1.642911906021712639e+04 5.349426902632307247e+03 1.152252738434145840e+03 1.309036884539906112e+02
3.605771073434617720e+05 2.256276492668990686e+05 1.385978664561730402e+05 4.396963715666860662e+04 4.574034481395661714e+04 2.295021291879365162e+04 9.737762903229468066e+03 3.170678272831395589e+03 6.829559108034308110e+02 7.758840121926360212e+01
2.007687525363641907e+05 1.256291116614866623e+05 7.717106878363783471e+04 4.574034481395661714e+04 1.975613427446344576e+04 1.277864158403483088e+04 5.421970698528080902e+03 1.765428554853195010e+03 3.802687510018029116e+02 4.320109681628941445e+01
1.007356992364478647e+05 6.303439279168430221e+04 3.872057517185464530e+04 2.295021291879365526e+04 1.277864158403482907e+04 7.783826366184501239e+03 2.720473194437118309e+03 8.858035808780388152e+02 1.907998034853507079e+02 2.167614551862177663e+01
4.274210259079046955e+04 2.674545869907000451e+04 1.642911906021712639e+04 9.737762903229468066e+03 5.421970698528080902e+03 2.720473194437117854e+03 2.520168657665886258e+03 3.758459792919163647e+02 8.095625321199774760e+01 9.197176795836620400e+00
1.391710368865162854e+04 8.708493484260836340e+03 5.349426902632307247e+03 3.170678272831395589e+03 1.765428554853195010e+03 8.858035808780388152e+02 3.758459792919164215e+02 6.077824052101582311e+02 2.635987707443459982e+01 2.994659957091077018e+00
2.997708189718398444e+03 1.875787004386922035e+03 1.152252738434145840e+03 6.829559108034308110e+02 3.802687510018029116e+02 1.907998034853507079e+02 8.095625321199774760e+01 2.635987707443460337e+01 9.402925348486795087e+01 6.450420202095530353e-01
3.405598840026542575e+02 2.131020647102098735e+02 1.309036884539906112e+02 7.758840121926361633e+01 4.320109681628940734e+01 2.167614551862177663e+01 9.197176795836620400e+00 2.994659957091077906e+00 6.450420202095530353e-01 7.434551723409932755e+00
