3.135021760637222324e+05 1.166821119253767654e+06 7.366356155909028603e+05 4.522022111452317331e+05 2.645997495886925608e+05 1.432299184679662576e+05 6.859068211692511977e+04 2.718780094296615425e+04 8.078295211492989438e+03 1.552398577410671123e+03
1.166821119253767654e+06 1.761027009972703527e+05 4.720130811681931955e+05 2.897570446991114295e+05 1.695472502772013540e+05 9.177725553943301202e+04 4.395076550767542358e+04 1.742109317234517221e+04 5.176319109013436901e+03 9.947284929156497810e+02
7.366356155909028603e+05 4.720130811681931955e+05 9.564141911861571134e+04 1.829289472667739901e+05 1.070382949183903547e+05 5.794066803896302736e+04 2.774692596080499425e+04 1.099825627212182735e+04 3.267905380219448944e+03 6.279903779881508399e+02
4.522022111452318495e+05 2.897570446991114295e+05 1.829289472667739901e+05 4.948278270438028267e+04 6.570813658050513186e+04 3.556832937195618433e+04 1.703314502638338672e+04 6.751554906839374780e+03 2.006085515649731633e+03 3.855076125750097162e+02
2.645997495886925026e+05 1.695472502772013540e+05 1.070382949183903693e+05 6.570813658050514641e+04 2.387162851721832340e+04 2.081230655921126527e+04 9.966704712201079019e+03 3.950577183511952626e+03 1.173832661609751085e+03 2.255743453654226585e+02
1.432299184679662576e+05 9.177725553943301202e+04 5.794066803896302736e+04 3.556832937195618433e+04 2.081230655921126527e+04 1.040781647492487900e+04 5.395055382863673003e+03 2.138478395294768234e+03 6.354048205969478431e+02 1.221051612685843963e+02
6.859068211692511977e+04 4.395076550767543085e+04 2.774692596080499425e+04 1.703314502638338672e+04 9.966704712201079019e+03 5.395055382863672094e+03 3.917275546411464802e+03 1.024085563927629210e+03 3.042859378215348443e+02 5.847434943058004819e+01
2.718780094296615425e+04 1.742109317234517221e+04 1.099825627212182735e+04 6.751554906839374780e+03 3.950577183511952626e+03 2.138478395294768234e+03 1.024085563927629210e+03 1.189652840486002106e+03 1.206120897461419190e+02 2.317791460184017538e+01
8.078295211492988528e+03 5.176319109013436901e+03 3.267905380219448944e+03 2.006085515649731633e+03 1.173832661609751085e+03 6.354048205969478431e+02 3.042859378215348443e+02 1.206120897461419474e+02 2.637955333949579426e+02 6.886840054965163382e+00
1.552398577410671123e+03 9.947284929156498947e+02 6.279903779881507262e+02 3.855076125750097162e+02 2.255743453654226585e+02 1.221051612685843963e+02 5.847434943058004819e+01 2.317791460184017538e+01 6.886840054965164271e+00 3.682284496804350482e+01
