1.114927322397835786e+06 5.756254876816481119e+05 3.557003238425978925e+05 2.087686742917447991e+05 1.138767018202022446e+05 5.602066070005270012e+04 2.385522820964402490e+04 8.303931362666800851e+03 2.183647911485514669e+03 3.884648992146597379e+02
5.756254876816481119e+05 4.890448234995390521e+05 2.278193200292432448e+05 1.337123815540816286e+05 7.293587055414551287e+04 3.588017207969304582e+04 1.527882182156359886e+04 5.318510751340789284e+03 1.398585126388716162e+03 2.488044099545847416e+02
3.557003238425978925e+05 2.278193200292432448e+05 2.045704850245993875e+05 8.262583648286253447e+04 4.506977771317766019e+04 2.217168819205128602e+04 9.441350298354400365e+03 3.286504918730288409e+03 8.642375868058138622e+02 1.537454666066792583e+02
2.087686742917447991e+05 1.337123815540816577e+05 8.262583648286254902e+04 8.015658709681648179e+04 2.645248573899921757e+04 1.301307207331293648e+04 5.541344927714028017e+03 1.928925078067226650e+03 5.072408518536721544e+02 9.023673887923024495e+01
1.138767018202022446e+05 7.293587055414552742e+04 4.506977771317766019e+04 2.645248573899921757e+04 2.881989150201325538e+04 7.098218797838366299e+03 3.022628208743351024e+03 1.052167556716902027e+03 2.766838244939226001e+02 4.922128399501881546e+01
5.602066070005270012e+04 3.588017207969304582e+04 2.217168819205128602e+04 1.301307207331293648e+04 7.098218797838366299e+03 9.301558263792816433e+03 1.486955861891492077e+03 5.176047492796657252e+02 1.361122196675457019e+02 2.421398587974126926e+01
2.385522820964403218e+04 1.527882182156359704e+04 9.441350298354400365e+03 5.541344927714028017e+03 3.022628208743350115e+03 1.486955861891492532e+03 2.631525983891938267e+03 2.204111708459445254e+02 5.796054565788879387e+01 1.031102010951082093e+01
8.303931362666800851e+03 5.318510751340790193e+03 3.286504918730289319e+03 1.928925078067226650e+03 1.052167556716902254e+03 5.176047492796657252e+02 2.204111708459444685e+02 6.295232729759081849e+02 2.017588717475554461e+01 3.589234297655568451e+00
2.183647911485515124e+03 1.398585126388716162e+03 8.642375868058137485e+02 5.072408518536721544e+02 2.766838244939226001e+02 1.361122196675457019e+02 5.796054565788878676e+01 2.017588717475554461e+01 1.189017610877661184e+02 9.438449856587824982e-01
3.884648992146597379e+02 2.488044099545847416e+02 1.537454666066792583e+02 9.023673887923024495e+01 4.922128399501882257e+01 2.421398587974126571e+01 1.031102010951082093e+01 3.589234297655568451e+00 9.438449856587824982e-01 1.568874758209897990e+01
