2.432815556011446752e+06 1.289828704959294759e+06 8.006334488725232659e+05 4.876030087375346338e+05 2.850809903113841428e+05 1.543825018315144407e+05 7.314500216693380207e+04 2.770219564022570557e+04 7.273243112896175262e+03 1.059238239269822316e+03
1.289828704959294759e+06 1.006545981643758947e+06 4.998286054997679312e+05 3.044063825187222683e+05 1.779736208154844935e+05 9.637967376041691750e+04 4.566379843842509581e+04 1.729424349636482293e+04 4.540623387268086844e+03 6.612733614512801523e+02
8.006334488725232659e+05 4.998286054997679312e+05 4.175586353987856419e+05 1.889537199456764793e+05 1.104733002870554919e+05 5.982561118954664562e+04 2.834482151917204101e+04 1.073502997948300617e+04 2.818494385031083766e+03 4.104712276836584692e+02
4.876030087375346338e+05 3.044063825187222683e+05 1.889537199456764502e+05 1.697150356748937920e+05 6.728061846652888926e+04 3.643508531483986008e+04 1.726260659524017319e+04 6.537864392569206757e+03 1.716523765259051515e+03 2.499858154822218239e+02
2.850809903113841428e+05 1.779736208154845226e+05 1.104733002870554919e+05 6.728061846652888926e+04 6.527400631556076405e+04 2.130206339482489784e+04 1.009272070791485021e+04 3.822414591699981429e+03 1.003579317855442582e+03 1.461562020012713106e+02
1.543825018315144407e+05 9.637967376041693205e+04 5.982561118954663107e+04 3.643508531483986008e+04 2.130206339482489420e+04 2.258581558014337497e+04 5.465602850168035729e+03 2.069986943216973486e+03 5.434774367370395112e+02 7.914929753296638637e+01
7.314500216693380207e+04 4.566379843842509581e+04 2.834482151917204101e+04 1.726260659524016955e+04 1.009272070791485021e+04 5.465602850168035729e+03 6.572246704611887253e+03 9.807406775436949147e+02 2.574945853073070339e+02 3.750020546938899457e+01
2.770219564022570557e+04 1.729424349636482293e+04 1.073502997948300435e+04 6.537864392569207666e+03 3.822414591699981429e+03 2.069986943216973486e+03 9.807406775436949147e+02 1.479450195854794401e+03 9.752088546258126200e+01 1.420244716229289139e+01
7.273243112896175262e+03 4.540623387268086844e+03 2.818494385031083766e+03 1.716523765259051970e+03 1.003579317855442582e+03 5.434774367370395112e+02 2.574945853073069770e+02 9.752088546258124779e+01 2.317425414299381998e+02 3.728868727626131641e+00
1.059238239269822316e+03 6.612733614512801523e+02 4.104712276836585261e+02 2.499858154822218239e+02 1.461562020012713106e+02 7.914929753296640058e+01 3.750020546938900168e+01 1.420244716229289139e+01 3.728868727626131641e+00 2.104885226121867348e+01
