8.624136073697967222e+05 4.383799957454762189e+05 2.784846945990090026e+05 1.687285137685904338e+05 9.579536877418959921e+04 4.977491773048345931e+04 2.293103648574228282e+04 8.975686308612912399e+03 2.818156415816712069e+03 6.564652026301172327e+02
4.383799957454762189e+05 4.006814452556911856e+05 1.830410131435613439e+05 1.109010251025839534e+05 6.296389602357394324e+04 3.271580645982663555e+04 1.507199581228681927e+04 5.899493751184220855e+03 1.852303611481685039e+03 4.314781318805644901e+02
2.784846945990090026e+05 1.830410131435613730e+05 1.782111770872089546e+05 7.045083809969636786e+04 3.999836106816626852e+04 2.078299981510761063e+04 9.574616067151033349e+03 3.747704574871112527e+03 1.176691935203207777e+03 2.741002257153061237e+02
1.687285137685904047e+05 1.109010251025839680e+05 7.045083809969636786e+04 7.480939740589914436e+04 2.423423673580643663e+04 1.259201937652366360e+04 5.801075499827517888e+03 2.270662033589546809e+03 7.129349843667503137e+02 1.660720485022422963e+02
9.579536877418961376e+04 6.296389602357395052e+04 3.999836106816626852e+04 2.423423673580644027e+04 2.918372806276412302e+04 7.149100723071596803e+03 3.293552194474095359e+03 1.289165073590271504e+03 4.047678025132202606e+02 9.428716447521348698e+01
4.977491773048345931e+04 3.271580645982663555e+04 2.078299981510761063e+04 1.259201937652366360e+04 7.149100723071597713e+03 1.040771258090480114e+04 1.711317484537635664e+03 6.698453829247889644e+02 2.103158464532415621e+02 4.899126037978984982e+01
2.293103648574228282e+04 1.507199581228682109e+04 9.574616067151033349e+03 5.801075499827517888e+03 3.293552194474094904e+03 1.711317484537635437e+03 3.330082930448593288e+03 3.085941597899885664e+02 9.689137759429121388e+01 2.257000976544959059e+01
8.975686308612912399e+03 5.899493751184220855e+03 3.747704574871112527e+03 2.270662033589546809e+03 1.289165073590271504e+03 6.698453829247889644e+02 3.085941597899885664e+02 9.299397444887725896e+02 3.792530755582950519e+01 8.834372914759592632e+00
2.818156415816711615e+03 1.852303611481685039e+03 1.176691935203208004e+03 7.129349843667504274e+02 4.047678025132202606e+02 2.103158464532415337e+02 9.689137759429121388e+01 3.792530755582949809e+01 2.157069007004304240e+02 2.773787301986783582e+00
6.564652026301172327e+02 4.314781318805645469e+02 2.741002257153061237e+02 1.660720485022422963e+02 9.428716447521348698e+01 4.899126037978984982e+01 2.257000976544958348e+01 8.834372914759592632e+00 2.773787301986783582e+00 3.819348331293960541e+01
