9.432554955722434679e+05 4.893623801584847970e+05 3.094204959524994483e+05 1.867004526153627667e+05 1.055830057097814861e+05 5.464221374369283876e+04 2.505147068941436373e+04 9.737626046241790391e+03 3.023631678685351744e+03 6.915992145799865511e+02
4.893623801584847970e+05 4.315718389747637557e+05 2.023152655398293864e+05 1.220744977833726152e+05 6.903567836032102059e+04 3.572793052770631766e+04 1.637995870018312235e+04 6.366968009693196109e+03 1.977008161934353211e+03 4.522036535238678994e+02
3.094204959524995065e+05 2.023152655398293864e+05 1.890321398171630572e+05 7.718687250754851266e+04 4.365078866452664079e+04 2.259052683955615794e+04 1.035693618919113396e+04 4.025790455398186623e+03 1.250048779331491005e+03 2.859252864913167969e+02
1.867004526153627376e+05 1.220744977833726152e+05 7.718687250754851266e+04 7.812214499384627561e+04 2.633833927386554205e+04 1.363084101064884271e+04 6.249245604361183723e+03 2.429111548812309138e+03 7.542637800189521613e+02 1.725237374394909864e+02
1.055830057097814861e+05 6.903567836032102059e+04 4.365078866452663351e+04 2.633833927386554205e+04 2.996936372721140651e+04 7.708525309370546893e+03 3.534078922060420155e+03 1.373713319572542559e+03 4.265519224877838269e+02 9.756577715788431249e+01
5.464221374369283876e+04 3.572793052770631039e+04 2.259052683955615430e+04 1.363084101064884271e+04 7.708525309370546893e+03 1.049564771936511534e+04 1.828986535741469879e+03 7.109357829513531897e+02 2.207527732770473676e+02 5.049306953985229995e+01
2.505147068941436009e+04 1.637995870018312053e+04 1.035693618919113396e+04 6.249245604361183723e+03 3.534078922060420155e+03 1.828986535741469879e+03 3.292884407195739186e+03 3.259382391094544573e+02 1.012071299910541313e+02 2.314923874661240433e+01
9.737626046241790391e+03 6.366968009693195199e+03 4.025790455398186623e+03 2.429111548812308683e+03 1.373713319572542559e+03 7.109357829513531897e+02 3.259382391094544573e+02 9.008347488635681657e+02 3.933969375629125409e+01 8.998219424496081587e+00
3.023631678685352199e+03 1.977008161934353438e+03 1.250048779331491005e+03 7.542637800189521613e+02 4.265519224877838269e+02 2.207527732770473108e+02 1.012071299910541455e+02 3.933969375629124698e+01 2.044958917112654433e+02 2.794038421116901816e+00
6.915992145799865511e+02 4.522036535238678994e+02 2.859252864913167400e+02 1.725237374394909864e+02 9.756577715788429828e+01 5.049306953985229995e+01 2.314923874661240433e+01 8.998219424496081587e+00 2.794038421116901372e+00 3.530445330754231748e+01
