2.672881228857596288e+05 7.078249965533900540e+05 4.484648539391838713e+05 2.721452991148224100e+05 1.548062957089479023e+05 8.009915719860493846e+04 3.612034210642184189e+04 1.336112521680722966e+04 3.721693731935374217e+03 6.909886478033856747e+02
7.078249965533899376e+05 1.514114319274769223e+05 2.921974633606204879e+05 1.773163835881153354e+05 1.008641067880491173e+05 5.218863941103812977e+04 2.353422402337360472e+04 8.705446729442317519e+03 2.424871109351433915e+03 4.502139427998850465e+02
4.484648539391837548e+05 2.921974633606205462e+05 8.212520954639246338e+04 1.123443880253957177e+05 6.390563647605904407e+04 3.306575871821527107e+04 1.491084998496261142e+04 5.515610376865541184e+03 1.536353580576907007e+03 2.852472448447999227e+02
2.721452991148224100e+05 1.773163835881153354e+05 1.123443880253957323e+05 4.197255918727067910e+04 3.878033785956093197e+04 2.006554296905405135e+04 9.048463204129231599e+03 3.347079314305525713e+03 9.323169944303610919e+02 1.730987302306955371e+02
1.548062957089479023e+05 1.008641067880491173e+05 6.390563647605904407e+04 3.878033785956092470e+04 1.976643446887685786e+04 1.141402180574648446e+04 5.147100005203329601e+03 1.903942312349361828e+03 5.303363343173879230e+02 9.846494981208721242e+01
8.009915719860493846e+04 5.218863941103812977e+04 3.306575871821527107e+04 2.006554296905405135e+04 1.141402180574648082e+04 8.317544448008311520e+03 2.663188667784212157e+03 9.851290212425907384e+02 2.744041721047719875e+02 5.094727871003019004e+01
3.612034210642184189e+04 2.353422402337360472e+04 1.491084998496261142e+04 9.048463204129231599e+03 5.147100005203328692e+03 2.663188667784212157e+03 2.994461977051510530e+03 4.442393467139580707e+02 1.237412841595597683e+02 2.297443819333424386e+01
1.336112521680723148e+04 8.705446729442317519e+03 5.515610376865541184e+03 3.347079314305525713e+03 1.903942312349362282e+03 9.851290212425908521e+02 4.442393467139581844e+02 8.676290775823410968e+02 4.577262273079242760e+01 8.498378685963832169e+00
3.721693731935374217e+03 2.424871109351433915e+03 1.536353580576907007e+03 9.323169944303610919e+02 5.303363343173880367e+02 2.744041721047719307e+02 1.237412841595597683e+02 4.577262273079242760e+01 1.856312911871043241e+02 2.367193045042255140e+00
6.909886478033855610e+02 4.502139427998850465e+02 2.852472448447999227e+02 1.730987302306955371e+02 9.846494981208721242e+01 5.094727871003019004e+01 2.297443819333423676e+01 8.498378685963832169e+00 2.367193045042254695e+00 2.594590249180309982e+01
