7.997893944461883802e+04 1.171748156547509570e+05 6.374090867503407935e+04 3.186293572373767893e+04 1.426532644537226952e+04 5.534313457563929660e+03 1.781170599162858935e+03 4.490209710633960754e+02 8.222547882786896878e+01 9.889732425818355210e+00
1.171748156547509861e+05 4.032505315540180891e+04 3.700929551236529369e+04 1.850028229285638008e+04 8.282744833286764333e+03 3.213337344361824762e+03 1.034184645820312198e+03 2.607109022253920330e+02 4.774182087834367394e+01 5.742184061908294446e+00
6.374090867503407935e+04 3.700929551236529369e+04 1.887476388707037404e+04 1.006380763222899805e+04 4.505658311020655674e+03 1.747995429432015044e+03 5.625771092022383755e+02 1.418218558013209076e+02 2.597065783788116278e+01 3.123640757104042098e+00
3.186293572373767893e+04 1.850028229285638008e+04 1.006380763222899805e+04 8.041518674295396522e+03 2.252297686703771433e+03 8.737915284096749247e+02 2.812221953336859883e+02 7.089419918151591560e+01 1.298226552762818997e+01 1.561451926816293634e+00
1.426532644537226952e+04 8.282744833286762514e+03 4.505658311020655674e+03 2.252297686703771433e+03 3.038338928356501128e+03 3.912044234103170766e+02 1.259057374656964754e+02 3.173997848710892100e+01 5.812278484249938870e+00 6.990762451369324504e-01
5.534313457563929660e+03 3.213337344361824762e+03 1.747995429432015044e+03 8.737915284096746973e+02 3.912044234103170766e+02 9.846397728884414846e+02 4.884583748638716827e+01 1.231370279233820142e+01 2.254906058944680325e+00 2.712105528142102484e-01
1.781170599162858707e+03 1.034184645820312426e+03 5.625771092022383755e+02 2.812221953336859315e+02 1.259057374656964754e+02 4.884583748638716827e+01 2.619183883586681532e+02 3.963058028555666024e+00 7.257218816504054093e-01 8.728675499851677733e-02
4.490209710633960185e+02 2.607109022253919761e+02 1.418218558013209076e+02 7.089419918151591560e+01 3.173997848710891745e+01 1.231370279233820142e+01 3.963058028555666024e+00 5.397482648611011768e+01 1.829495412588635073e-01 2.200439615881125133e-02
8.222547882786896878e+01 4.774182087834365973e+01 2.597065783788116278e+01 1.298226552762818997e+01 5.812278484249938870e+00 2.254906058944680325e+00 7.257218816504054093e-01 1.829495412588635350e-01 7.987894974398126458e+00 4.029482200333406143e-03
9.889732425818356987e+00 5.742184061908294446e+00 3.123640757104041654e+00 1.561451926816293634e+00 6.990762451369324504e-01 2.712105528142102484e-01 8.728675499851676345e-02 2.200439615881125133e-02 4.029482200333405276e-03 7.672934142063377871e-01
