9.099603618531778920e+04 2.997085173382684297e+04 1.624934752553039289e+04 8.148957900298893946e+03 3.711945120059450801e+03 1.501495615849554497e+03 5.243747241916081521e+02 1.526382396300584787e+02 3.543266029033237885e+01 6.204515363753980495e+00
2.997085173382684297e+04 3.725277952563318831e+04 9.385725545154913561e+03 4.706889443472024141e+03 2.144042896541959180e+03 8.672733311584017883e+02 3.028821456582203382e+02 8.816480924002856057e+01 2.046612790435188245e+01 3.583767179168079853e+00
1.624934752553039289e+04 9.385725545154913561e+03 1.457554014501798702e+04 2.551942234090834972e+03 1.162439374261540706e+03 4.702110531517366212e+02 1.642141267051109992e+02 4.780046418388497642e+01 1.109615528358243886e+01 1.943017130846693030e+00
8.148957900298892127e+03 4.706889443472024141e+03 2.551942234090834972e+03 5.428538588180850638e+03 5.829569161237992603e+02 2.358082421690120327e+02 8.235247618723194307e+01 2.397166837851290566e+01 5.564660495999882883e+00 9.744123432619135050e-01
3.711945120059449891e+03 2.144042896541959635e+03 1.162439374261540706e+03 5.829569161237992603e+02 1.903001821837295438e+03 1.074133974550237980e+02 3.751251090606265848e+01 1.091937380778966649e+01 2.534767589381796249e+00 4.438561576522672136e-01
1.501495615849554497e+03 8.672733311584016747e+02 4.702110531517366212e+02 2.358082421690120327e+02 1.074133974550237838e+02 6.136029657756184861e+02 1.517395027221188819e+01 4.416927344000186828e+00 1.025322923576347467e+00 1.795414676745097637e-01
5.243747241916081521e+02 3.028821456582203382e+02 1.642141267051109992e+02 8.235247618723195728e+01 3.751251090606265848e+01 1.517395027221189174e+01 1.755438257112853648e+02 1.542545335021836772e+00 3.580785848338778332e-01 6.270215283945977658e-02
1.526382396300585071e+02 8.816480924002857478e+01 4.780046418388496932e+01 2.397166837851290566e+01 1.091937380778966471e+01 4.416927344000186828e+00 1.542545335021836550e+00 4.252515407345748599e+01 1.042317303194309625e-01 1.825173065918569634e-02
3.543266029033237885e+01 2.046612790435188245e+01 1.109615528358244063e+01 5.564660495999883771e+00 2.534767589381796249e+00 1.025322923576347467e+00 3.580785848338778332e-01 1.042317303194309625e-01 8.258061774673821631e+00 4.236863408048747136e-03
6.204515363753981383e+00 3.583767179168079853e+00 1.943017130846692586e+00 9.744123432619135050e-01 4.438561576522672136e-01 1.795414676745097637e-01 6.270215283945977658e-02 1.825173065918569634e-02 4.236863408048747136e-03 1.207237706381451892e+00
