1.843737699693386676e+06 9.282075813078127103e+05 5.564600264414353296e+05 3.188992118036513566e+05 1.689060062645010767e+05 7.844830480826695566e+04 2.945268936680910701e+04 7.883881363269542817e+03 1.239762658600321856e+03 8.484398290983162383e+01
9.282075813078128267e+05 7.445279766838694923e+05 3.415604209747218993e+05 1.957433487697715173e+05 1.036761022598516574e+05 4.815231057371375937e+04 1.807833896586961419e+04 4.839200857919155169e+03 7.609780315906175474e+02 5.207803821089767382e+01
5.564600264414353296e+05 3.415604209747219575e+05 2.926321837287763483e+05 1.173480493217830372e+05 6.215377655456822686e+04 2.886728847582989692e+04 1.083795605805225023e+04 2.901098732202785413e+03 4.562059867940686217e+02 3.122076042411040930e+01
3.188992118036513566e+05 1.957433487697715464e+05 1.173480493217830517e+05 1.083867055663201609e+05 3.561943250555862323e+04 1.654342648962879684e+04 6.211076232336017711e+03 1.662577822490558901e+03 2.614450682811929028e+02 1.789216730414559109e+01
1.689060062645010767e+05 1.036761022598516429e+05 6.215377655456822686e+04 3.561943250555861596e+04 3.617269877565016213e+04 8.762279726216496783e+03 3.289716757450541081e+03 8.805897591045584250e+02 1.384752320056391568e+02 9.476644691803889131e+00
7.844830480826695566e+04 4.815231057371375209e+04 2.886728847582989692e+04 1.654342648962879684e+04 8.762279726216496783e+03 1.026783758253874475e+04 1.527907198973200366e+03 4.089894454380421962e+02 6.431474788269248677e+01 4.401422588715380613e+00
2.945268936680910701e+04 1.807833896586961419e+04 1.083795605805224841e+04 6.211076232336018620e+03 3.289716757450541081e+03 1.527907198973200366e+03 2.313234967660313487e+03 1.535512987849901378e+02 2.414637633946640349e+01 1.652473340173820748e+00
7.883881363269541907e+03 4.839200857919155169e+03 2.901098732202784959e+03 1.662577822490559129e+03 8.805897591045585386e+02 4.089894454380421962e+02 1.535512987849901663e+02 3.782042918394111553e+02 6.463490109250965787e+00 4.423332486770321093e-01
1.239762658600321856e+03 7.609780315906174337e+02 4.562059867940686217e+02 2.614450682811929596e+02 1.384752320056391852e+02 6.431474788269247256e+01 2.414637633946640349e+01 6.463490109250965787e+00 3.814706186313436120e+01 6.955815531700637599e-02
8.484398290983163804e+01 5.207803821089767382e+01 3.122076042411040930e+01 1.789216730414559109e+01 9.476644691803889131e+00 4.401422588715381501e+00 1.652473340173820748e+00 4.423332486770321093e-01 6.955815531700637599e-02 1.725626334638532766e+00
