7.312895536995789735e+04 1.169869680820116773e+05 6.928771913804687210e+04 3.863663154060092347e+04 1.996730265257859719e+04 9.378543818927584653e+03 3.905497645097374971e+03 1.397244774143604445e+03 4.125880951107185979e+02 9.553517975212614033e+01
1.169869680820116773e+05 4.019757942291026120e+04 4.305749538105184183e+04 2.400997759479315573e+04 1.240828897863619750e+04 5.828112285813800554e+03 2.426994984196982841e+03 8.682903861941583727e+02 2.563947871355420034e+02 5.936846546657856294e+01
6.928771913804685755e+04 4.305749538105184183e+04 2.091395892550482313e+04 1.422035814222136469e+04 7.349041143905534227e+03 3.451808468797808928e+03 1.437433156628204415e+03 5.142612155459199812e+02 1.518546064639686506e+02 3.516208367774287069e+01
3.863663154060091620e+04 2.400997759479315573e+04 1.422035814222136469e+04 1.017185231982367259e+04 4.098016190835724956e+03 1.924818043035183109e+03 8.015500571787526951e+02 2.867654087599881336e+02 8.467807211263180989e+01 1.960729099120731433e+01
1.996730265257859719e+04 1.240828897863619750e+04 7.349041143905533318e+03 4.098016190835724956e+03 4.551408417883851143e+03 9.947405579609128381e+02 4.142388180517589831e+02 1.481995577431241315e+02 4.376138981300795905e+01 1.013299290874271641e+01
9.378543818927586472e+03 5.828112285813800554e+03 3.451808468797808928e+03 1.924818043035183109e+03 9.947405579609128381e+02 1.836939795710575254e+03 1.945659348283322743e+02 6.960860314600810739e+01 2.055450949382312231e+01 4.759416915997587871e+00
3.905497645097374061e+03 2.426994984196982841e+03 1.437433156628204188e+03 8.015500571787526951e+02 4.142388180517589831e+02 1.945659348283322458e+02 6.521899038886000426e+02 2.898704115628245148e+01 8.559493880302319724e+00 1.981959237632550108e+00
1.397244774143604445e+03 8.682903861941583727e+02 5.142612155459199812e+02 2.867654087599881336e+02 1.481995577431241315e+02 6.960860314600810739e+01 2.898704115628245148e+01 1.973362550784136715e+02 3.062275074875481451e+00 7.090728094085632094e-01
4.125880951107185979e+02 2.563947871355420034e+02 1.518546064639686506e+02 8.467807211263180989e+01 4.376138981300795194e+01 2.055450949382312231e+01 8.559493880302319724e+00 3.062275074875481451e+00 4.887368125828721332e+01 2.093799204996108776e-01
9.553517975212614033e+01 5.936846546657856294e+01 3.516208367774287069e+01 1.960729099120731789e+01 1.013299290874271641e+01 4.759416915997587871e+00 1.981959237632550552e+00 7.090728094085630984e-01 2.093799204996108776e-01 9.410588814039636318e+00
