1.348510129876696505e+06 7.131002954834295670e+05 4.401911738334532711e+05 2.589338817864663433e+05 1.419406556133795239e+05 7.030124746301324922e+04 3.012220995334184408e+04 1.050625541276843069e+04 2.736908746723056083e+03 4.716609003909297257e+02
7.131002954834295670e+05 5.823623292328101816e+05 2.807052116915597580e+05 1.651193718129556219e+05 9.051404060333863890e+04 4.483035491018776520e+04 1.920861167645665410e+04 6.699726902844662618e+03 1.745297486178245435e+03 3.007731203192192879e+02
4.401911738334531547e+05 2.807052116915597580e+05 2.407639825573346170e+05 1.019268826017143729e+05 5.587360155920498073e+04 2.767342360713468952e+04 1.185732410310985688e+04 4.135688441592137679e+03 1.077358337943963306e+03 1.856648689243799879e+02
2.589338817864663433e+05 1.651193718129556219e+05 1.019268826017143583e+05 9.344337857869599247e+04 3.286655753481581633e+04 1.627835227706707519e+04 6.974839888043969040e+03 2.432738150370180847e+03 6.337350521807431960e+02 1.092137418460697518e+02
1.419406556133795239e+05 9.051404060333863890e+04 5.587360155920496618e+04 3.286655753481581633e+04 3.325336531475264928e+04 8.923359038883476387e+03 3.823421406564864355e+03 1.333562242286948504e+03 3.473966719654512190e+02 5.986806366424218595e+01
7.030124746301324922e+04 4.483035491018776520e+04 2.767342360713468952e+04 1.627835227706707155e+04 8.923359038883476387e+03 1.057913063781971505e+04 1.893687846492954577e+03 6.604949709243734333e+02 1.720607763725753898e+02 2.965182555063944747e+01
3.012220995334184408e+04 1.920861167645665410e+04 1.185732410310985688e+04 6.974839888043969040e+03 3.823421406564863901e+03 1.893687846492954577e+03 2.928221027719148424e+03 2.830044829258230266e+02 7.372345467065154878e+01 1.270501658176328519e+01
1.050625541276843251e+04 6.699726902844662618e+03 4.135688441592137679e+03 2.432738150370180847e+03 1.333562242286948731e+03 6.604949709243735469e+02 2.830044829258230266e+02 6.802939515311112473e+02 2.571383194929192939e+01 4.431353125757437006e+00
2.736908746723056083e+03 1.745297486178245435e+03 1.077358337943963306e+03 6.337350521807433097e+02 3.473966719654512190e+02 1.720607763725753614e+02 7.372345467065153457e+01 2.571383194929192939e+01 1.238339604112927219e+02 1.154379810238048032e+00
4.716609003909297257e+02 3.007731203192192879e+02 1.856648689243799879e+02 1.092137418460697660e+02 5.986806366424217174e+01 2.965182555063944747e+01 1.270501658176328519e+01 4.431353125757437894e+00 1.154379810238048032e+00 1.550866293129633533e+01
