6.224013920697120484e+05 2.887002959183771163e+05 1.670789522466992203e+05 8.980741695560183143e+04 4.370807828471524408e+04 1.861047414533264237e+04 6.623297859648730082e+03 1.852849881049033911e+03 3.750474555481619632e+02 4.909805667941347451e+01
2.887002959183771163e+05 2.556469398159983975e+05 1.021169757780008658e+05 5.488939030691816879e+04 2.671393800047850164e+04 1.137453468531425642e+04 4.048093060253171643e+03 1.132443218485013631e+03 2.292252340514011451e+02 3.000823860372053176e+01
1.670789522466992203e+05 1.021169757780008658e+05 9.823521971768551157e+04 3.176602847865750664e+04 1.546010459499192439e+04 6.582762000539648398e+03 2.342744904201469126e+03 6.553766279368472851e+02 1.326590671200438578e+02 1.736660867883589532e+01
8.980741695560183143e+04 5.488939030691816151e+04 3.176602847865749936e+04 3.482993261851290299e+04 8.310035709881496587e+03 3.538332289928728187e+03 1.259260161756187699e+03 3.522746659386210126e+02 7.130621777062474109e+01 9.334809955128866577e+00
4.370807828471524408e+04 2.671393800047850164e+04 1.546010459499192802e+04 8.310035709881496587e+03 1.125030438955767568e+04 1.722059379594414168e+03 6.128652131045337228e+02 1.714474059996526307e+02 3.470379011174772188e+01 4.543128152693872046e+00
1.861047414533264237e+04 1.137453468531425642e+04 6.582762000539648398e+03 3.538332289928727278e+03 1.722059379594414622e+03 3.260234129937165562e+03 2.609520402328988666e+02 7.300063608050872688e+01 1.477653591660165411e+01 1.934419730693337502e+00
6.623297859648730082e+03 4.048093060253171643e+03 2.342744904201469126e+03 1.259260161756187699e+03 6.128652131045337228e+02 2.609520402328988666e+02 8.241576343259411033e+02 2.598025998312828833e+01 5.258834242758675614e+00 6.884423234953774839e-01
1.852849881049033911e+03 1.132443218485013631e+03 6.553766279368472851e+02 3.522746659386210126e+02 1.714474059996526307e+02 7.300063608050874109e+01 2.598025998312828833e+01 1.714408848998081680e+02 1.471144829604382087e+00 1.925899007152883369e-01
3.750474555481619632e+02 2.292252340514011451e+02 1.326590671200438578e+02 7.130621777062474109e+01 3.470379011174772188e+01 1.477653591660165411e+01 5.258834242758676503e+00 1.471144829604382087e+00 2.660685757093555281e+01 3.898338066473423791e-02
4.909805667941347451e+01 3.000823860372053176e+01 1.736660867883589532e+01 9.334809955128866577e+00 4.543128152693872046e+00 1.934419730693337502e+00 6.884423234953774839e-01 1.925899007152883369e-01 3.898338066473423097e-02 2.693984677870263411e+00
