1.283371343372202246e+06 6.571826828207871877e+05 4.090578834355659783e+05 2.421490430305788468e+05 1.331263511823147419e+05 6.572029075101650960e+04 2.778570041554524869e+04 9.410350097369038849e+03 2.322716903860329239e+03 3.653465145981162436e+02
6.571826828207873041e+05 5.686095352233889280e+05 2.631778701424291939e+05 1.557927911487213860e+05 8.565024898123847379e+04 4.228283293241593492e+04 1.787664228436919802e+04 6.054389846052906250e+03 1.494379432484565996e+03 2.350550410331785827e+02
4.090578834355660947e+05 2.631778701424291357e+05 2.411144448773390322e+05 9.697192434876403422e+04 5.331228360067561152e+04 2.631859693982583849e+04 1.112716699166727267e+04 3.768504497547067331e+03 9.301640223963055405e+02 1.463080511543430475e+02
2.421490430305788468e+05 1.557927911487214151e+05 9.697192434876401967e+04 9.574996581742446870e+04 3.155914841991280264e+04 1.557975856463407945e+04 6.586923141644076168e+03 2.230832834887035915e+03 5.506270310524852221e+02 8.660963645814626943e+01
1.331263511823147419e+05 8.565024898123847379e+04 5.331228360067560425e+04 3.155914841991280264e+04 3.471633662974772596e+04 8.565288485361621497e+03 3.621294688555471112e+03 1.226445629061218597e+03 3.027183861185513933e+02 4.761540551470925919e+01
6.572029075101650960e+04 4.228283293241593492e+04 2.631859693982584213e+04 1.557975856463407945e+04 8.565288485361621497e+03 1.116640743846814439e+04 1.787719243510623301e+03 6.054576168908346290e+02 1.494425421766731574e+02 2.350622748135502249e+01
2.778570041554524869e+04 1.787664228436919802e+04 1.112716699166727267e+04 6.586923141644075258e+03 3.621294688555471112e+03 1.787719243510623301e+03 3.086597256874026243e+03 2.559797554909401072e+02 6.318240012038138786e+01 9.938133067168227086e+00
9.410350097369038849e+03 6.054389846052907160e+03 3.768504497547066421e+03 2.230832834887035915e+03 1.226445629061218824e+03 6.054576168908346290e+02 2.559797554909401072e+02 7.022230389388964795e+02 2.139836305124047655e+01 3.365807234572021134e+00
2.322716903860329694e+03 1.494379432484565996e+03 9.301640223963055405e+02 5.506270310524851084e+02 3.027183861185513933e+02 1.494425421766731574e+02 6.318240012038139497e+01 2.139836305124047655e+01 1.214821493963027166e+02 8.307679605949559454e-01
3.653465145981162436e+02 2.350550410331785542e+02 1.463080511543430475e+02 8.660963645814626943e+01 4.761540551470925919e+01 2.350622748135502249e+01 9.938133067168227086e+00 3.365807234572021134e+00 8.307679605949559454e-01 1.383560788681360165e+01
