3.351831422519360203e+05 9.935036454643927282e+05 6.326895613372079097e+05 3.900115488966397243e+05 2.276342670464970579e+05 1.217706204813778168e+05 5.686713875070214272e+04 2.158212732308096747e+04 5.985658412233820854e+03 1.036428186352086186e+03
9.935036454643929610e+05 1.893523920911374153e+05 4.101844305637325742e+05 2.528517536457091628e+05 1.475795364916650578e+05 7.894616202609526226e+04 3.686802557156989496e+04 1.399209525072864926e+04 3.880613870382115238e+03 6.719357034127682482e+02
6.326895613372080261e+05 4.101844305637326324e+05 1.030769839052821626e+05 1.610227258126161469e+05 9.398257634134317050e+04 5.027501695597602520e+04 2.347853984505739572e+04 8.910538624379127214e+03 2.471278186627590458e+03 4.279065380181024238e+02
3.900115488966397825e+05 2.528517536457091628e+05 1.610227258126161469e+05 5.320254874278867646e+04 5.793408396167312458e+04 3.099124504656485806e+04 1.447297734998018132e+04 5.492761668222363369e+03 1.523380647033324067e+03 2.637762686059105022e+02
2.276342670464970870e+05 1.475795364916650578e+05 9.398257634134317050e+04 5.793408396167312458e+04 2.543364081209367941e+04 1.808836012931194273e+04 8.447302651328427601e+03 3.205907055686331660e+03 8.891368422327167309e+02 1.539557424343843479e+02
1.217706204813778313e+05 7.894616202609524771e+04 5.027501695597602520e+04 3.099124504656485806e+04 1.808836012931194273e+04 1.088824739577079345e+04 4.518798064072399939e+03 1.714967155172690582e+03 4.756346501619427158e+02 8.235704811120025681e+01
5.686713875070214272e+04 3.686802557156989496e+04 2.347853984505739936e+04 1.447297734998018132e+04 8.447302651328427601e+03 4.518798064072399939e+03 3.972174660188328744e+03 8.008933089161412227e+02 2.221223932215839056e+02 3.846091662770251673e+01
2.158212732308096747e+04 1.399209525072864926e+04 8.910538624379129033e+03 5.492761668222363369e+03 3.205907055686331660e+03 1.714967155172690809e+03 8.008933089161412227e+02 1.148613539460020320e+03 8.429954235663899453e+01 1.459662676647730706e+01
5.985658412233820854e+03 3.880613870382115238e+03 2.471278186627590458e+03 1.523380647033324067e+03 8.891368422327168446e+02 4.756346501619426590e+02 2.221223932215839341e+02 8.429954235663898032e+01 2.365756864843737901e+02 4.048276635897893883e+00
1.036428186352086414e+03 6.719357034127682482e+02 4.279065380181024238e+02 2.637762686059105022e+02 1.539557424343843479e+02 8.235704811120024260e+01 3.846091662770251673e+01 1.459662676647730528e+01 4.048276635897892994e+00 2.963394455695383911e+01
