3.882464456378130708e+05 1.273622002770095365e+06 7.944392898725186242e+05 4.896339914088126970e+05 2.923107253670425271e+05 1.634014000382267113e+05 8.089749496619604179e+04 3.241146673523900608e+04 9.088699101438049183e+03 1.415772657855562557e+03
1.273622002770095132e+06 2.146448039992327977e+05 4.957555845944830216e+05 3.055473070662926766e+05 1.824112633714648837e+05 1.019677118594008934e+05 5.048263022795783763e+04 2.022579427242510428e+04 5.671639599999895836e+03 8.834875245919641884e+02
7.944392898725186242e+05 4.957555845944829052e+05 1.157228335377420008e+05 1.905893468550757680e+05 1.137815413226136152e+05 6.360376659897485661e+04 3.148923685517962076e+04 1.261611812919783370e+04 3.537763423085366412e+03 5.510875284201312070e+02
4.896339914088125806e+05 3.055473070662927348e+05 1.905893468550757680e+05 5.993083999407938973e+04 7.012657976090016018e+04 3.920068720856937580e+04 1.940765131378786464e+04 7.775648000334259450e+03 2.180417368057607746e+03 3.396498506503440922e+02
2.923107253670425271e+05 1.824112633714648546e+05 1.137815413226136152e+05 7.012657976090016018e+04 2.912968133156405747e+04 2.340274881621958411e+04 1.158633741272943007e+04 4.642049667827845042e+03 1.301705750913978363e+03 2.027704284352157913e+02
1.634014000382266822e+05 1.019677118594009080e+05 6.360376659897485661e+04 3.920068720856937580e+04 2.340274881621958048e+04 1.280773049361088124e+04 6.476750903265800844e+03 2.594901072540585119e+03 7.276521991113257855e+02 1.133484645527857708e+02
8.089749496619604179e+04 5.048263022795783036e+04 3.148923685517961712e+04 1.940765131378786464e+04 1.158633741272942825e+04 6.476750903265800844e+03 4.806897544243597622e+03 1.284695213165364748e+03 3.602493008075745138e+02 5.611706410373392373e+01
3.241146673523900608e+04 2.022579427242510792e+04 1.261611812919783188e+04 7.775648000334259450e+03 4.642049667827845042e+03 2.594901072540585574e+03 1.284695213165364976e+03 1.404689163037779281e+03 1.443333719344073245e+02 2.248322222137371540e+01
9.088699101438047364e+03 5.671639599999895836e+03 3.537763423085366412e+03 2.180417368057607746e+03 1.301705750913978363e+03 7.276521991113257855e+02 3.602493008075745706e+02 1.443333719344073245e+02 2.761170248888931269e+02 6.304658881070055010e+00
1.415772657855562557e+03 8.834875245919641884e+02 5.510875284201312070e+02 3.396498506503440353e+02 2.027704284352157629e+02 1.133484645527857708e+02 5.611706410373392373e+01 2.248322222137371540e+01 6.304658881070055010e+00 2.895923746657729936e+01
