1.391281552568550222e+06 7.158587225569933653e+05 4.334407193920910941e+05 2.491651682603950612e+05 1.324539435850567534e+05 6.266593113881012687e+04 2.497688150649960517e+04 7.748497232292525950e+03 1.668119303354182193e+03 2.110915366384247420e+02
7.158587225569932489e+05 5.822698824014309794e+05 2.713338045917518903e+05 1.559773460385933286e+05 8.291614248084531573e+04 3.922886049567669397e+04 1.563552288188539205e+04 4.850557734527777029e+03 1.044242353895215956e+03 1.321432601753569429e+02
4.334407193920910941e+05 2.713338045917519485e+05 2.333641766999468673e+05 9.444172564434242668e+04 5.020436479106169281e+04 2.375243183940439121e+04 9.467052747207875655e+03 2.936933179212892810e+03 6.322716240368190483e+02 8.001057743438040859e+01
2.491651682603950612e+05 1.559773460385932995e+05 9.444172564434241212e+04 8.745888988009071909e+04 2.886018419800406264e+04 1.365418247773134681e+04 5.442173947100382975e+03 1.688308036204939071e+03 3.634639260712750684e+02 4.599440730213158446e+01
1.324539435850567534e+05 8.291614248084531573e+04 5.020436479106169281e+04 2.886018419800405536e+04 2.979273523471198132e+04 7.258439565338590000e+03 2.893010311200377146e+03 8.974892395392329263e+02 1.932141265778204797e+02 2.445020976470493679e+01
6.266593113881012687e+04 3.922886049567668670e+04 2.375243183940439485e+04 1.365418247773134863e+04 7.258439565338590000e+03 8.926870488479822598e+03 1.368726215608152415e+03 4.246155105730937862e+02 9.141247760128631228e+01 1.156775796909773746e+01
2.497688150649960153e+04 1.563552288188539205e+04 9.467052747207875655e+03 5.442173947100382975e+03 2.893010311200377146e+03 1.368726215608152415e+03 2.268221205738384924e+03 1.692398261810519102e+02 3.643444818852857736e+01 4.610583691001495232e+00
7.748497232292527769e+03 4.850557734527777029e+03 2.936933179212893265e+03 1.688308036204939299e+03 8.974892395392329263e+02 4.246155105730938430e+02 1.692398261810519102e+02 4.640510467150012346e+02 1.130294111678651880e+01 1.430326478494987397e+00
1.668119303354182193e+03 1.044242353895215956e+03 6.322716240368190483e+02 3.634639260712750684e+02 1.932141265778204797e+02 9.141247760128629807e+01 3.643444818852858447e+01 1.130294111678651880e+01 6.915620159840260328e+01 3.079248965763871637e-01
2.110915366384247420e+02 1.321432601753569145e+02 8.001057743438040859e+01 4.599440730213159156e+01 2.445020976470493679e+01 1.156775796909773568e+01 4.610583691001495232e+00 1.430326478494987175e+00 3.079248965763871637e-01 6.252903007327616614e+00
