2.428522072079299542e+05 6.431181644266467774e+05 3.976966800489387242e+05 2.341345116034071543e+05 1.280881524526132271e+05 6.293453375024034904e+04 2.645935451028358511e+04 8.885664243877785339e+03 2.160858945600614788e+03 3.308111176085055831e+02
6.431181644266466610e+05 1.342268347641222936e+05 2.540033665894406149e+05 1.495384728248715401e+05 8.180813060642518394e+04 4.019541587656880438e+04 1.689922360571001991e+04 5.675150800983902627e+03 1.380110708593101890e+03 2.112844833591162796e+02
3.976966800489387242e+05 2.540033665894406149e+05 7.070583748384301725e+04 9.247282610196441237e+04 5.058918211739633989e+04 2.485637061977451594e+04 1.045028036082176732e+04 3.509446252914541219e+03 8.534441682218539427e+02 1.306558300257119072e+02
2.341345116034071543e+05 1.495384728248715110e+05 9.247282610196441237e+04 3.487242057725535415e+04 2.978318412417940999e+04 1.463360014616675835e+04 6.152355327931310967e+03 2.066103454329669148e+03 5.024450631139561096e+02 7.692052884988488870e+01
1.280881524526132271e+05 8.180813060642518394e+04 5.058918211739633989e+04 2.978318412417940999e+04 1.570516402938341344e+04 8.005615206474818478e+03 3.365773895484296190e+03 1.130304850953883715e+03 2.748730180889178882e+02 4.208097455854224478e+01
6.293453375024034904e+04 4.019541587656880438e+04 2.485637061977451594e+04 1.463360014616676199e+04 8.005615206474818478e+03 6.237660027353168516e+03 1.653731486988223651e+03 5.553613462941808621e+02 1.350554669007914015e+02 2.067596778380692868e+01
2.645935451028359239e+04 1.689922360571001991e+04 1.045028036082176732e+04 6.152355327931310967e+03 3.365773895484296645e+03 1.653731486988223651e+03 2.080159682752740082e+03 2.334887043292027897e+02 5.678091604621228328e+01 8.692727646256072305e+00
8.885664243877785339e+03 5.675150800983902627e+03 3.509446252914541219e+03 2.066103454329669148e+03 1.130304850953883715e+03 5.553613462941808621e+02 2.334887043292027897e+02 5.433770708911753218e+02 1.906834708497381570e+01 2.919219333112810233e+00
2.160858945600614788e+03 1.380110708593101890e+03 8.534441682218539427e+02 5.024450631139561096e+02 2.748730180889178882e+02 1.350554669007913731e+02 5.678091604621228328e+01 1.906834708497381570e+01 1.007351654728173429e+02 7.099099219817244233e-01
3.308111176085055831e+02 2.112844833591162796e+02 1.306558300257118788e+02 7.692052884988487449e+01 4.208097455854224478e+01 2.067596778380693223e+01 8.692727646256072305e+00 2.919219333112810233e+00 7.099099219817244233e-01 1.151515878888804600e+01
