3.131287416321656201e+05 1.136559642320146784e+06 6.698251846622726880e+05 3.740940540102334926e+05 1.913128950947627309e+05 8.503170674538142339e+04 3.035161998779206988e+04 7.724105900025620031e+03 1.169926683717525520e+03 8.009918750855885605e+01
1.136559642320146784e+06 1.627345736724481394e+05 4.071700439516550978e+05 2.274024564934798691e+05 1.162943431927372148e+05 5.168865633240988245e+04 1.844999371091771536e+04 4.695291563852437321e+03 7.111692873561632950e+02 4.869030076078107072e+01
6.698251846622726880e+05 4.071700439516551560e+05 8.021980023133917712e+04 1.340183891295464709e+05 6.853743262010959734e+04 3.046242580118708429e+04 1.087340248964439706e+04 2.767144302590657389e+03 4.191237146667027105e+02 2.869536140820056147e+01
3.740940540102334344e+05 2.274024564934798691e+05 1.340183891295464709e+05 3.660160299785456300e+04 3.827781726845262892e+04 1.701311420336905212e+04 6.072741532235709201e+03 1.545436412202678184e+03 2.340785224887443690e+02 1.602621747627336646e+01
1.913128950947627600e+05 1.162943431927372148e+05 6.853743262010959734e+04 3.827781726845262892e+04 1.491359219000639860e+04 8.700560989764688202e+03 3.105619432439409593e+03 7.903411215278753161e+02 1.197085046842289131e+02 8.195858848695488419e+00
8.503170674538143794e+04 5.168865633240989700e+04 3.046242580118708429e+04 1.701311420336905212e+04 8.700560989764686383e+03 5.143781207943244226e+03 1.380336232490451721e+03 3.512782263907829474e+02 5.320612842221384398e+01 3.642764727404370184e+00
3.035161998779206624e+04 1.844999371091771536e+04 1.087340248964439525e+04 6.072741532235710110e+03 3.105619432439410048e+03 1.380336232490451721e+03 1.386101838504978105e+03 1.253869132525408645e+02 1.899164738311467104e+01 1.300265688447042267e+00
7.724105900025620031e+03 4.695291563852437321e+03 2.767144302590657389e+03 1.545436412202678412e+03 7.903411215278753161e+02 3.512782263907829474e+02 1.253869132525408645e+02 2.588097906026168857e+02 4.833135617213340396e+00 3.309012790676179594e-01
1.169926683717525520e+03 7.111692873561631814e+02 4.191237146667027105e+02 2.340785224887443690e+02 1.197085046842289131e+02 5.320612842221384398e+01 1.899164738311467104e+01 4.833135617213339508e+00 2.792640946396361201e+01 5.011974732974357888e-02
8.009918750855885605e+01 4.869030076078106362e+01 2.869536140820056502e+01 1.602621747627336646e+01 8.195858848695488419e+00 3.642764727404369740e+00 1.300265688447042267e+00 3.309012790676179039e-01 5.011974732974357888e-02 1.321373979297823853e+00
