5.542069823511953291e+04 5.510859264735856414e+04 3.122942615831506919e+04 1.648803517361494232e+04 7.969467286109887937e+03 3.449921831585208110e+03 1.301095511465191976e+03 4.128377221989559871e+02 1.054426502988055177e+02 2.049801164106659357e+01
5.510859264735856414e+04 2.933434336987813731e+04 1.873125060949614272e+04 9.889439445013220393e+03 4.780045851740987018e+03 2.069245527695632518e+03 7.803904550982622368e+02 2.476179612254332767e+02 6.324396412741997864e+01 1.229460288827488235e+01
3.122942615831506555e+04 1.873125060949614272e+04 1.457299983249815341e+04 5.604235275457936041e+03 2.708798787795945373e+03 1.172618412233974368e+03 4.422385860603757806e+02 1.403223429247352669e+02 3.583965063878395085e+01 6.967214632065024560e+00
1.648803517361494232e+04 9.889439445013220393e+03 5.604235275457936041e+03 6.699191977030389353e+03 1.430150187999316586e+03 6.191011492855883489e+02 2.334863703588021338e+02 7.408524620523867554e+01 1.892207104116138083e+01 3.678443508159893849e+00
7.969467286109888846e+03 4.780045851740987018e+03 2.708798787795944918e+03 1.430150187999316358e+03 2.799651536122624293e+03 2.992416200033366636e+02 1.128552899562407816e+02 3.580899360045451374e+01 9.145954903668535252e+00 1.777970200415111224e+00
3.449921831585208110e+03 2.069245527695632518e+03 1.172618412233974368e+03 6.191011492855883489e+02 2.992416200033366067e+02 1.040319289431899278e+03 4.885419748299917586e+01 1.550144123241709870e+01 3.959214381600360433e+00 7.696697897249442644e-01
1.301095511465191976e+03 7.803904550982623505e+02 4.422385860603757237e+02 2.334863703588021622e+02 1.128552899562407674e+02 4.885419748299917586e+01 3.342842700954420252e+02 5.846177563817999356e+00 1.493168921587328279e+00 2.902714779080494134e-01
4.128377221989559871e+02 2.476179612254333051e+02 1.403223429247352669e+02 7.408524620523868975e+01 3.580899360045451374e+01 1.550144123241709870e+01 5.846177563818000245e+00 8.968151614677618966e+01 4.737826324158181945e-01 9.210316591126722907e-02
1.054426502988055177e+02 6.324396412741997153e+01 3.583965063878395085e+01 1.892207104116138083e+01 9.145954903668533476e+00 3.959214381600360433e+00 1.493168921587328279e+00 4.737826324158181945e-01 1.921422448053453280e+01 2.352401777353662488e-02
2.049801164106659357e+01 1.229460288827488235e+01 6.967214632065024560e+00 3.678443508159893405e+00 1.777970200415111224e+00 7.696697897249441533e-01 2.902714779080494689e-01 9.210316591126722907e-02 2.352401777353662488e-02 3.107826620156433961e+00
