3.413944329319962417e+05 1.327418837073104456e+06 8.300941630961974151e+05 5.070119975605692016e+05 2.962853213905669982e+05 1.603443745064792165e+05 7.645159585847826384e+04 2.973538391539212535e+04 8.389414980874624234e+03 1.434328944066119448e+03
1.327418837073104456e+06 1.892825452177584812e+05 5.244366311986737419e+05 3.203198815254903748e+05 1.871870478454121912e+05 1.013023188648676733e+05 4.830056536265081377e+04 1.878621156643441282e+04 5.300261977372441834e+03 9.061798924727703479e+02
8.300941630961974151e+05 5.244366311986737419e+05 1.016999841829796060e+05 2.003102988686391909e+05 1.170564041160490888e+05 6.334885512341524736e+04 3.020449632173986902e+04 1.174785541116187778e+04 3.314490051985957052e+03 5.666746760317067810e+02
5.070119975605692016e+05 3.203198815254904330e+05 2.003102988686392200e+05 5.213875911136344075e+04 7.149670955011580372e+04 3.869275439728121273e+04 1.844856005043549885e+04 7.175455392734359521e+03 2.024452522210167444e+03 3.461183950386702008e+02
2.962853213905669982e+05 1.871870478454121621e+05 1.170564041160491179e+05 7.149670955011580372e+04 2.493379935633938658e+04 2.261109249335899949e+04 1.078088402253926324e+04 4.193159367803717032e+03 1.183040182616837455e+03 2.022630636091973884e+02
1.603443745064792456e+05 1.013023188648676733e+05 6.334885512341526191e+04 3.869275439728121273e+04 2.261109249335900313e+04 1.074701393302985525e+04 5.834423713965297793e+03 2.269263670845751221e+03 6.402404182813736497e+02 1.094611918942452320e+02
7.645159585847826384e+04 4.830056536265081377e+04 3.020449632173987266e+04 1.844856005043549885e+04 1.078088402253926324e+04 5.834423713965298703e+03 3.965977987163410489e+03 1.081976399819476001e+03 3.052642280801235870e+02 5.219068539600070267e+01
2.973538391539212535e+04 1.878621156643441282e+04 1.174785541116187778e+04 7.175455392734359521e+03 4.193159367803717032e+03 2.269263670845751221e+03 1.081976399819476001e+03 1.158823977635382562e+03 1.187306676292444649e+02 2.029925012854297250e+01
8.389414980874624234e+03 5.300261977372441834e+03 3.314490051985957052e+03 2.024452522210166990e+03 1.183040182616837683e+03 6.402404182813735360e+02 3.052642280801235870e+02 1.187306676292444649e+02 2.381721594872106209e+02 5.727144253912477723e+00
1.434328944066119220e+03 9.061798924727702342e+02 5.666746760317067810e+02 3.461183950386702008e+02 2.022630636091973599e+02 1.094611918942452320e+02 5.219068539600069556e+01 2.029925012854297606e+01 5.727144253912478611e+00 2.874258246337205946e+01
