9.787989275739709847e+05 4.746328533002072945e+05 2.797300907933583949e+05 1.541070995060847199e+05 7.704077324105109437e+04 3.353170285049952508e+04 1.198460659737122296e+04 3.240233577447167136e+03 5.900665800713370572e+02 6.137008160832039039e+01
4.746328533002073527e+05 4.042149961949226563e+05 1.726678832949346688e+05 9.512507788121487829e+04 4.755465243374230340e+04 2.069798117910577275e+04 7.397690564578084377e+03 2.000086124493046555e+03 3.642280567494024694e+02 3.788166678419309363e+01
2.797300907933583367e+05 1.726678832949346688e+05 1.572117531118644692e+05 5.606301057210422005e+04 2.802685728651713362e+04 1.219858278712193714e+04 4.359910273597771265e+03 1.178772748891657102e+03 2.146618100191977021e+02 2.232597683718210391e+01
1.541070995060847199e+05 9.512507788121486374e+04 5.606301057210422005e+04 5.631256448825202096e+04 1.544037565800082848e+04 6.720364641775060591e+03 2.401933679946046141e+03 6.494018887753520630e+02 1.182601014533763930e+02 1.229968332781113283e+01
7.704077324105109437e+04 4.755465243374230340e+04 2.802685728651713362e+04 1.544037565800082848e+04 1.812480840373671890e+04 3.359625157591961852e+03 1.200767703563588157e+03 3.246471046162074572e+02 5.912024617122548165e+01 6.148821937676015814e+00
3.353170285049953236e+04 2.069798117910577639e+04 1.219858278712193714e+04 6.720364641775059681e+03 3.359625157591962306e+03 5.106329117088455860e+03 5.226295652873384370e+02 1.413014146315074697e+02 2.573186176181308582e+01 2.676251307209386976e+00
1.198460659737122296e+04 7.397690564578085286e+03 4.359910273597772175e+03 2.401933679946046141e+03 1.200767703563588384e+03 5.226295652873384370e+02 1.216056253099584637e+03 5.050271003416764870e+01 9.196855930884384023e+00 9.565222266106045979e-01
3.240233577447167136e+03 2.000086124493046100e+03 1.178772748891657102e+03 6.494018887753520630e+02 3.246471046162075140e+02 1.413014146315074413e+02 5.050271003416764870e+01 2.295204739702542156e+02 2.486519782863144457e+00 2.586113620882675712e-01
5.900665800713370572e+02 3.642280567494024694e+02 2.146618100191977021e+02 1.182601014533764072e+02 5.912024617122548165e+01 2.573186176181308582e+01 9.196855930884384023e+00 2.486519782863144457e+00 3.036756284368821568e+01 4.709472892853583392e-02
6.137008160832038328e+01 3.788166678419308653e+01 2.232597683718210391e+01 1.229968332781113283e+01 6.148821937676014926e+00 2.676251307209386976e+00 9.565222266106045979e-01 2.586113620882675712e-01 4.709472892853583392e-02 2.326173078579176767e+00
