1.401252454575365391e+03 1.108694577802726684e+02 7.134447914409112457e+01 4.469309566127410704e+01 2.718171616236294241e+01 1.600661910736939575e+01 9.094913661755606782e+00 4.971610584497098806e+00 2.604232468394255484e+00 1.301900269551905742e+00
1.108694577802726684e+02 8.706403690573167751e+02 4.707324784098971548e+01 2.948860506214043653e+01 1.793455747388856736e+01 1.056120329669441560e+01 6.000844494604223200e+00 3.280279848147191313e+00 1.718278441316902994e+00 8.589967266996842987e-01
7.134447914409111036e+01 4.707324784098971548e+01 5.269910770036412941e+02 1.897591285251655790e+01 1.154088499458700490e+01 6.796132707989040789e+00 3.861542515529492459e+00 2.110859581154740816e+00 1.105711914486226632e+00 5.527642624024152740e-01
4.469309566127410704e+01 2.948860506214044008e+01 1.897591285251656146e+01 3.101710046672069439e+02 7.229681725436766015e+00 4.257375103004370054e+00 2.419027948863096356e+00 1.322328655557636568e+00 6.926631038701238641e-01 3.462741105417526111e-01
2.718171616236294241e+01 1.793455747388857091e+01 1.154088499458700490e+01 7.229681725436766015e+00 1.770304507342353872e+02 2.589276037704577593e+00 1.471218990806983928e+00 8.042218077963857459e-01 4.212680192984037397e-01 2.105990745965768129e-01
1.600661910736939220e+01 1.056120329669441560e+01 6.796132707989041677e+00 4.257375103004370054e+00 2.589276037704577593e+00 9.771553579329966510e+01 8.663633255792420051e-01 4.735857029167702126e-01 2.480739879243630541e-01 1.240164216010574416e-01
9.094913661755606782e+00 6.000844494604223200e+00 3.861542515529492459e+00 2.419027948863095911e+00 1.471218990806983928e+00 8.663633255792420051e-01 5.197947510997497034e+01 2.690899964931904309e-01 1.409549066398870509e-01 7.046576416516403540e-02
4.971610584497098806e+00 3.280279848147190869e+00 2.110859581154741260e+00 1.322328655557636568e+00 8.042218077963857459e-01 4.735857029167702126e-01 2.690899964931904309e-01 2.656866504136253226e+01 7.705107842138561591e-02 3.851914949356224915e-02
2.604232468394255484e+00 1.718278441316902994e+00 1.105711914486226632e+00 6.926631038701238641e-01 4.212680192984037397e-01 2.480739879243630819e-01 1.409549066398870509e-01 7.705107842138560204e-02 1.299723989641303490e+01 2.017712732346153143e-02
1.301900269551905742e+00 8.589967266996842987e-01 5.527642624024153850e-01 3.462741105417526111e-01 2.105990745965768129e-01 1.240164216010574277e-01 7.046576416516403540e-02 3.851914949356226303e-02 2.017712732346152449e-02 6.060331455184409855e+00
