1.496856983997224015e+05 3.616681339268185548e+05 2.155689469375883637e+05 1.206282960826826456e+05 6.205765046747400629e+04 2.854816736122955626e+04 1.132509664258318662e+04 3.690163724111233932e+03 9.260732261736695818e+02 1.641723320171682019e+02
3.616681339268185548e+05 8.146350678144641279e+04 1.347203972545462893e+05 7.538698035716182494e+04 3.878309674204788462e+04 1.784125451476839953e+04 7.077649820670427289e+03 2.306177814147385561e+03 5.787519709554313749e+02 1.025999435529162724e+02
2.155689469375883345e+05 1.347203972545462893e+05 4.185325053923869564e+04 4.493371255009806919e+04 2.311630619177956760e+04 1.063411477819701395e+04 4.218567729673569374e+03 1.374575961251744729e+03 3.449597606577103761e+02 6.115374762885105753e+01
1.206282960826826456e+05 7.538698035716182494e+04 4.493371255009806191e+04 1.997477866564756550e+04 1.293544672019601239e+04 5.950649034867578848e+03 2.360630528511346711e+03 7.691866495503163605e+02 1.930329425289493201e+02 3.422047785794701014e+01
6.205765046747399902e+04 3.878309674204788462e+04 2.311630619177956760e+04 1.293544672019601239e+04 8.668859676623535051e+03 3.061332289791315816e+03 1.214434663992873539e+03 3.957107726144332673e+02 9.930647505754879489e+01 1.760484498830021138e+01
2.854816736122955626e+04 1.784125451476839953e+04 1.063411477819701395e+04 5.950649034867578848e+03 3.061332289791315816e+03 3.326404062582435017e+03 5.586721987665083589e+02 1.820374648111958891e+02 4.568361593841804336e+01 8.098696249512634893e+00
1.132509664258318480e+04 7.077649820670427289e+03 4.218567729673569374e+03 2.360630528511346711e+03 1.214434663992873311e+03 5.586721987665083589e+02 1.087966365891827991e+03 7.221450874487371152e+01 1.812275229224924189e+01 3.212763766728398362e+00
3.690163724111233932e+03 2.306177814147385106e+03 1.374575961251744502e+03 7.691866495503164742e+02 3.957107726144332673e+02 1.820374648111958891e+02 7.221450874487369731e+01 2.887955333521506418e+02 5.905108380131038892e+00 1.046845310047253008e+00
9.260732261736696955e+02 5.787519709554313749e+02 3.449597606577103761e+02 1.930329425289493486e+02 9.930647505754879489e+01 4.568361593841805046e+01 1.812275229224924189e+01 5.905108380131038892e+00 5.831780779885009025e+01 2.627133878223048558e-01
1.641723320171682303e+02 1.025999435529162582e+02 6.115374762885106463e+01 3.422047785794701014e+01 1.760484498830021138e+01 8.098696249512634893e+00 3.212763766728398362e+00 1.046845310047253008e+00 2.627133878223048558e-01 8.213665235152307176e+00
