1.225469572191180123e+04 2.292288207972771488e+03 1.192137899460212111e+03 5.781959793557912235e+02 2.585515423732456952e+02 1.051235430531179276e+02 3.822178082551936029e+01 1.219175388787798830e+01 3.333337245421586825e+00 7.597390570290241119e-01
2.292288207972771033e+03 5.304629392050389470e+03 6.580651271484600784e+02 3.191666088661215213e+02 1.427215372343415822e+02 5.802863725485939739e+01 2.109858353649753226e+01 6.729899348071965548e+00 1.840016158558731574e+00 4.193791501719992265e-01
1.192137899460212111e+03 6.580651271484601921e+02 2.233039868175680567e+03 1.659872477414134551e+02 7.422441602871144539e+01 3.017863874400229918e+01 1.097262594262961244e+01 3.499982264221664696e+00 9.569272269550107568e-01 2.181042407427481178e-01
5.781959793557911098e+02 3.191666088661214644e+02 1.659872477414134835e+02 9.030631508003557428e+02 3.599940823730588590e+01 1.463687010715273473e+01 5.321807322689880770e+00 1.697518109193445257e+00 4.641170081179353812e-01 1.057822212807800477e-01
2.585515423732456952e+02 1.427215372343415822e+02 7.422441602871144539e+01 3.599940823730587880e+01 3.448457037265829399e+02 6.545160251611650715e+00 2.379749324835771951e+00 7.590781344199001301e-01 2.075389185933925185e-01 4.730257117714031095e-02
1.051235430531179418e+02 5.802863725485939028e+01 3.017863874400229918e+01 1.463687010715273473e+01 6.545160251611649826e+00 1.216898564940126448e+02 9.675737313678792750e-01 3.086308525252410839e-01 8.438250355689091986e-02 1.923258253275010946e-02
3.822178082551936029e+01 2.109858353649753226e+01 1.097262594262961066e+01 5.321807322689881659e+00 2.379749324835772395e+00 9.675737313678792750e-01 3.874663235184829801e+01 1.122148327444817267e-01 3.068056367573536447e-02 6.992758547950062020e-03
1.219175388787798830e+01 6.729899348071964660e+00 3.499982264221664252e+00 1.697518109193445035e+00 7.590781344199001301e-01 3.086308525252410839e-01 1.122148327444817406e-01 1.085944856396112179e+01 9.786301773416970079e-03 2.230508086557836823e-03
3.333337245421586825e+00 1.840016158558731352e+00 9.569272269550105348e-01 4.641170081179353812e-01 2.075389185933925185e-01 8.438250355689091986e-02 3.068056367573536100e-02 9.786301773416970079e-03 2.607755403994670207e+00 6.098413525661617761e-04
7.597390570290241119e-01 4.193791501719992265e-01 2.181042407427481178e-01 1.057822212807800755e-01 4.730257117714031095e-02 1.923258253275010946e-02 6.992758547950062020e-03 2.230508086557836823e-03 6.098413525661617761e-04 5.207163467349056329e-01
