2.048302986676253113e+03 1.583968781526963312e+02 8.785897209214597581e+01 4.643712357497449972e+01 2.324819822526499635e+01 1.094994630476111830e+01 4.814864410480117485e+00 1.959262518794218311e+00 7.304447363666516368e-01 2.466608890412902433e-01
1.583968781526963596e+02 1.041907298169455316e+03 5.087420263688658650e+01 2.688913355541731676e+01 1.346172757648694507e+01 6.340499711141545980e+00 2.788017909326260035e+00 1.134499027548994565e+00 4.229595754203703817e-01 1.428274853764533170e-01
8.785897209214597581e+01 5.087420263688659361e+01 5.145980649999397656e+02 1.491476133986659924e+01 7.466899355898101831e+00 3.516924030752823782e+00 1.546447067294862920e+00 6.292795638554515847e-01 2.346055930290546210e-01 7.922300109718158345e-02
4.643712357497449261e+01 2.688913355541731676e+01 1.491476133986660102e+01 2.446546407581194558e+02 3.946567093319477415e+00 1.858840729989210461e+00 8.173616405483535852e-01 3.326004410717880444e-01 1.239988205580688091e-01 4.187265346186573589e-02
2.324819822526499635e+01 1.346172757648694507e+01 7.466899355898101831e+00 3.946567093319477415e+00 1.109342718571574835e+02 9.306066877767240619e-01 4.092024651465797636e-01 1.665124880390859152e-01 6.207854703529903234e-02 2.096305009778628992e-02
1.094994630476112007e+01 6.340499711141545980e+00 3.516924030752823338e+00 1.858840729989210461e+00 9.306066877767240619e-01 4.751498704257674888e+01 1.927351521057437955e-01 7.842770374861537941e-02 2.923911565651508490e-02 9.873637119341137011e-03
4.814864410480117485e+00 2.788017909326260035e+00 1.546447067294862920e+00 8.173616405483536962e-01 4.092024651465797636e-01 1.927351521057437955e-01 1.903416682202334798e+01 3.448590057566719436e-02 1.285690116190371483e-02 4.341594254872301918e-03
1.959262518794218089e+00 1.134499027548994787e+00 6.292795638554515847e-01 3.326004410717880444e-01 1.665124880390859430e-01 7.842770374861537941e-02 3.448590057566719436e-02 7.057710050313164452e+00 5.231724594264936835e-03 1.766679634190446201e-03
7.304447363666516368e-01 4.229595754203703262e-01 2.346055930290546210e-01 1.239988205580688091e-01 6.207854703529903234e-02 2.923911565651508490e-02 1.285690116190371657e-02 5.231724594264936835e-03 2.395519473581170899e+00 6.586467240922656754e-04
2.466608890412902710e-01 1.428274853764533170e-01 7.922300109718156957e-02 4.187265346186573589e-02 2.096305009778628645e-02 9.873637119341137011e-03 4.341594254872302786e-03 1.766679634190446201e-03 6.586467240922656754e-04 7.353229592499034295e-01
