9.779093584691846627e+04 3.550901044893791550e+04 2.093301233679993675e+04 1.164261138891983319e+04 6.032116020312048931e+03 2.868327048594268490e+03 1.228379404087383591e+03 4.632453575491658171e+02 1.495332203144400012e+02 3.991904150931351580e+01
3.550901044893792277e+04 4.430954469422160764e+04 1.295060378770368698e+04 7.202921620938435808e+03 3.731882603593953263e+03 1.774544749806254003e+03 7.599601389115307484e+02 2.865954973697540709e+02 9.251155343692684596e+01 2.469666963617942557e+01
2.093301233679993675e+04 1.295060378770368879e+04 1.934888729950531342e+04 4.246213714373364382e+03 2.199992159535323481e+03 1.046116652372353883e+03 4.480061472337392274e+02 1.689516831436178563e+02 5.453673489934267593e+01 1.455900019842651183e+01
1.164261138891983319e+04 7.202921620938436718e+03 4.246213714373364382e+03 8.126621710975508904e+03 1.223600949544746300e+03 5.818335868286677623e+02 2.491739549075812192e+02 9.396826212570630332e+01 3.033247201299143825e+01 8.097486343305671852e+00
6.032116020312048022e+03 3.731882603593953263e+03 2.199992159535323481e+03 1.223600949544746300e+03 3.262739794443139090e+03 3.014519323048921251e+02 1.290987180653446558e+02 4.868559470333257622e+01 1.571545972404115687e+01 4.195362660837197666e+00
2.868327048594268490e+03 1.774544749806254003e+03 1.046116652372353883e+03 5.818335868286676487e+02 3.014519323048921251e+02 1.237488655901779111e+03 6.138763639803429584e+01 2.315045130004688190e+01 7.472846685271346878e+00 1.994933810659570206e+00
1.228379404087383591e+03 7.599601389115307484e+02 4.480061472337392274e+02 2.491739549075812192e+02 1.290987180653446558e+02 6.138763639803430294e+01 4.341364025116114362e+02 9.914328837167458275e+00 3.200294388531723211e+00 8.543431638078905488e-01
4.632453575491657602e+02 2.865954973697540709e+02 1.689516831436178563e+02 9.396826212570630332e+01 4.868559470333257622e+01 2.315045130004688545e+01 9.914328837167458275e+00 1.368405993153825193e+02 1.206892197430969205e+00 3.221891404813213011e-01
1.495332203144400012e+02 9.251155343692684596e+01 5.453673489934266883e+01 3.033247201299143825e+01 1.571545972404115865e+01 7.472846685271345990e+00 3.200294388531722767e+00 1.206892197430969205e+00 3.735010987894936108e+01 1.040009984803790949e-01
3.991904150931351580e+01 2.469666963617942201e+01 1.455900019842651361e+01 8.097486343305673628e+00 4.195362660837197666e+00 1.994933810659570206e+00 8.543431638078905488e-01 3.221891404813213011e-01 1.040009984803791088e-01 8.464166285911829846e+00
