3.460816315991768497e+05 1.098729359337806702e+06 6.885563177237386117e+05 4.210164533294059802e+05 2.455794444382661895e+05 1.319631561368379917e+05 6.185089165754263377e+04 2.324872352326605323e+04 6.156485547879956357e+03 9.417195781372192869e+02
1.098729359337806702e+06 1.919360916333583300e+05 4.361721370790038491e+05 2.666966251957151690e+05 1.555644881124879757e+05 8.359323754108443973e+04 3.917999864367843838e+04 1.472711114905548675e+04 3.899880647659947954e+03 5.965406610212094165e+02
6.885563177237386117e+05 4.361721370790038491e+05 1.030123940628166893e+05 1.671345583272527147e+05 9.748980510347892414e+04 5.238656029232249421e+04 2.455348568347299806e+04 9.229247709930503333e+03 2.443993541715494757e+03 3.738426004860786520e+02
4.210164533294059802e+05 2.666966251957151690e+05 1.671345583272527147e+05 5.264549322984016908e+04 5.960995625765160366e+04 3.203166284104856459e+04 1.501318220926949652e+04 5.643205991601230380e+03 1.494375211449107837e+03 2.285853483712282355e+02
2.455794444382661895e+05 1.555644881124879757e+05 9.748980510347890959e+04 5.960995625765160366e+04 2.499662879916872043e+04 1.868411056796372577e+04 8.757208695875331614e+03 3.291689389592152565e+03 8.716710031350122563e+02 1.333341308060773258e+02
1.319631561368379917e+05 8.359323754108443973e+04 5.238656029232249421e+04 3.203166284104856459e+04 1.868411056796372577e+04 1.062892956830352705e+04 4.705723237952734962e+03 1.768803255770525539e+03 4.683961108787983676e+02 7.164766074855684508e+01
6.185089165754261921e+04 3.917999864367843838e+04 2.455348568347299806e+04 1.501318220926949652e+04 8.757208695875331614e+03 4.705723237952734962e+03 3.826414749245437179e+03 8.290348741184092205e+02 2.195364066371523109e+02 3.358112849226025531e+01
2.324872352326605323e+04 1.472711114905548493e+04 9.229247709930501514e+03 5.643205991601231290e+03 3.291689389592152565e+03 1.768803255770525539e+03 8.290348741184091068e+02 1.071017098421080618e+03 8.252009121320479323e+01 1.262258879368351749e+01
6.156485547879956357e+03 3.899880647659947954e+03 2.443993541715494302e+03 1.494375211449107837e+03 8.716710031350123700e+02 4.683961108787983676e+02 2.195364066371523109e+02 8.252009121320477902e+01 2.045627177179786713e+02 3.342582890943468943e+00
9.417195781372191732e+02 5.965406610212094165e+02 3.738426004860786520e+02 2.285853483712282355e+02 1.333341308060773258e+02 7.164766074855684508e+01 3.358112849226025531e+01 1.262258879368351749e+01 3.342582890943468943e+00 2.184521791034416793e+01
