1.894106842523230705e+06 1.002379165983474348e+06 6.319844533310502302e+05 3.867079173758967081e+05 2.245905187442038441e+05 1.196877227036836557e+05 5.561624337152372027e+04 2.086906759803540990e+04 5.635581270964828036e+03 9.209054622226724405e+02
1.002379165983474581e+06 8.254662927111102035e+05 4.046438859561869176e+05 2.475994363346134778e+05 1.437997086392971105e+05 7.663306424833158962e+04 3.560969375357367971e+04 1.336194358048222603e+04 3.608322155846733949e+03 5.896328032564156274e+02
6.319844533310502302e+05 4.046438859561869176e+05 3.541961589929504553e+05 1.561075885525604244e+05 9.066347679363955103e+04 4.831595354293660785e+04 2.245135733448534302e+04 8.424497331672011569e+03 2.274990924085816914e+03 3.717542996481274145e+02
3.867079173758967081e+05 2.475994363346134778e+05 1.561075885525604244e+05 1.462581286499262205e+05 5.547649805012019351e+04 2.956427436171808949e+04 1.373786584672987919e+04 5.154904999479708749e+03 1.392054816641910065e+03 2.274744738335467957e+02
2.245905187442038441e+05 1.437997086392971105e+05 9.066347679363955103e+04 5.547649805012018624e+04 5.630417883281003014e+04 1.717020887560470510e+04 7.978617137947577248e+03 2.993842990767789615e+03 8.084714569887444213e+02 1.321116216756451536e+02
1.196877227036836703e+05 7.663306424833158962e+04 4.831595354293660785e+04 2.956427436171808949e+04 1.717020887560470510e+04 1.938156812273992546e+04 4.251927111193657765e+03 1.595464722647067219e+03 4.308468055506870087e+02 7.040430392815348171e+01
5.561624337152371299e+04 3.560969375357367971e+04 2.245135733448533938e+04 1.373786584672987919e+04 7.978617137947577248e+03 4.251927111193658675e+03 5.667416029034561689e+03 7.413772465627243946e+02 2.002050022513551824e+02 3.271532629428494232e+01
2.086906759803540990e+04 1.336194358048222784e+04 8.424497331672009750e+03 5.154904999479708749e+03 2.993842990767789615e+03 1.595464722647066765e+03 7.413772465627243946e+02 1.324951490746826266e+03 7.512358750191323509e+01 1.227588047194121046e+01
5.635581270964828036e+03 3.608322155846733949e+03 2.274990924085816914e+03 1.392054816641910065e+03 8.084714569887444213e+02 4.308468055506870087e+02 2.002050022513552108e+02 7.512358750191323509e+01 2.279983461398928739e+02 3.315036560559488255e+00
9.209054622226722131e+02 5.896328032564156274e+02 3.717542996481274145e+02 2.274744738335467673e+02 1.321116216756451820e+02 7.040430392815348171e+01 3.271532629428494232e+01 1.227588047194121046e+01 3.315036560559488699e+00 2.477875863503827958e+01
