1.454804320894263219e+05 3.195331207131841220e+05 1.969513901606178551e+05 1.149793456211523444e+05 6.247940212875531870e+04 3.087336052980706154e+04 1.346077038947423171e+04 4.975193787300213444e+03 1.478298133852929368e+03 3.292599157690908100e+02
3.195331207131841220e+05 8.190572444230773544e+04 1.264223782278133585e+05 7.380482213732753007e+04 4.010530009931651875e+04 1.981749739811366089e+04 8.640419364534855049e+03 3.193558726454240059e+03 9.489141745027194474e+02 2.113507377260514204e+02
1.969513901606178260e+05 1.264223782278133585e+05 4.385216891500660131e+04 4.549125388961294084e+04 2.471979928008522256e+04 1.221495804050421611e+04 5.325715849479533972e+03 1.968421393472100362e+03 5.848844883256401772e+02 1.302707572651965791e+02
1.149793456211523444e+05 7.380482213732753007e+04 4.549125388961294084e+04 2.201522390691257533e+04 1.443130887673606048e+04 7.131038177195073331e+03 3.109129226445036693e+03 1.149155654821852295e+03 3.414529629712244514e+02 7.605148870342601697e+01
6.247940212875532598e+04 4.010530009931651148e+04 2.471979928008521892e+04 1.443130887673606230e+04 1.018129462570526630e+04 3.874982932469502884e+03 1.689490700785382842e+03 6.244474420885827612e+02 1.855444285778700362e+02 4.132613139796564639e+01
3.087336052980706154e+04 1.981749739811366089e+04 1.221495804050421611e+04 7.131038177195073331e+03 3.874982932469502884e+03 4.236057674083359416e+03 8.348392228468112535e+02 3.085623478244492048e+02 9.168429662589882412e+01 2.042075484849058142e+01
1.346077038947423353e+04 8.640419364534855049e+03 5.325715849479533972e+03 3.109129226445036693e+03 1.689490700785383069e+03 8.348392228468113672e+02 1.538046692386758650e+03 1.345330357183488275e+02 3.997430937296751097e+01 8.903439323681299200e+00
4.975193787300214353e+03 3.193558726454239604e+03 1.968421393472100135e+03 1.149155654821852522e+03 6.244474420885827612e+02 3.085623478244491480e+02 1.345330357183488275e+02 4.680525145387736075e+02 1.477478107787356265e+01 3.290772721553999691e+00
1.478298133852929368e+03 9.489141745027194474e+02 5.848844883256402909e+02 3.414529629712245082e+02 1.855444285778700078e+02 9.168429662589882412e+01 3.997430937296751097e+01 1.477478107787355910e+01 1.131754484336867677e+02 9.777997362887155264e-01
3.292599157690908100e+02 2.113507377260514204e+02 1.302707572651965791e+02 7.605148870342601697e+01 4.132613139796564639e+01 2.042075484849058142e+01 8.903439323681300976e+00 3.290772721553999691e+00 9.777997362887155264e-01 2.026778697754098246e+01
