4.764601477613814495e+03 4.847673939571886876e+02 2.818984344441196299e+02 1.565686954363364691e+02 8.260056288868851482e+01 4.109580010393086269e+01 1.914178865912317917e+01 8.270534532485422474e+00 3.281608592791418921e+00 1.182290774868590244e+00
4.847673939571886876e+02 2.506833969158919899e+03 1.706660678732549457e+02 9.478932955004279393e+01 5.000777425432786316e+01 2.488009067405265284e+01 1.158876177852986089e+01 5.007121130887499660e+00 1.986741203210962814e+00 7.157787804942352672e-01
2.818984344441195731e+02 1.706660678732549457e+02 1.283851706078470443e+03 5.512120644922045187e+01 2.908015977983645683e+01 1.446809067043518660e+01 6.739013067372109589e+00 2.911704923771976539e+00 1.155315398296481666e+00 4.162345078173007584e-01
1.565686954363364691e+02 9.478932955004279393e+01 5.512120644922045187e+01 6.348784767340475810e+02 1.615135851601105799e+01 8.035695856883895871e+00 3.742902959243040950e+00 1.617184722254656037e+00 6.416716186646593822e-01 2.311800489883842347e-01
8.260056288868850061e+01 5.000777425432787027e+01 2.908015977983645328e+01 1.615135851601105799e+01 3.006676515934551617e+02 4.239372367069413450e+00 1.974634140047013764e+00 8.531741800680585630e-01 3.385251230693716029e-01 1.219630918036212347e-01
4.109580010393085558e+01 2.488009067405264929e+01 1.446809067043518660e+01 8.035695856883895871e+00 4.239372367069413450e+00 1.350168802315622827e+02 9.824287760257168767e-01 4.244750196818997678e-01 1.684245276459565011e-01 6.067962088313279267e-02
1.914178865912317917e+01 1.158876177852986267e+01 6.739013067372109589e+00 3.742902959243040950e+00 1.974634140047013764e+00 9.824287760257168767e-01 5.693683246782306639e+01 1.977139050043922319e-01 7.844954241207666157e-02 2.826362976078290387e-02
8.270534532485422474e+00 5.007121130887500549e+00 2.911704923771976095e+00 1.617184722254656037e+00 8.531741800680585630e-01 4.244750196818997123e-01 1.977139050043922042e-01 2.229756318193021514e+01 3.389545570327490848e-02 1.221178073338132983e-02
3.281608592791418477e+00 1.986741203210963258e+00 1.155315398296481666e+00 6.416716186646594933e-01 3.385251230693716029e-01 1.684245276459565011e-01 7.844954241207667545e-02 3.389545570327490848e-02 8.016847550725115568e+00 4.845428603259326755e-03
1.182290774868590244e+00 7.157787804942351562e-01 4.162345078173007584e-01 2.311800489883842347e-01 1.219630918036212347e-01 6.067962088313279267e-02 2.826362976078290387e-02 1.221178073338132983e-02 4.845428603259326755e-03 2.613904709793445136e+00
