3.416792145090348204e+05 1.266974509056132287e+06 8.055612704019136727e+05 4.983629226519539952e+05 2.940260906850626925e+05 1.605261202009902918e+05 7.753312096594546165e+04 3.098092761224016795e+04 9.266671689586080902e+03 1.788016869644577355e+03
1.266974509056132287e+06 1.930001329739455250e+05 5.195632182068777038e+05 3.214293604244996095e+05 1.896381411644830659e+05 1.035346046071438032e+05 5.000657222087084665e+04 1.998178294398247817e+04 5.976729445676775867e+03 1.153218051976642300e+03
8.055612704019136727e+05 5.195632182068777038e+05 1.054216735419781471e+05 2.043695765599360166e+05 1.205747557043788402e+05 6.582884424409165513e+04 3.179492370110901538e+04 1.270471531841741125e+04 3.800093633055566443e+03 7.332332200533373907e+02
4.983629226519539952e+05 3.214293604244996095e+05 2.043695765599360166e+05 5.487140806368983613e+04 7.459393823749653529e+04 4.072521410558598291e+04 1.967002596000539779e+04 7.859810656473822746e+03 2.350939449181536929e+03 4.536169549821701139e+02
2.940260906850626925e+05 1.896381411644830659e+05 1.205747557043788402e+05 7.459393823749654985e+04 2.663375568571441909e+04 2.402721982618316542e+04 1.160499823285039565e+04 4.637161586079186236e+03 1.387016377546383637e+03 2.676266910711090645e+02
1.605261202009903209e+05 1.035346046071438032e+05 6.582884424409165513e+04 4.072521410558597563e+04 2.402721982618315815e+04 1.168286420361821547e+04 6.335850457754846502e+03 2.531698994548374230e+03 7.572537431082618014e+02 1.461131366940175269e+02
7.753312096594547620e+04 5.000657222087084665e+04 3.179492370110901174e+04 1.967002596000539779e+04 1.160499823285039565e+04 6.335850457754846502e+03 4.422634689479667941e+03 1.222794920527024942e+03 3.657488637538606895e+02 7.057173927723879103e+01
3.098092761224016795e+04 1.998178294398248181e+04 1.270471531841740943e+04 7.859810656473820927e+03 4.637161586079186236e+03 2.531698994548374230e+03 1.222794920527025170e+03 1.349937514226328176e+03 1.461470779332411780e+02 2.819927688682021127e+01
9.266671689586082721e+03 5.976729445676775867e+03 3.800093633055566443e+03 2.350939449181536929e+03 1.387016377546383637e+03 7.572537431082618014e+02 3.657488637538605758e+02 1.461470779332411780e+02 3.003840524973851984e+02 8.434655155084977096e+00
1.788016869644577582e+03 1.153218051976642300e+03 7.332332200533373907e+02 4.536169549821701139e+02 2.676266910711090645e+02 1.461131366940175269e+02 7.057173927723879103e+01 2.819927688682021127e+01 8.434655155084977096e+00 4.196463120940133962e+01
