1.690375303493540559e+05 4.414960648203150486e+05 2.682850787716746563e+05 1.539260297186597600e+05 8.168336888731329236e+04 3.901263678392393922e+04 1.616134815811913177e+04 5.527214419578506750e+03 1.459840887704147690e+03 2.720774187458574715e+02
4.414960648203149904e+05 9.331309556776192039e+04 1.700277071717045328e+05 9.755179090440920845e+04 5.176745568392286805e+04 2.472455499002361830e+04 1.024237719335572547e+04 3.502914135627799624e+03 9.251852548351570249e+02 1.724311314455332536e+02
2.682850787716746563e+05 1.700277071717045037e+05 4.884391240069751075e+04 5.927955420793841768e+04 3.145766640439454932e+04 1.502443557632331976e+04 6.224012377657332763e+03 2.128625076623953191e+03 5.622097652735876636e+02 1.047816806733748933e+02
1.539260297186597309e+05 9.755179090440920845e+04 5.927955420793843223e+04 2.386129260537247319e+04 1.804853894973211573e+04 8.620127990775907165e+03 3.570968309526938810e+03 1.221278530675020647e+03 3.225625421802610617e+02 6.011749951635352573e+01
8.168336888731329236e+04 5.176745568392286805e+04 3.145766640439454568e+04 1.804853894973211573e+04 1.065298205486555526e+04 4.574412110890987606e+03 1.894992823794209926e+03 6.480914561209553995e+02 1.711730963911542460e+02 3.190233580735236885e+01
3.901263678392394650e+04 2.472455499002361466e+04 1.502443557632331976e+04 8.620127990775907165e+03 4.574412110890987606e+03 4.227717633675194520e+03 9.050638795862419101e+02 3.095337144491623462e+02 8.175365349953003147e+01 1.523681327502536220e+01
1.616134815811913177e+04 1.024237719335572729e+04 6.224012377657332763e+03 3.570968309526939265e+03 1.894992823794209698e+03 9.050638795862417965e+02 1.436715398210176090e+03 1.282272242605793053e+02 3.386721242970663326e+01 6.311991817466903854e+00
5.527214419578505840e+03 3.502914135627799624e+03 2.128625076623953191e+03 1.221278530675020647e+03 6.480914561209553995e+02 3.095337144491623462e+02 1.282272242605793053e+02 3.977840159780811859e+02 1.158265653712570042e+01 2.158714226587447715e+00
1.459840887704147690e+03 9.251852548351570249e+02 5.622097652735876636e+02 3.225625421802610617e+02 1.711730963911542460e+02 8.175365349953003147e+01 3.386721242970664036e+01 1.158265653712570042e+01 8.390218873464318960e+01 5.701568735379929365e-01
2.720774187458574715e+02 1.724311314455332251e+02 1.047816806733748933e+02 6.011749951635352573e+01 3.190233580735236885e+01 1.523681327502536398e+01 6.311991817466903854e+00 2.158714226587447715e+00 5.701568735379929365e-01 1.231343070709050558e+01
