3.596953723942592624e+05 1.129745549774763407e+06 7.111137164889939595e+05 4.394692109430611599e+05 2.613171047769261349e+05 1.446768422406986065e+05 7.081617952156413230e+04 2.825074352911431197e+04 8.090486470627160998e+03 1.365645304724615698e+03
1.129745549774763174e+06 2.009004413258104469e+05 4.502918072857587831e+05 2.782809284273735830e+05 1.654713566286627320e+05 9.161234730024935561e+04 4.484225901207377319e+04 1.788895090323887416e+04 5.123062163203358978e+03 8.647546491043891592e+02
7.111137164889939595e+05 4.502918072857587831e+05 1.090485273362995358e+05 1.751627924371557892e+05 1.041552687754721992e+05 5.766501738196628139e+04 2.822577656375396691e+04 1.126012699357614838e+04 3.224690529124901786e+03 5.443162776771796416e+02
4.394692109430610435e+05 2.782809284273735830e+05 1.751627924371558183e+05 5.666310091974921670e+04 6.436809292656591424e+04 3.563705649356975482e+04 1.744356699512501291e+04 6.958773273869428522e+03 1.992862983106326283e+03 3.363881746442962708e+02
2.613171047769261349e+05 1.654713566286627029e+05 1.041552687754721992e+05 6.436809292656592879e+04 2.755107383358737206e+04 2.119050025299262052e+04 1.037229073310212152e+04 4.137824537979326124e+03 1.184995835874212844e+03 2.000230771357304036e+02
1.446768422406985774e+05 9.161234730024935561e+04 5.766501738196628139e+04 3.563705649356975482e+04 2.119050025299262416e+04 1.210333871265359448e+04 5.742564273963969754e+03 2.290884817555142490e+03 6.560667192031289687e+02 1.107417258428939704e+02
7.081617952156411775e+04 4.484225901207377319e+04 2.822577656375396691e+04 1.744356699512501291e+04 1.037229073310212152e+04 5.742564273963969754e+03 4.553184337071682421e+03 1.121338480924998748e+03 3.211304438613385059e+02 5.420567532688463075e+01
2.825074352911431197e+04 1.788895090323887416e+04 1.126012699357614838e+04 6.958773273869428522e+03 4.137824537979326124e+03 2.290884817555142490e+03 1.121338480924998521e+03 1.350268647320027867e+03 1.281087721790295291e+02 2.162430452797793734e+01
8.090486470627160998e+03 5.123062163203358978e+03 3.224690529124901786e+03 1.992862983106326283e+03 1.184995835874212844e+03 6.560667192031290824e+02 3.211304438613385059e+02 1.281087721790295575e+02 2.777598325019000072e+02 6.192797829905897444e+00
1.365645304724615698e+03 8.647546491043891592e+02 5.443162776771796416e+02 3.363881746442962140e+02 2.000230771357304036e+02 1.107417258428939704e+02 5.420567532688464496e+01 2.162430452797793734e+01 6.192797829905896556e+00 3.251953800933384997e+01
