5.180086806914047884e+03 8.219928438685763012e+02 4.435979250255788884e+02 2.253892041399317350e+02 1.068773527824963594e+02 4.678854927814118270e+01 1.868153937857616143e+01 6.708416576321267755e+00 2.129914449756517225e+00 5.864011554240016189e-01
8.219928438685764149e+02 2.684115921040932790e+03 2.523039003295507712e+02 1.281939614424459819e+02 6.078832078027936348e+01 2.661178695314164955e+01 1.062544476307699171e+01 3.815526565286955663e+00 1.211425240573096529e+00 3.335256779271442706e-01
4.435979250255788884e+02 2.523039003295507428e+02 1.316011450402335413e+03 6.918135081206395398e+01 3.280511888280205568e+01 1.436135796277543619e+01 5.734143897399255785e+00 2.059092946935533686e+00 6.537596124471343195e-01 1.799909813994509111e-01
2.253892041399317350e+02 1.281939614424459819e+02 6.918135081206395398e+01 6.057965019341515926e+02 1.666806632669495158e+01 7.296912043517742141e+00 2.913481007342721973e+00 1.046211657850260934e+00 3.321709828552359411e-01 9.145224033148544041e-02
1.068773527824963594e+02 6.078832078027936348e+01 3.280511888280205568e+01 1.666806632669494803e+01 2.595146447337626228e+02 3.460124213463707576e+00 1.381544154411003422e+00 4.961033198901671493e-01 1.575122262585684774e-01 4.336575653636705330e-02
4.678854927814118270e+01 2.661178695314164955e+01 1.436135796277543619e+01 7.296912043517743029e+00 3.460124213463707576e+00 1.023359751362840058e+02 6.048095790708383213e-01 2.171830984340399062e-01 6.895538080183179208e-02 1.898457235196399778e-02
1.868153937857616143e+01 1.062544476307699171e+01 5.734143897399255785e+00 2.913481007342721529e+00 1.381544154411003200e+00 6.048095790708382102e-01 3.669611767181738315e+01 8.671597363785348012e-02 2.753222063279395226e-02 7.580081910005601054e-03
6.708416576321266867e+00 3.815526565286955218e+00 2.059092946935533686e+00 1.046211657850260934e+00 4.961033198901671493e-01 2.171830984340399062e-01 8.671597363785348012e-02 1.179833483100563818e+01 9.886637366071615932e-03 2.721957013524769087e-03
2.129914449756517225e+00 1.211425240573096751e+00 6.537596124471343195e-01 3.321709828552359967e-01 1.575122262585684496e-01 6.895538080183179208e-02 2.753222063279395226e-02 9.886637366071614197e-03 3.343470459909493542e+00 8.642181815580884810e-04
5.864011554240016189e-01 3.335256779271442706e-01 1.799909813994509111e-01 9.145224033148542653e-02 4.336575653636705330e-02 1.898457235196399431e-02 7.580081910005601054e-03 2.721957013524769521e-03 8.642181815580884810e-04 8.189894580926113665e-01
