1.254772705028376076e+06 6.545853668979603099e+05 4.064203348589866655e+05 2.407126203091264761e+05 1.330118200747302326e+05 6.646464083133767417e+04 2.874173496580309438e+04 1.010950933111574705e+04 2.649555839498641035e+03 4.568384531919666074e+02
6.545853668979603099e+05 5.491349785815763753e+05 2.603792721960714262e+05 1.542161439984202152e+05 8.521601389986960567e+04 4.258156721523683518e+04 1.841382280895168515e+04 6.476808506170410510e+03 1.697477616052046642e+03 2.926803945343314695e+02
4.064203348589866655e+05 2.603792721960714553e+05 2.306526853934787214e+05 9.575004278131066530e+04 5.290909735526045552e+04 2.643813271972322400e+04 1.143281290798361078e+04 4.021334443160026694e+03 1.053933460811766281e+03 1.817200169276713382e+02
2.407126203091264179e+05 1.542161439984202152e+05 9.575004278131067986e+04 9.114966476011702616e+04 3.133673778157364723e+04 1.565864612865177878e+04 6.771369728681496781e+03 2.381736020389454552e+03 6.242184832397462060e+02 1.076282303946617418e+02
1.330118200747302326e+05 8.521601389986960567e+04 5.290909735526045552e+04 3.133673778157364723e+04 3.309265172295767115e+04 8.652579240770011893e+03 3.741690862964319876e+03 1.316088215909529026e+03 3.449276422373694686e+02 5.947268904236006648e+01
6.646464083133767417e+04 4.258156721523683518e+04 2.643813271972322400e+04 1.565864612865177878e+04 8.652579240770011893e+03 1.074736972102098298e+04 1.869684507505419333e+03 6.576357689387120899e+02 1.723568013822127512e+02 2.971789209600671811e+01
2.874173496580309438e+04 1.841382280895168151e+04 1.143281290798361078e+04 6.771369728681496781e+03 3.741690862964319876e+03 1.869684507505419333e+03 3.031790727449008045e+03 2.843856934822493372e+02 7.453336756083727721e+01 1.285110049015770706e+01
1.010950933111574705e+04 6.476808506170410510e+03 4.021334443160026694e+03 2.381736020389454552e+03 1.316088215909529254e+03 6.576357689387120899e+02 2.843856934822493372e+02 7.143919955297044453e+02 2.621608527572442071e+01 4.520197562009818704e+00
2.649555839498641035e+03 1.697477616052046642e+03 1.053933460811766281e+03 6.242184832397460923e+02 3.449276422373694686e+02 1.723568013822127796e+02 7.453336756083727721e+01 2.621608527572442071e+01 1.309663029813559945e+02 1.184678252311265556e+00
4.568384531919664937e+02 2.926803945343315263e+02 1.817200169276713666e+02 1.076282303946617418e+02 5.947268904236006648e+01 2.971789209600671455e+01 1.285110049015770883e+01 4.520197562009818704e+00 1.184678252311265556e+00 1.637218786531111903e+01
