2.400067612840889196e+05 6.740460595003734343e+05 4.103473681075692875e+05 2.366678611274323193e+05 1.260752294973451208e+05 5.984717645859609911e+04 2.407298915869384655e+04 7.638984262391591983e+03 1.727965003239125053e+03 2.411090961542202535e+02
6.740460595003734343e+05 1.309193351872324420e+05 2.590213253610378888e+05 1.493905598622475809e+05 7.958177772700809874e+04 3.777700594720963272e+04 1.519546131377211896e+04 4.821914265423265533e+03 1.090733900355268815e+03 1.521939763632080940e+02
4.103473681075692875e+05 2.590213253610378888e+05 6.781434278189826000e+04 9.094634141920330876e+04 4.844798449501398136e+04 2.299797580140424179e+04 9.250729188905412229e+03 2.935496469667715246e+03 6.640195859141291521e+02 9.265301200449115981e+01
2.366678611274323193e+05 1.493905598622475809e+05 9.094634141920330876e+04 3.273878702712880840e+04 2.794237701401369486e+04 1.326408347220586802e+04 5.335358433280921417e+03 1.693047707427397427e+03 3.829733229916173514e+02 5.343762841527227181e+01
1.260752294973451499e+05 7.958177772700809874e+04 4.844798449501398136e+04 2.794237701401369486e+04 1.435048898132144132e+04 7.065903920642072080e+03 2.842196383244027402e+03 9.019026801823828237e+02 2.040135460620532797e+02 2.846673491768162378e+01
5.984717645859609911e+04 3.777700594720964000e+04 2.299797580140424179e+04 1.326408347220587166e+04 7.065903920642072080e+03 5.506160299326447785e+03 1.349174053905416713e+03 4.281279444388594015e+02 9.684404097298694580e+01 1.351299311221516675e+01
2.407298915869384655e+04 1.519546131377211896e+04 9.250729188905412229e+03 5.335358433280921417e+03 2.842196383244027402e+03 1.349174053905416940e+03 1.757419041839744295e+03 1.722106200305161678e+02 3.895464558866351723e+01 5.435480100166636852e+00
7.638984262391591983e+03 4.821914265423265533e+03 2.935496469667715246e+03 1.693047707427397427e+03 9.019026801823828237e+02 4.281279444388593447e+02 1.722106200305161678e+02 4.341321662020378085e+02 1.236132009353625172e+01 1.724818910937792715e+00
1.727965003239125053e+03 1.090733900355269043e+03 6.640195859141291521e+02 3.829733229916173514e+02 2.040135460620532797e+02 9.684404097298694580e+01 3.895464558866351723e+01 1.236132009353625172e+01 7.495501935861236120e+01 3.901600805356842394e-01
2.411090961542202535e+02 1.521939763632080940e+02 9.265301200449115981e+01 5.343762841527227181e+01 2.846673491768162378e+01 1.351299311221516675e+01 5.435480100166636852e+00 1.724818910937792493e+00 3.901600805356842394e-01 7.822438862047315311e+00
