1.901906271890126634e+06 1.002753167855594773e+06 6.285877345003264491e+05 3.808066182693855953e+05 2.176696474698817765e+05 1.132546319811443973e+05 5.082045017627613561e+04 1.814317819542200232e+04 4.565865985833134800e+03 6.758924219268709521e+02
1.002753167855594773e+06 8.248035004788878141e+05 4.014307727250755415e+05 2.431919788447970350e+05 1.390089083619941666e+05 7.232704670418800379e+04 3.245512354884826345e+04 1.158665631372292046e+04 2.915868398719417655e+03 4.316406482681466628e+02
6.285877345003265655e+05 4.014307727250755997e+05 3.502753818407259532e+05 1.524477807012189296e+05 8.713938542771356879e+04 4.533906836525900871e+04 2.034487971563968676e+04 7.263233142660930753e+03 1.827846741957223685e+03 2.705790676217536088e+02
3.808066182693855371e+05 2.431919788447970059e+05 1.524477807012189296e+05 1.422339455245036515e+05 5.279017209773910872e+04 2.746699681212088763e+04 1.232519252029112249e+04 4.400161025982274623e+03 1.107333309761046394e+03 1.639203154312739059e+02
2.176696474698818056e+05 1.390089083619941666e+05 8.713938542771356879e+04 5.279017209773910872e+04 5.342434122579114046e+04 1.570017753452309807e+04 7.045098961469060669e+03 2.515138795877579014e+03 6.329534194094176200e+02 9.369710388761302511e+01
1.132546319811443973e+05 7.232704670418800379e+04 4.533906836525900871e+04 2.746699681212088763e+04 1.570017753452309807e+04 1.779247597529244740e+04 3.665601058421902053e+03 1.308639592242771187e+03 3.293289046482207709e+02 4.875108285347392467e+01
5.082045017627612833e+04 3.245512354884825982e+04 2.034487971563968676e+04 1.232519252029112431e+04 7.045098961469060669e+03 3.665601058421902508e+03 4.992739985725167571e+03 5.872223681531055490e+02 1.477788846028740011e+02 2.187594391377268366e+01
1.814317819542200232e+04 1.158665631372292046e+04 7.263233142660930753e+03 4.400161025982275532e+03 2.515138795877578559e+03 1.308639592242771187e+03 5.872223681531055490e+02 1.111786517172076856e+03 5.275786868417525710e+01 7.809831421090296821e+00
4.565865985833133891e+03 2.915868398719418110e+03 1.827846741957223685e+03 1.107333309761046394e+03 6.329534194094176200e+02 3.293289046482207709e+02 1.477788846028739442e+02 5.275786868417525710e+01 1.799877186924112777e+02 1.965402271672812562e+00
6.758924219268709521e+02 4.316406482681466059e+02 2.705790676217536088e+02 1.639203154312739059e+02 9.369710388761302511e+01 4.875108285347393178e+01 2.187594391377268366e+01 7.809831421090295933e+00 1.965402271672812562e+00 1.790917676100950828e+01
