3.533942257722882787e+05 1.034417863313597976e+06 6.434226147074054461e+05 3.883183955433467054e+05 2.215707517731991538e+05 1.147985135425083718e+05 5.073147864723804378e+04 1.735514855862811237e+04 3.960045496024975819e+03 4.792391944832949662e+02
1.034417863313597976e+06 1.938435180757267226e+05 4.058830156614814769e+05 2.449585044374528807e+05 1.397709730065733311e+05 7.241704877171209955e+04 3.200236527538085647e+04 1.094795220623742352e+04 2.498070741287522196e+03 3.023130443876519280e+02
6.434226147074054461e+05 4.058830156614814769e+05 1.024681064326600026e+05 1.523676717212484218e+05 8.693953198372363113e+04 4.504443370769870671e+04 1.990592609871101013e+04 6.809781891878889837e+03 1.553835509892006485e+03 1.880430108360270935e+02
3.883183955433467054e+05 2.449585044374528807e+05 1.523676717212484218e+05 5.124842021312772704e+04 5.246974352084498241e+04 2.718521516917220652e+04 1.201362387296724228e+04 4.109839346347908759e+03 9.377707564940476459e+02 1.134877117960674440e+02
2.215707517731991829e+05 1.397709730065733602e+05 8.693953198372363113e+04 5.246974352084498969e+04 2.358184508193797228e+04 1.551162301678105177e+04 6.854858548045966018e+03 2.345034909724564841e+03 5.350829986217167971e+02 6.475499978436617710e+01
1.147985135425083572e+05 7.241704877171209955e+04 4.504443370769870671e+04 2.718521516917220652e+04 1.551162301678105177e+04 9.571727144195203437e+03 3.551585963229193567e+03 1.214991237278606832e+03 2.772330389821388508e+02 3.355035653487305325e+01
5.073147864723804378e+04 3.200236527538085647e+04 1.990592609871101013e+04 1.201362387296724228e+04 6.854858548045966927e+03 3.551585963229193567e+03 3.214519329237250076e+03 5.369259593048400347e+02 1.225141472953255288e+02 1.482649159499687741e+01
1.735514855862811601e+04 1.094795220623742352e+04 6.809781891878889837e+03 4.109839346347908759e+03 2.345034909724564841e+03 1.214991237278606832e+03 5.369259593048400347e+02 8.097720190719805942e+02 4.191187175183548419e+01 5.072116388005790455e+00
3.960045496024975819e+03 2.498070741287522196e+03 1.553835509892006485e+03 9.377707564940476459e+02 5.350829986217169107e+02 2.772330389821388508e+02 1.225141472953255288e+02 4.191187175183548419e+01 1.317285806769858141e+02 1.157340231907789230e+00
4.792391944832949662e+02 3.023130443876519280e+02 1.880430108360270935e+02 1.134877117960674724e+02 6.475499978436619131e+01 3.355035653487304614e+01 1.482649159499687741e+01 5.072116388005789567e+00 1.157340231907789230e+00 1.099613824636515425e+01
