1.086099200467464980e+06 5.541018954646019265e+05 3.366364889397172374e+05 1.934611992348998901e+05 1.026869077406810247e+05 4.868527813330539357e+04 1.968113028092636887e+04 6.357366210088587650e+03 1.498271952364189474e+03 2.267138298073489295e+02
5.541018954646019265e+05 4.634965596107444144e+05 2.124638033278947987e+05 1.221005551575337304e+05 6.480952507341717865e+04 3.072708900588244796e+04 1.242149300703470726e+04 4.012370163430329285e+03 9.456151304970695719e+02 1.430875265471536864e+02
3.366364889397172956e+05 2.124638033278947987e+05 1.881076829446863558e+05 7.418040350025889347e+04 3.937407749214150681e+04 1.866779277050723977e+04 7.546496100272853255e+03 2.437656711156213078e+03 5.744946191745016222e+02 8.693073050673145019e+01
1.934611992348998901e+05 1.221005551575337304e+05 7.418040350025889347e+04 7.117063600772927748e+04 2.262783893210591123e+04 1.072817028191393729e+04 4.336886325598888106e+03 1.400893860759499375e+03 3.301555880931222760e+02 4.995811187066465919e+01
1.026869077406810247e+05 6.480952507341717865e+04 3.937407749214150681e+04 2.262783893210590759e+04 2.455901336344753508e+04 5.694385418481780107e+03 2.301967773175344519e+03 7.435778295762074777e+02 1.752426664812733179e+02 2.651717266743851198e+01
4.868527813330539357e+04 3.072708900588244796e+04 1.866779277050723613e+04 1.072817028191393729e+04 5.694385418481780107e+03 7.548895486231321229e+03 1.091394645692970698e+03 3.525404965752563839e+02 8.308496327504938961e+01 1.257215700645428491e+01
1.968113028092636887e+04 1.242149300703470544e+04 7.546496100272853255e+03 4.336886325598889016e+03 2.301967773175344973e+03 1.091394645692970698e+03 2.012344894135361983e+03 1.425152676216010263e+02 3.358727831696604937e+01 5.082321996369972616e+00
6.357366210088587650e+03 4.012370163430328830e+03 2.437656711156213078e+03 1.400893860759499375e+03 7.435778295762077050e+02 3.525404965752564408e+02 1.425152676216009979e+02 4.457982714899474672e+02 1.084930718984451481e+01 1.641683260428660196e+00
1.498271952364189474e+03 9.456151304970694582e+02 5.744946191745016222e+02 3.301555880931222760e+02 1.752426664812733179e+02 8.308496327504938961e+01 3.358727831696605648e+01 1.084930718984451836e+01 7.544911836685380990e+01 3.869036173915457733e-01
2.267138298073489295e+02 1.430875265471536864e+02 8.693073050673145019e+01 4.995811187066467340e+01 2.651717266743851198e+01 1.257215700645428491e+01 5.082321996369973505e+00 1.641683260428660196e+00 3.869036173915458288e-01 8.435506718070767462e+00
