2.541979874313785695e+05 7.192501835396970855e+05 4.500405269657791941e+05 2.699928747469077935e+05 1.518295747941476875e+05 7.750405819348173100e+04 3.427738946966968797e+04 1.228698139503341554e+04 3.240900176991404351e+03 5.472901487881987350e+02
7.192501835396970855e+05 1.420169316593241529e+05 2.892065214139778982e+05 1.735037078517386108e+05 9.756921997675494640e+04 4.980591240687922254e+04 2.202744859115562576e+04 7.895900335673733025e+03 2.082677915157850293e+03 3.517013927663650179e+02
4.500405269657791941e+05 2.892065214139778982e+05 7.599629338307565195e+04 1.085626418999772577e+05 6.104983242114853783e+04 3.116395320928860747e+04 1.378274875494439402e+04 4.940527273066390080e+03 1.303148039288471182e+03 2.200623423635699965e+02
2.699928747469078517e+05 1.735037078517386108e+05 1.085626418999772577e+05 3.831516961734926736e+04 3.662563429416708823e+04 1.869619470091357653e+04 8.268686341096483375e+03 2.963971201025025493e+03 7.817977810141629789e+02 1.320220310798729884e+02
1.518295747941476875e+05 9.756921997675496095e+04 6.104983242114853783e+04 3.662563429416708095e+04 1.777507374964287010e+04 1.051374149917567593e+04 4.649867639846795100e+03 1.666779123617900723e+03 4.396413230447593037e+02 7.424214013464971629e+01
7.750405819348171644e+04 4.980591240687922254e+04 3.116395320928860747e+04 1.869619470091357653e+04 1.051374149917567775e+04 7.341305099251781940e+03 2.373606147809383856e+03 8.508365143464898210e+02 2.244225917889728237e+02 3.789819708845229229e+01
3.427738946966968797e+04 2.202744859115562576e+04 1.378274875494439402e+04 8.268686341096483375e+03 4.649867639846795100e+03 2.373606147809383856e+03 2.574192918725225809e+03 3.762958386574348424e+02 9.925442310826355197e+01 1.676107409183941854e+01
1.228698139503341554e+04 7.895900335673733025e+03 4.940527273066390080e+03 2.963971201025025493e+03 1.666779123617900723e+03 8.508365143464898210e+02 3.762958386574347855e+02 7.163396943109703443e+02 3.557847516903570551e+01 6.008129811327552083e+00
3.240900176991404351e+03 2.082677915157850293e+03 1.303148039288471182e+03 7.817977810141629789e+02 4.396413230447593037e+02 2.244225917889728521e+02 9.925442310826356618e+01 3.557847516903570551e+01 1.435250498119946769e+02 1.584746354119944245e+00
5.472901487881987350e+02 3.517013927663650179e+02 2.200623423635700249e+02 1.320220310798729599e+02 7.424214013464971629e+01 3.789819708845229229e+01 1.676107409183941499e+01 6.008129811327552083e+00 1.584746354119944245e+00 1.800233822593224886e+01
