4.415408336243377562e+04 5.221741271035021782e+04 3.032570227318946127e+04 1.656889007071115338e+04 8.403885615093608067e+03 3.891323592398689016e+03 1.611534695541095971e+03 5.818084953320170598e+02 1.774696725246936069e+02 4.397051793530580710e+01
5.221741271035021782e+04 2.401604120273483204e+04 1.851133445550156102e+04 1.011393777108117138e+04 5.129877486277078788e+03 2.375331388686747232e+03 9.837087189957630926e+02 3.551459929640192854e+02 1.083305650836432648e+02 2.684036650988558748e+01
3.032570227318946127e+04 1.851133445550155739e+04 1.236013611749687516e+04 5.873754553039706479e+03 2.979219560526801615e+03 1.379493712050537852e+03 5.712971246063490298e+02 2.062540269063984226e+02 6.291388817052145299e+01 1.558776893441789824e+01
1.656889007071115338e+04 1.011393777108117138e+04 5.873754553039706479e+03 5.951029328628485928e+03 1.627740091563239957e+03 7.537065246601034687e+02 3.121365226778117403e+02 1.126898980827524781e+02 3.437392109266890827e+01 8.516605076293691567e+00
8.403885615093608067e+03 5.129877486277078788e+03 2.979219560526802525e+03 1.627740091563239957e+03 2.644604837469798895e+03 3.822865257456183485e+02 1.583183678377083652e+02 5.715729957905145397e+01 1.743475270656100662e+01 4.319696406014347012e+00
3.891323592398689470e+03 2.375331388686746777e+03 1.379493712050537852e+03 7.537065246601034687e+02 3.822865257456183485e+02 1.066559346537223973e+03 7.330751846151419215e+01 2.646603708292918711e+01 8.072963821976298249e+00 2.000186259857395843e+00
1.611534695541095971e+03 9.837087189957630926e+02 5.712971246063489161e+02 3.121365226778117403e+02 1.583183678377083652e+02 7.330751846151419215e+01 3.823712627148345859e+02 1.096052178645126673e+01 3.343299776039267535e+00 8.283478561385387851e-01
5.818084953320170598e+02 3.551459929640192854e+02 2.062540269063984226e+02 1.126898980827524781e+02 5.715729957905145397e+01 2.646603708292918711e+01 1.096052178645126673e+01 1.187574470413908472e+02 1.207023477386666377e+00 2.990564342951656518e-01
1.774696725246936069e+02 1.083305650836432648e+02 6.291388817052145299e+01 3.437392109266890827e+01 1.743475270656100662e+01 8.072963821976298249e+00 3.343299776039267979e+00 1.207023477386666377e+00 3.096279833120630443e+01 9.122150653795195463e-02
4.397051793530579999e+01 2.684036650988558748e+01 1.558776893441789646e+01 8.516605076293691567e+00 4.319696406014346124e+00 2.000186259857395843e+00 8.283478561385388961e-01 2.990564342951655963e-01 9.122150653795195463e-02 6.513689348200924378e+00
