2.417907687428101490e+05 6.457667778861841653e+05 3.976111676735145738e+05 2.326669125618093531e+05 1.263138315990419360e+05 6.148681476340045629e+04 2.558171715387307631e+04 8.498078349298626563e+03 2.046707994050557772e+03 3.114011679424934300e+02
6.457667778861841653e+05 1.334439192089069111e+05 2.532369927119119675e+05 1.481846437701118703e+05 8.044878376838154509e+04 3.916071108672512491e+04 1.629289528852706280e+04 5.412392759485218448e+03 1.303540291399411217e+03 1.983301821177367401e+02
3.976111676735144574e+05 2.532369927119119675e+05 7.011035549737133260e+04 9.124016790331470838e+04 4.953388118968550407e+04 2.411201163535585147e+04 1.003185258563321986e+04 3.332515512877447236e+03 8.026151160475827737e+02 1.221157513783293496e+02
2.326669125618093531e+05 1.481846437701118994e+05 9.124016790331473749e+04 3.444219252658591722e+04 2.898534080680274201e+04 1.410943091884982823e+04 5.870258076581589194e+03 1.950061161466664316e+03 4.696597988403748900e+02 7.145748700824026400e+01
1.263138315990419360e+05 8.044878376838154509e+04 4.953388118968550407e+04 2.898534080680274201e+04 1.543194683222420645e+04 7.659947267183753866e+03 3.186936990584169962e+03 1.058679527936298655e+03 2.549762150808749652e+02 3.879395175303131538e+01
6.148681476340045629e+04 3.916071108672513219e+04 2.411201163535584783e+04 1.410943091884982641e+04 7.659947267183753866e+03 6.090133915773953959e+03 1.551331330243362117e+03 5.153420746086934514e+02 1.241168532953411159e+02 1.888404852566457492e+01
2.558171715387306904e+04 1.629289528852706280e+04 1.003185258563321986e+04 5.870258076581589194e+03 3.186936990584169962e+03 1.551331330243362117e+03 2.016584881340179436e+03 2.144091418763332513e+02 5.163907493416200367e+01 7.856747661469662525e+00
8.498078349298626563e+03 5.412392759485218448e+03 3.332515512877446781e+03 1.950061161466664316e+03 1.058679527936298655e+03 5.153420746086934514e+02 2.144091418763332513e+02 5.230431087151889642e+02 1.715416138941135316e+01 2.609959948983697764e+00
2.046707994050557772e+03 1.303540291399411217e+03 8.026151160475827737e+02 4.696597988403747763e+02 2.549762150808749652e+02 1.241168532953411301e+02 5.163907493416201078e+01 1.715416138941135316e+01 9.643343869789035239e+01 6.285922148714480073e-01
3.114011679424934300e+02 1.983301821177367401e+02 1.221157513783293496e+02 7.145748700824027821e+01 3.879395175303131538e+01 1.888404852566457137e+01 7.856747661469663413e+00 2.609959948983697764e+00 6.285922148714480073e-01 1.100563385495462576e+01
