2.355133736992414342e+05 7.397716236282907194e+05 4.400538712083426071e+05 2.467261189983848890e+05 1.267499174268263887e+05 5.729112332705106382e+04 2.150985250612437812e+04 6.177870471185742645e+03 1.206226558729644694e+03 1.350902056983560726e+02
7.397716236282906029e+05 1.252986258398986974e+05 2.722221623141036252e+05 1.526274895132291131e+05 7.840889230293544824e+04 3.544091870086053677e+04 1.330623122163687003e+04 3.821698587822240370e+03 7.461850094772187276e+02 8.356828631386517259e+01
4.400538712083426071e+05 2.722221623141036252e+05 6.306409949416610471e+04 9.079061086946327123e+04 4.664160599434113828e+04 2.108206502569260920e+04 7.915224608854125108e+03 2.273341129136976178e+03 4.438688800302971345e+02 4.971067654947177061e+01
2.467261189983848890e+05 1.526274895132291131e+05 9.079061086946325668e+04 2.940618915033384837e+04 2.615066741541582451e+04 1.182013481662586310e+04 4.437849037393184517e+03 1.274599931165743328e+03 2.488650896612286658e+02 2.787141098010791751e+01
1.267499174268263887e+05 7.840889230293543369e+04 4.664160599434113828e+04 2.615066741541581723e+04 1.233868085319691454e+04 6.072324722098396705e+03 2.279843744658380729e+03 6.547966493509109114e+02 1.278487648289355434e+02 1.431830182649185268e+01
5.729112332705106382e+04 3.544091870086054405e+04 2.108206502569260920e+04 1.182013481662586310e+04 6.072324722098396705e+03 4.470046411455430643e+03 1.030492262190498650e+03 2.959689154334950558e+02 5.778780374554671084e+01 6.471890573412459879e+00
2.150985250612437812e+04 1.330623122163687003e+04 7.915224608854125108e+03 4.437849037393185426e+03 2.279843744658380729e+03 1.030492262190498650e+03 1.319024924663011006e+03 1.111210140012411642e+02 2.169633030450046363e+01 2.429860047867980821e+00
6.177870471185742645e+03 3.821698587822240370e+03 2.273341129136976633e+03 1.274599931165743328e+03 6.547966493509109114e+02 2.959689154334949990e+02 1.111210140012411927e+02 2.917601960418026010e+02 6.231428982746495038e+00 6.978830112648831685e-01
1.206226558729644466e+03 7.461850094772187276e+02 4.438688800302971345e+02 2.488650896612286658e+02 1.278487648289355434e+02 5.778780374554671084e+01 2.169633030450046718e+01 6.231428982746495038e+00 4.296074662624532436e+01 1.362613585053606691e-01
1.350902056983560442e+02 8.356828631386518680e+01 4.971067654947176351e+01 2.787141098010791396e+01 1.431830182649184913e+01 6.471890573412458991e+00 2.429860047867980821e+00 6.978830112648831685e-01 1.362613585053606691e-01 3.550623114127626323e+00
