8.443939866907519754e+05 4.245077396797260153e+05 2.616025917117885838e+05 1.526610029746062355e+05 8.262586129957385128e+04 4.034973319944965624e+04 1.712445598303512088e+04 6.002385236271746180e+03 1.622016833039627500e+03 3.075034737984138928e+02
4.245077396797259571e+05 3.738043645367814461e+05 1.676903601118077931e+05 9.785751125908238464e+04 5.296415584115732054e+04 2.586465694531638655e+04 1.097697913359226914e+04 3.847600037958071425e+03 1.039732003647317697e+03 1.971133692501724397e+02
2.616025917117885838e+05 1.676903601118077640e+05 1.572767032451791747e+05 6.030462149678468995e+04 3.263912324973694922e+04 1.593907638936324656e+04 6.764555559529898346e+03 2.371080778314202689e+03 6.407341054489127146e+02 1.214709731695160144e+02
1.526610029746062355e+05 9.785751125908238464e+04 6.030462149678468995e+04 6.195155126601431402e+04 1.904691103751054834e+04 9.301419271754897636e+03 3.947529073156147660e+03 1.383669662378748853e+03 3.739072710932179007e+02 7.088569144142832101e+01
8.262586129957385128e+04 5.296415584115732781e+04 3.263912324973694922e+04 1.904691103751054834e+04 2.246610724251525971e+04 5.034277016803321203e+03 2.136550810745625313e+03 7.488939243190477555e+02 2.023726408072230072e+02 3.836599521187543615e+01
4.034973319944965624e+04 2.586465694531638655e+04 1.593907638936324656e+04 9.301419271754899455e+03 5.034277016803321203e+03 7.376227620240602846e+03 1.043368914099276708e+03 3.657168538480127040e+02 9.882719447647829725e+01 1.873575229815511989e+01
1.712445598303512088e+04 1.097697913359226914e+04 6.764555559529898346e+03 3.947529073156148115e+03 2.136550810745624858e+03 1.043368914099276708e+03 2.148159252075766290e+03 1.552104975519343100e+02 4.194233288666173110e+01 7.951466840013271309e+00
6.002385236271746180e+03 3.847600037958070970e+03 2.371080778314202234e+03 1.383669662378748853e+03 7.488939243190477555e+02 3.657168538480126472e+02 1.552104975519342815e+02 5.359805225923130365e+02 1.470143284803332051e+01 2.787111439597440121e+00
1.622016833039627500e+03 1.039732003647317697e+03 6.407341054489127146e+02 3.739072710932179007e+02 2.023726408072229788e+02 9.882719447647829725e+01 4.194233288666173110e+01 1.470143284803332051e+01 1.073042985914839988e+02 7.531575353187959232e-01
3.075034737984138928e+02 1.971133692501724397e+02 1.214709731695160144e+02 7.088569144142832101e+01 3.836599521187544326e+01 1.873575229815512344e+01 7.951466840013272197e+00 2.787111439597440121e+00 7.531575353187959232e-01 1.546640769121714776e+01
