2.303049498932467250e+05 5.427854238308498170e+05 3.290806292347621056e+05 1.885258403155376436e+05 9.933190920626529260e+04 4.632743868050119636e+04 1.810702532322918341e+04 5.488701571414669161e+03 1.154736869381323686e+03 1.438496742171607536e+02
5.427854238308498170e+05 1.249306878110447142e+05 2.071221857162123488e+05 1.186574980148208415e+05 6.251915281068973854e+04 2.915832627539415989e+04 1.139649778380169664e+04 3.454569382764894726e+03 7.267873070181044568e+02 9.053847687026392066e+01
3.290806292347621056e+05 2.071221857162123197e+05 6.424145642452585162e+04 7.193981709116125421e+04 3.790419057490667183e+04 1.767814671664703201e+04 6.909483005819947721e+03 2.094440669006782628e+03 4.406375223294315902e+02 5.489178159601492268e+01
1.885258403155376436e+05 1.186574980148208415e+05 7.193981709116125421e+04 3.069025134403924676e+04 2.171479796982140397e+04 1.012757108410557703e+04 3.958349334773096871e+03 1.199876723323799752e+03 2.524352751022921382e+02 3.144675903856732901e+01
9.933190920626529260e+04 6.251915281068972399e+04 3.790419057490667183e+04 2.171479796982140397e+04 1.324732458995669367e+04 5.336090637350484030e+03 2.085604795980620111e+03 6.322000503508053271e+02 1.330049917027363904e+02 1.656890433917260097e+01
4.632743868050118908e+04 2.915832627539415989e+04 1.767814671664703201e+04 1.012757108410557703e+04 5.336090637350484940e+03 4.968810182579984939e+03 9.727058411503591060e+02 2.948519695279285315e+02 6.203223764192422607e+01 7.727576223086360940e+00
1.810702532322918705e+04 1.139649778380169482e+04 6.909483005819947721e+03 3.958349334773095961e+03 2.085604795980620111e+03 9.727058411503589923e+02 1.532135399132558859e+03 1.152425480645726736e+02 2.424522766270791863e+01 3.020314145221695057e+00
5.488701571414668251e+03 3.454569382764894272e+03 2.094440669006783082e+03 1.199876723323799752e+03 6.322000503508053271e+02 2.948519695279285315e+02 1.152425480645726594e+02 3.591954344061775828e+02 7.349347382912863935e+00 9.155343132909384840e-01
1.154736869381323686e+03 7.267873070181044568e+02 4.406375223294315902e+02 2.524352751022921666e+02 1.330049917027363904e+02 6.203223764192422607e+01 2.424522766270792218e+01 7.349347382912863935e+00 5.726034779389807738e+01 1.926140842210652959e-01
1.438496742171607536e+02 9.053847687026392066e+01 5.489178159601492268e+01 3.144675903856732191e+01 1.656890433917260097e+01 7.727576223086359164e+00 3.020314145221695057e+00 9.155343132909385950e-01 1.926140842210652959e-01 5.292089968561337621e+00
