3.536339745436654193e+05 1.138362420418208465e+06 7.274566319432375021e+05 4.582160642236408894e+05 2.795793453689310118e+05 1.607672076445180574e+05 8.341141319789097179e+04 3.649976205711259536e+04 1.212976222291846898e+04 2.605588221025711391e+03
1.138362420418208465e+06 2.010607307158976328e+05 4.667566206177414861e+05 2.940043052167500718e+05 1.793859657177542977e+05 1.031527588742378721e+05 5.351910703074812773e+04 2.341927318144083620e+04 7.782796355766728993e+03 1.671818634079413414e+03
7.274566319432376185e+05 4.667566206177414861e+05 1.114518090800726495e+05 1.878798683210358140e+05 1.146344152778528514e+05 6.591851347195588460e+04 3.420073312934437126e+04 1.496580112410133552e+04 4.973501164933227301e+03 1.068355324238970070e+03
4.582160642236408894e+05 2.940043052167500718e+05 1.878798683210358140e+05 5.946087779477800359e+04 7.220682070473553904e+04 4.152126804027751496e+04 2.154262486579966571e+04 9.426775683824600492e+03 3.132747753113094404e+03 6.729439946921131650e+02
2.795793453689310118e+05 1.793859657177542977e+05 1.146344152778528514e+05 7.220682070473553904e+04 2.993414839845466122e+04 2.533409420566050903e+04 1.314417679291389868e+04 5.751722779708389680e+03 1.911437931590876588e+03 4.105950362625185335e+02
1.607672076445180574e+05 1.031527588742378721e+05 6.591851347195588460e+04 4.152126804027751496e+04 2.533409420566050903e+04 1.380603038056335754e+04 7.558328734886128586e+03 3.307427482594863704e+03 1.099138916868741262e+03 2.361054868538951723e+02
8.341141319789097179e+04 5.351910703074812773e+04 3.420073312934437126e+04 2.154262486579966208e+04 1.314417679291389868e+04 7.558328734886128586e+03 5.575144483421831865e+03 1.716004180297695257e+03 5.702700923906176058e+02 1.224994363639493002e+02
3.649976205711259536e+04 2.341927318144083620e+04 1.496580112410133552e+04 9.426775683824600492e+03 5.751722779708390590e+03 3.307427482594863704e+03 1.716004180297695257e+03 1.840088576669386157e+03 2.495428608931835015e+02 5.360417846903964545e+01
1.212976222291846898e+04 7.782796355766730812e+03 4.973501164933227301e+03 3.132747753113094404e+03 1.911437931590876588e+03 1.099138916868741262e+03 5.702700923906176058e+02 2.495428608931835015e+02 4.465268047427590545e+02 1.781397747105677354e+01
2.605588221025711846e+03 1.671818634079413414e+03 1.068355324238970070e+03 6.729439946921132787e+02 4.105950362625185335e+02 2.361054868538951723e+02 1.224994363639493287e+02 5.360417846903964545e+01 1.781397747105677354e+01 6.776114436234831828e+01
