5.151958079660270414e+03 1.037786481408420514e+03 5.318181282971252131e+02 2.543317222512393130e+02 1.122959628072505893e+02 4.518409152329280687e+01 1.631780486915193862e+01 5.195339550020033670e+00 1.427761854032956190e+00 3.303047051323397265e-01
1.037786481408420514e+03 2.540047286347826230e+03 2.892268912977512514e+02 1.383171604560864694e+02 6.107165307062086868e+01 2.457316445612727662e+01 8.874364606975799319e+00 2.825461990361178177e+00 7.764818470512031556e-01 1.796347246611213200e-01
5.318181282971253268e+02 2.892268912977512514e+02 1.176372073129441560e+03 7.088122142938158277e+01 3.129643024830159703e+01 1.259262339750209669e+01 4.547706160811654463e+00 1.447920101299904783e+00 3.979114489861526049e-01 9.205458421157637627e-02
2.543317222512393130e+02 1.383171604560864694e+02 7.088122142938158277e+01 5.068205940133544232e+02 1.496691177273911855e+01 6.022178308593909790e+00 2.174852414067381723e+00 6.924397523358818418e-01 1.902934457089310860e-01 4.402332244411856499e-02
1.122959628072505893e+02 6.107165307062086868e+01 3.129643024830160059e+01 1.496691177273911677e+01 2.009480357032004179e+02 2.658993165989924190e+00 9.602700899422694780e-01 3.057353128673396814e-01 8.402092162409972864e-02 1.943776944565650880e-02
4.518409152329280687e+01 2.457316445612727662e+01 1.259262339750209847e+01 6.022178308593909790e+00 2.658993165989923746e+00 7.236499412320262081e+01 3.863801560302453919e-01 1.230175334282675448e-01 3.380717273915757187e-02 7.821099990466449936e-03
1.631780486915193862e+01 8.874364606975799319e+00 4.547706160811654463e+00 2.174852414067381723e+00 9.602700899422693670e-01 3.863801560302453919e-01 2.331039077342589039e+01 4.442661207279170049e-02 1.220913886585284040e-02 2.824515868395111994e-03
5.195339550020033670e+00 2.825461990361178177e+00 1.447920101299904783e+00 6.924397523358819528e-01 3.057353128673396814e-01 1.230175334282675448e-01 4.442661207279170049e-02 6.596755520809352902e+00 3.887203121380907594e-03 8.992826620002936132e-04
1.427761854032956190e+00 7.764818470512031556e-01 3.979114489861526049e-01 1.902934457089310860e-01 8.402092162409972864e-02 3.380717273915757187e-02 1.220913886585284040e-02 3.887203121380907594e-03 1.605627979882584322e+00 2.471371636897689086e-04
3.303047051323397265e-01 1.796347246611212922e-01 9.205458421157637627e-02 4.402332244411855805e-02 1.943776944565650880e-02 7.821099990466449936e-03 2.824515868395111994e-03 8.992826620002936132e-04 2.471371636897689086e-04 3.277775279839008626e-01
