5.423265080275185173e+05 2.603220174230404955e+05 1.616000266577426228e+05 9.503363718685058120e+04 5.205687883081957261e+04 2.598518868308687161e+04 1.148478601569074272e+04 4.330229198639212882e+03 1.325992932325985748e+03 3.091483124397848314e+02
2.603220174230405537e+05 2.477932618083673296e+05 1.045133093014275219e+05 6.146211806254724070e+04 3.366730062511229335e+04 1.680567830501216304e+04 7.427678187583310319e+03 2.800535327521675299e+03 8.575735557346379210e+02 1.999387863126044920e+02
1.616000266577425937e+05 1.045133093014275219e+05 1.078005196148489485e+05 3.815382200733466743e+04 2.089964088466242538e+04 1.043245626695517058e+04 4.610877731359957579e+03 1.738487539638270619e+03 5.323556986825458353e+02 1.241159450048649262e+02
9.503363718685058120e+04 6.146211806254724070e+04 3.815382200733466743e+04 4.420233559277190216e+04 1.229064703915576865e+04 6.135112006765263686e+03 2.711561937814793964e+03 1.022368606694336222e+03 3.130673884732644865e+02 7.299002314941944292e+01
5.205687883081957261e+04 3.366730062511229335e+04 2.089964088466242174e+04 1.229064703915576865e+04 1.691276242310893576e+04 3.360649889909466765e+03 1.485320939169716894e+03 5.600261155371722452e+02 1.714899228321742726e+02 3.998197799666856866e+01
2.598518868308687524e+04 1.680567830501216304e+04 1.043245626695517240e+04 6.135112006765263686e+03 3.360649889909466765e+03 5.973299501402130772e+03 7.414264113816682311e+02 2.795477678748977723e+02 8.560248140354937618e+01 1.995777052909615534e+01
1.148478601569074453e+04 7.427678187583310319e+03 4.610877731359957579e+03 2.711561937814793509e+03 1.485320939169716894e+03 7.414264113816682311e+02 1.916151374168531447e+03 1.235529337255440225e+02 3.783409823657751758e+01 8.820821994881880457e+00
4.330229198639211972e+03 2.800535327521675299e+03 1.738487539638270619e+03 1.022368606694336222e+03 5.600261155371722452e+02 2.795477678748977723e+02 1.235529337255440225e+02 5.423569079454897519e+02 1.426498644941089999e+01 3.325806933281309608e+00
1.325992932325985521e+03 8.575735557346379210e+02 5.323556986825458353e+02 3.130673884732645433e+02 1.714899228321742441e+02 8.560248140354937618e+01 3.783409823657751758e+01 1.426498644941089999e+01 1.286702397376389797e+02 1.018421031662165355e+00
3.091483124397847746e+02 1.999387863126044635e+02 1.241159450048649262e+02 7.299002314941945713e+01 3.998197799666856866e+01 1.995777052909615534e+01 8.820821994881880457e+00 3.325806933281309608e+00 1.018421031662165355e+00 2.370028635643262049e+01
