1.651197396660201717e+06 8.608154945729154861e+05 5.364564160042324802e+05 3.200769566128423903e+05 1.783414172116272093e+05 8.946979798043325718e+04 3.833367568423948251e+04 1.298402674632365415e+04 3.106369896530494771e+03 4.452097445977174175e+02
8.608154945729154861e+05 7.204353634117798647e+05 3.432717887830151012e+05 2.048132637933573569e+05 1.141184548715515120e+05 5.725061100687069120e+04 2.452924232087670680e+04 8.308317234818694487e+03 1.987727463390650428e+03 2.848841785694701798e+02
5.364564160042323638e+05 3.432717887830150430e+05 3.038503256313264137e+05 1.276387218136988085e+05 7.111811728099377069e+04 3.567832803710854932e+04 1.528651552593798260e+04 5.177706622286520542e+03 1.238742980030558329e+03 1.775385624157609925e+02
3.200769566128423903e+05 2.048132637933573569e+05 1.276387218136988085e+05 1.209224128523318504e+05 4.243265596278390876e+04 2.128749011935063390e+04 9.120706213566079896e+03 3.089280934021962366e+03 7.390965439969237423e+02 1.059284613701173470e+02
1.783414172116272384e+05 1.141184548715515120e+05 7.111811728099377069e+04 4.243265596278390876e+04 4.403110608357236197e+04 1.186102616364098321e+04 5.081901831707824385e+03 1.721294609173469780e+03 4.118119795548520869e+02 5.902153070845543681e+01
8.946979798043325718e+04 5.725061100687069120e+04 3.567832803710854932e+04 2.128749011935063754e+04 1.186102616364098321e+04 1.413307297743850904e+04 2.549473573487165595e+03 8.635340200577853693e+02 2.065966234471124778e+02 2.960974804139420868e+01
3.833367568423948251e+04 2.452924232087670680e+04 1.528651552593798260e+04 9.120706213566081715e+03 5.081901831707823476e+03 2.549473573487165140e+03 3.835109966995983996e+03 3.699844396032064537e+02 8.851711012483282559e+01 1.268640931500798175e+01
1.298402674632365415e+04 8.308317234818694487e+03 5.177706622286520542e+03 3.089280934021962366e+03 1.721294609173469780e+03 8.635340200577851419e+02 3.699844396032065106e+02 8.355532290024571012e+02 2.998169376803676656e+01 4.297022785336404915e+00
3.106369896530494771e+03 1.987727463390650428e+03 1.238742980030558329e+03 7.390965439969237423e+02 4.118119795548520869e+02 2.065966234471124778e+02 8.851711012483282559e+01 2.998169376803676656e+01 1.340387468576302581e+02 1.028043340164411568e+00
4.452097445977174175e+02 2.848841785694701230e+02 1.775385624157609925e+02 1.059284613701173754e+02 5.902153070845543681e+01 2.960974804139420868e+01 1.268640931500798175e+01 4.297022785336404915e+00 1.028043340164411568e+00 1.339715823566995745e+01
