2.707770961325827520e+05 6.881558122234629700e+05 4.226228939040305559e+05 2.467768315221272642e+05 1.332890869598439313e+05 6.400251783249897562e+04 2.579663626152371216e+04 8.026385061820579722e+03 1.707269154676397648e+03 2.078894669613677593e+02
6.881558122234629700e+05 1.478812666425650241e+05 2.679213857154982397e+05 1.564439400173673639e+05 8.449849119424230594e+04 4.057433592525138374e+04 1.635375327195493264e+04 5.088319253564782230e+03 1.082321673312135999e+03 1.317913318642739569e+02
4.226228939040305559e+05 2.679213857154982397e+05 7.685513987947290298e+04 9.607822747331303253e+04 5.189376627315121004e+04 2.491825682843423056e+04 1.004346749852307948e+04 3.124932129979363253e+03 6.646952762519033513e+02 8.093811470396948948e+01
2.467768315221272642e+05 1.564439400173673639e+05 9.607822747331303253e+04 3.726272336436413025e+04 3.030166941108998071e+04 1.455020197881656895e+04 5.864554718949533708e+03 1.824702023674834663e+03 3.881270905272304503e+02 4.726116777894128518e+01
1.332890869598439313e+05 8.449849119424230594e+04 5.189376627315122460e+04 3.030166941108998071e+04 1.638049209471561699e+04 7.858854191763461131e+03 3.167562931630953699e+03 9.855579440308622452e+02 2.096351801004325353e+02 2.552669901406948938e+01
6.400251783249898290e+04 4.057433592525138374e+04 2.491825682843423056e+04 1.455020197881657077e+04 7.858854191763460221e+03 6.269177668602350423e+03 1.520994761396708327e+03 4.732434689630658795e+02 1.006622496914489773e+02 1.225736514606798977e+01
2.579663626152370853e+04 1.635375327195493264e+04 1.004346749852307948e+04 5.864554718949533708e+03 3.167562931630953699e+03 1.520994761396708327e+03 1.970701726909421950e+03 1.907438964187579984e+02 4.057258258734345446e+01 4.940411735446383013e+00
8.026385061820579722e+03 5.088319253564781320e+03 3.124932129979362799e+03 1.824702023674834663e+03 9.855579440308622452e+02 4.732434689630659364e+02 1.907438964187580552e+02 4.675880435018430603e+02 1.262378425997546394e+01 1.537163471648987478e+00
1.707269154676397648e+03 1.082321673312135772e+03 6.646952762519034650e+02 3.881270905272304503e+02 2.096351801004325353e+02 1.006622496914489773e+02 4.057258258734345446e+01 1.262378425997546394e+01 7.411061595256114742e+01 3.269655966700326655e-01
2.078894669613677593e+02 1.317913318642739569e+02 8.093811470396948948e+01 4.726116777894128518e+01 2.552669901406948938e+01 1.225736514606798977e+01 4.940411735446383013e+00 1.537163471648987922e+00 3.269655966700327210e-01 6.566274135881666751e+00
