2.306259297585163265e+06 1.212651512371912366e+06 7.602604825295265764e+05 4.683311311514753033e+05 2.775450176774058491e+05 1.528460575315594033e+05 7.398827840047494101e+04 2.883443672753362625e+04 7.875702904966483402e+03 1.213658905834954794e+03
1.212651512371912366e+06 9.756015938547072001e+05 4.789290053184783319e+05 2.950269913487745798e+05 1.748405478147116373e+05 9.628595985534162901e+04 4.660919960178240581e+04 1.816436394916783320e+04 4.961329235355799938e+03 7.645490801172518331e+02
7.602604825295265764e+05 4.789290053184783319e+05 4.144851545022370992e+05 1.849644028096204565e+05 1.096146402253217238e+05 6.036557869561287953e+04 2.922120017007688512e+04 1.138797746916176402e+04 3.110458792140301284e+03 4.793268689621524459e+02
4.683311311514753033e+05 2.950269913487745798e+05 1.849644028096204856e+05 1.729063778294333024e+05 6.752415734760115447e+04 3.718604399779756204e+04 1.800066956488730648e+04 7.015154006052012846e+03 1.916086286211177821e+03 2.952720809392081946e+02
2.775450176774058491e+05 1.748405478147116664e+05 1.096146402253217238e+05 6.752415734760115447e+04 6.845079173113836441e+04 2.203740164217994243e+04 1.066765760437117387e+04 4.157359853128560644e+03 1.135521785345319813e+03 1.749857941803379902e+02
1.528460575315594033e+05 9.628595985534161446e+04 6.036557869561287953e+04 3.718604399779755477e+04 2.203740164217994607e+04 2.447856173317053617e+04 5.874756540648319969e+03 2.289488273319533619e+03 6.253400964774689328e+02 9.636594808407133428e+01
7.398827840047495556e+04 4.660919960178240581e+04 2.922120017007688512e+04 1.800066956488730648e+04 1.066765760437117206e+04 5.874756540648320879e+03 7.396715613419206420e+03 1.108273896603527646e+03 3.027087378004599714e+02 4.664791954936623597e+01
2.883443672753362625e+04 1.816436394916783320e+04 1.138797746916176584e+04 7.015154006052012846e+03 4.157359853128560644e+03 2.289488273319533619e+03 1.108273896603527646e+03 1.737325003941240993e+03 1.179705236515260935e+02 1.817945374315731044e+01
7.875702904966483402e+03 4.961329235355799938e+03 3.110458792140301284e+03 1.916086286211177821e+03 1.135521785345319813e+03 6.253400964774688191e+02 3.027087378004599714e+02 1.179705236515260935e+02 2.852351744806854299e+02 4.965450790962425032e+00
1.213658905834954794e+03 7.645490801172518331e+02 4.793268689621524459e+02 2.952720809392081378e+02 1.749857941803379902e+02 9.636594808407133428e+01 4.664791954936623597e+01 1.817945374315730689e+01 4.965450790962425920e+00 2.743444580919878817e+01
