1.362376192304229131e+06 7.143125729426173493e+05 4.557375459499977878e+05 2.801534044411869254e+05 1.626368195580613974e+05 8.662062914256793738e+04 4.062169781818957563e+04 1.580993576530149585e+04 4.691338321868114690e+03 9.395227497381087005e+02
7.143125729426173493e+05 6.195553545129124541e+05 2.975874708221852779e+05 1.829345504024474358e+05 1.061985790395197400e+05 5.656153234825086111e+04 2.652515339507364843e+04 1.032357074826896860e+04 3.063349768704598773e+03 6.134894992942813587e+02
4.557375459499978460e+05 2.975874708221852779e+05 2.738408837566768634e+05 1.167138116111179261e+05 6.775560395845865423e+04 3.608674258857546374e+04 1.692327528888283996e+04 6.586526650196920855e+03 1.954443417151049516e+03 3.914115605199195329e+02
2.801534044411869254e+05 1.829345504024474358e+05 1.167138116111179261e+05 1.153675517245782830e+05 4.165108468156274466e+04 2.218343404274047862e+04 1.040316565665651797e+04 4.048904640167013895e+03 1.201445836465289176e+03 2.406105930743835870e+02
1.626368195580613683e+05 1.061985790395197255e+05 6.775560395845865423e+04 4.165108468156275194e+04 4.519276914206543734e+04 1.287809857882608776e+04 6.039326129586472234e+03 2.350501414338087670e+03 6.974726225574383989e+02 1.396811210902551466e+02
8.662062914256793738e+04 5.656153234825087566e+04 3.608674258857546374e+04 2.218343404274048225e+04 1.287809857882608776e+04 1.597102588076205575e+04 3.216554715982824291e+03 1.251880797126477091e+03 3.714750296999861234e+02 7.439438757505755007e+01
4.062169781818957563e+04 2.652515339507364843e+04 1.692327528888283996e+04 1.040316565665651615e+04 6.039326129586471325e+03 3.216554715982824291e+03 4.919535629079567116e+03 5.870832843013272395e+02 1.742073054980870381e+02 3.488806721167246394e+01
1.580993576530149585e+04 1.032357074826896860e+04 6.586526650196920855e+03 4.048904640167013895e+03 2.350501414338087670e+03 1.251880797126477319e+03 5.870832843013272395e+02 1.266759153182924365e+03 6.780135882301136974e+01 1.357841083011250483e+01
4.691338321868114690e+03 3.063349768704598773e+03 1.954443417151049516e+03 1.201445836465289176e+03 6.974726225574383989e+02 3.714750296999861234e+02 1.742073054980870381e+02 6.780135882301136974e+01 2.560311586239706116e+02 4.029170012011181967e+00
9.395227497381087005e+02 6.134894992942813587e+02 3.914115605199194761e+02 2.406105930743835870e+02 1.396811210902551466e+02 7.439438757505755007e+01 3.488806721167246394e+01 1.357841083011250483e+01 4.029170012011181967e+00 3.620788343004198850e+01
