3.716669969875433599e+05 1.125806288274856051e+06 7.223771303654254880e+05 4.542403240722079645e+05 2.745701616075631464e+05 1.547990587054977077e+05 7.771771434156208124e+04 3.235927355532660658e+04 1.002784949086606503e+04 1.961610820425274369e+03
1.125806288274856051e+06 2.115835836115120037e+05 4.671969763088486507e+05 2.937796574716208270e+05 1.775780875327460526e+05 1.001161984821965452e+05 5.026388519199790608e+04 2.092834078641405722e+04 6.485505650826577039e+03 1.268670622966432575e+03
7.223771303654254880e+05 4.671969763088486507e+05 1.169902176431453845e+05 1.885046371958755481e+05 1.139435359561318473e+05 6.423987227277573402e+04 3.225197933620707408e+04 1.342873540328680974e+04 4.161445010395122154e+03 8.140464781039331683e+02
4.542403240722079063e+05 2.937796574716208270e+05 1.885046371958756063e+05 6.192434520301697921e+04 7.164920721183983551e+04 4.039488401962777425e+04 2.028047252580913482e+04 8.444166994023218649e+03 2.616771836581147454e+03 5.118832261989177255e+02
2.745701616075632046e+05 1.775780875327460526e+05 1.139435359561318328e+05 7.164920721183983551e+04 3.071719038557425301e+04 2.441709651392565866e+04 1.225873689277304402e+04 5.104162209565623016e+03 1.581734223018896273e+03 3.094129972470157668e+02
1.547990587054977077e+05 1.001161984821965452e+05 6.423987227277573402e+04 4.039488401962778153e+04 2.441709651392565502e+04 1.383170040716428775e+04 6.911315201947836613e+03 2.877659760605130032e+03 8.917610253497133499e+02 1.744429928024833032e+02
7.771771434156208124e+04 5.026388519199790608e+04 3.225197933620707408e+04 2.028047252580913482e+04 1.225873689277304402e+04 6.911315201947834794e+03 5.390606218919241655e+03 1.444744826726615202e+03 4.477135016752276329e+02 8.758005892854356489e+01
3.235927355532660295e+04 2.092834078641405722e+04 1.342873540328680974e+04 8.444166994023218649e+03 5.104162209565623016e+03 2.877659760605129577e+03 1.444744826726614747e+03 1.691627052200268508e+03 1.864141759425638156e+02 3.646565147818271413e+01
1.002784949086606503e+04 6.485505650826577039e+03 4.161445010395123063e+03 2.616771836581147454e+03 1.581734223018896046e+03 8.917610253497133499e+02 4.477135016752275760e+02 1.864141759425637588e+02 3.833135620818997040e+02 1.130037928646273038e+01
1.961610820425274369e+03 1.268670622966432575e+03 8.140464781039331683e+02 5.118832261989177255e+02 3.094129972470157668e+02 1.744429928024833032e+02 8.758005892854356489e+01 3.646565147818272123e+01 1.130037928646272860e+01 5.316335048409528241e+01
