1.242918337689040229e+06 6.415849860189424362e+05 3.945653890327503323e+05 2.305580463721978304e+05 1.249924875660500693e+05 6.079966333565100649e+04 2.531408624805885484e+04 8.440591497087516473e+03 2.050940673501370384e+03 3.177345467581855587e+02
6.415849860189425526e+05 5.379936470410033362e+05 2.511331597835117136e+05 1.467456911030720803e+05 7.955527581527933944e+04 3.869779760633894330e+04 1.611192122576085967e+04 5.372271547440481299e+03 1.305383660557644134e+03 2.022318300532485864e+02
3.945653890327504487e+05 2.511331597835117136e+05 2.225389218615561258e+05 9.024645520188959199e+04 4.892533185110519844e+04 2.379857992313579234e+04 9.908596062937898751e+03 3.303868480866922710e+03 8.027918718311711928e+02 1.243696196740632871e+02
2.305580463721978304e+05 1.467456911030720803e+05 9.024645520188960654e+04 8.618421033405841445e+04 2.858874407954212802e+04 1.390632388451932820e+04 5.789931438645749950e+03 1.930563307356216001e+03 4.690987368826500870e+02 7.267342077418048518e+01
1.249924875660500693e+05 7.955527581527933944e+04 4.892533185110519844e+04 2.858874407954212802e+04 3.049099351203473634e+04 7.539038617716396402e+03 3.138896884062422487e+03 1.046616737030491095e+03 2.543126078644847610e+02 3.939845858962154068e+01
6.079966333565100649e+04 3.869779760633894330e+04 2.379857992313579234e+04 1.390632388451932820e+04 7.539038617716396402e+03 9.591965591962138205e+03 1.526842752813213565e+03 5.091021587940251720e+02 1.237044020905770054e+02 1.916445591921485203e+01
2.531408624805885847e+04 1.611192122576085967e+04 9.908596062937900570e+03 5.789931438645749950e+03 3.138896884062423396e+03 1.526842752813213565e+03 2.603830093505214791e+03 2.119659098379926832e+02 5.150462571639319265e+01 7.979167373969017873e+00
8.440591497087516473e+03 5.372271547440481299e+03 3.303868480866922255e+03 1.930563307356216001e+03 1.046616737030491095e+03 5.091021587940251720e+02 2.119659098379927116e+02 5.845192382020908326e+02 1.717342279798068816e+01 2.660530253021694769e+00
2.050940673501370384e+03 1.305383660557644134e+03 8.027918718311711928e+02 4.690987368826501438e+02 2.543126078644847610e+02 1.237044020905770054e+02 5.150462571639319975e+01 1.717342279798068816e+01 1.000595843857967111e+02 6.464700620668489828e-01
3.177345467581855019e+02 2.022318300532485296e+02 1.243696196740632587e+02 7.267342077418047097e+01 3.939845858962154068e+01 1.916445591921485558e+01 7.979167373969019650e+00 2.660530253021694769e+00 6.464700620668490938e-01 1.128273822638131385e+01
