2.689614363732762286e+05 7.632175172341288999e+05 4.763159751561557641e+05 2.846271764885049779e+05 1.591443826448611508e+05 8.052522929498065787e+04 3.514443010273556138e+04 1.234399062572292314e+04 3.158119181574671074e+03 5.093275163358902091e+02
7.632175172341288999e+05 1.498052237776224501e+05 3.054759020816672128e+05 1.825400533044881886e+05 1.020641263055077579e+05 5.164327535131045443e+04 2.253919047174434672e+04 7.916576114089253679e+03 2.025397753154639531e+03 3.266472061045470241e+02
4.763159751561557641e+05 3.054759020816672128e+05 7.984491413343287422e+04 1.139213153936450981e+05 6.369714105337500223e+04 3.223002159117283736e+04 1.406647023470489694e+04 4.940651369409809377e+03 1.264029302379066394e+03 2.038570643288737756e+02
2.846271764885049779e+05 1.825400533044882177e+05 1.139213153936450981e+05 4.002673579088337283e+04 3.806283717960211652e+04 1.925935832962902350e+04 8.405554117203557325e+03 2.952333582404318349e+03 7.553328254777489974e+02 1.218167427790774582e+02
1.591443826448611508e+05 1.020641263055077579e+05 6.369714105337501678e+04 3.806283717960212380e+04 1.842489339816693609e+04 1.076853844147506788e+04 4.699820787578081763e+03 1.650746464656026319e+03 4.223313377347496953e+02 6.811173326650721549e+01
8.052522929498064332e+04 5.164327535131046170e+04 3.223002159117284464e+04 1.925935832962902350e+04 1.076853844147506970e+04 7.525082659787262855e+03 2.378055324827778804e+03 8.352587465869783045e+02 2.136948049585762135e+02 3.446375453416708723e+01
3.514443010273556138e+04 2.253919047174435036e+04 1.406647023470489694e+04 8.405554117203559144e+03 4.699820787578081763e+03 2.378055324827778350e+03 2.597005158622972885e+03 3.645403172910223475e+02 9.326495809993951980e+01 1.504136061341670683e+01
1.234399062572292314e+04 7.916576114089251860e+03 4.940651369409809377e+03 2.952333582404318349e+03 1.650746464656026092e+03 8.352587465869783045e+02 3.645403172910223475e+02 7.060954829969607545e+02 3.275801500063257521e+01 5.283068010133463943e+00
3.158119181574671074e+03 2.025397753154639531e+03 1.264029302379066621e+03 7.553328254777489974e+02 4.223313377347496953e+02 2.136948049585762135e+02 9.326495809993951980e+01 3.275801500063256810e+01 1.368021447513037288e+02 1.351634080602592380e+00
5.093275163358902091e+02 3.266472061045470809e+02 2.038570643288737756e+02 1.218167427790774582e+02 6.811173326650721549e+01 3.446375453416708723e+01 1.504136061341670683e+01 5.283068010133464831e+00 1.351634080602592602e+00 1.633446810372334568e+01
