1.204780412548656896e+05 2.193334282499176625e+05 1.340152015409921878e+05 7.736353874759153405e+04 4.146759080888605240e+04 2.018103760073235389e+04 8.661988474033121747e+03 3.156349963085718628e+03 9.293758211395934268e+02 2.071633899899277935e+02
2.193334282499176625e+05 6.753618386040955374e+04 8.553302902954937599e+04 4.937602398413274932e+04 2.646601734473402030e+04 1.288021996834351557e+04 5.528373670180072622e+03 2.014489176718131603e+03 5.931590459503150896e+02 1.322186740468275445e+02
1.340152015409921878e+05 8.553302902954937599e+04 3.592448702256730758e+04 3.016930824601242057e+04 1.617103547207814518e+04 7.869959853921701324e+03 3.377898743090362586e+03 1.230875636122416836e+03 3.624268754798163172e+02 8.078710295668304298e+01
7.736353874759153405e+04 4.937602398413274932e+04 3.016930824601242057e+04 1.788975717775014709e+04 9.335124037776620753e+03 4.543125981977714218e+03 1.949974311060363789e+03 7.105529363360757316e+02 2.092197400141574235e+02 4.663632258153408827e+01
4.146759080888604512e+04 2.646601734473402030e+04 1.617103547207814154e+04 9.335124037776620753e+03 8.194172680135221526e+03 2.435158632395618042e+03 1.045204732460716059e+03 3.808631157394430602e+02 1.121437657648344981e+02 2.499751139812581258e+01
2.018103760073235753e+04 1.288021996834351557e+04 7.869959853921702233e+03 4.543125981977714218e+03 2.435158632395618042e+03 3.374714753652939635e+03 5.086699177549771207e+02 1.853547001294010386e+02 5.457702049820731816e+01 1.216554199580384399e+01
8.661988474033121747e+03 5.528373670180072622e+03 3.377898743090362586e+03 1.949974311060363789e+03 1.045204732460716059e+03 5.086699177549771207e+02 1.213521077442343540e+03 7.955687452217389932e+01 2.342523371966690249e+01 5.221623715928002341e+00
3.156349963085718628e+03 2.014489176718131603e+03 1.230875636122416836e+03 7.105529363360756179e+02 3.808631157394430602e+02 1.853547001294010386e+02 7.955687452217391353e+01 3.666587148355336012e+02 8.535942504194819591e+00 1.902712278182354888e+00
9.293758211395933131e+02 5.931590459503150896e+02 3.624268754798162604e+02 2.092197400141574519e+02 1.121437657648345123e+02 5.457702049820731816e+01 2.342523371966690249e+01 8.535942504194819591e+00 8.857185999682796762e+01 5.602467427912678488e-01
2.071633899899277935e+02 1.322186740468275730e+02 8.078710295668304298e+01 4.663632258153408827e+01 2.499751139812581258e+01 1.216554199580384399e+01 5.221623715928001452e+00 1.902712278182354444e+00 5.602467427912678488e-01 1.602085595042526478e+01
