2.003354776723854884e+05 4.407148072532257647e+05 2.812208853078461252e+05 1.713701208371660905e+05 9.798504913778646733e+04 5.131613238752201141e+04 2.383521022232695759e+04 9.401037234410207020e+03 2.967214635778648244e+03 6.915313014096220741e+02
4.407148072532258229e+05 1.156044339599082014e+05 1.854380152238669398e+05 1.130020447874313541e+05 6.461167709444391221e+04 3.383803350341625628e+04 1.571701927911048369e+04 6.199076159959950019e+03 1.956591496394987416e+03 4.559981093089895126e+02
2.812208853078461252e+05 1.854380152238669398e+05 6.380171107237283286e+04 7.210680139108424191e+04 4.122882357180250983e+04 2.159210805331439406e+04 1.002905734803759151e+04 3.955641283441219912e+03 1.248504438122607098e+03 2.909731869410417175e+02
1.713701208371660905e+05 1.130020447874313686e+05 7.210680139108424191e+04 3.321847982593962661e+04 2.512398206036396732e+04 1.315777866987035668e+04 6.111497614178513686e+03 2.410484996481488906e+03 7.608124702139252804e+02 1.773129693119219610e+02
9.798504913778646733e+04 6.461167709444391221e+04 4.122882357180250983e+04 2.512398206036396732e+04 1.602347667967583220e+04 7.523281090152294382e+03 3.494397921325811240e+03 1.378253628300595892e+03 4.350130986333787178e+02 1.013830177975079181e+02
5.131613238752201141e+04 3.383803350341626356e+04 2.159210805331439406e+04 1.315777866987035668e+04 7.523281090152294382e+03 6.987292650049671465e+03 1.830064769302497325e+03 7.218105851434559099e+02 2.278224071550526730e+02 5.309569581199626498e+01
2.383521022232695759e+04 1.571701927911048188e+04 1.002905734803759151e+04 6.111497614178513686e+03 3.494397921325811240e+03 1.830064769302497325e+03 2.666048420231077671e+03 3.352650762468322796e+02 1.058184768659153150e+02 2.466177813290125087e+01
9.401037234410207020e+03 6.199076159959948200e+03 3.955641283441219912e+03 2.410484996481488906e+03 1.378253628300595892e+03 7.218105851434559099e+02 3.352650762468322796e+02 8.518955223515968100e+02 4.173671773086319803e+01 9.727050541261544225e+00
2.967214635778648699e+03 1.956591496394987871e+03 1.248504438122607098e+03 7.608124702139252804e+02 4.350130986333787178e+02 2.278224071550527015e+02 1.058184768659153292e+02 4.173671773086318382e+01 2.147450573252127981e+02 3.070113010865083147e+00
6.915313014096220741e+02 4.559981093089895694e+02 2.909731869410417175e+02 1.773129693119219610e+02 1.013830177975079181e+02 5.309569581199626498e+01 2.466177813290125087e+01 9.727050541261544225e+00 3.070113010865083147e+00 3.939076430151186514e+01
