1.672670251148522220e+04 6.184872092419764158e+03 3.367847534172847190e+03 1.712160359374859354e+03 8.021956455057362518e+02 3.411406854013378620e+02 1.292098171156781916e+02 4.262500223806719646e+01 1.191931114654775037e+01 2.733788468083223400e+00
6.184872092419764158e+03 8.658909950214221681e+03 1.943210131150796315e+03 9.878972615989154065e+02 4.628578609021425905e+02 1.968343368555781296e+02 7.455261056673511177e+01 2.459414666159484497e+01 6.877308411765375773e+00 1.577365184646714713e+00
3.367847534172847190e+03 1.943210131150796087e+03 4.212884050497117641e+03 5.379395574840947347e+02 2.520399261647336857e+02 1.071821738774634412e+02 4.059612258935080575e+01 1.339224723674624684e+01 3.744899786156842936e+00 8.589224430547837130e-01
1.712160359374859354e+03 9.878972615989154065e+02 5.379395574840947347e+02 1.905598624645445398e+03 1.281331076244842961e+02 5.448972006082448871e+01 2.063842591938469440e+01 6.808406440327771314e+00 1.903847753982101709e+00 4.366625697433768605e-01
8.021956455057362518e+02 4.628578609021425336e+02 2.520399261647336857e+02 1.281331076244842961e+02 7.909497790777963928e+02 2.552997791257110549e+01 9.669687370094258938e+00 3.189931345717117228e+00 8.920066216858025809e-01 2.045887875428785418e-01
3.411406854013378620e+02 1.968343368555781296e+02 1.071821738774634412e+02 5.448972006082448871e+01 2.552997791257110549e+01 2.966575879156947053e+02 4.112118777422393734e+00 1.356546089171420499e+00 3.793335852784189832e-01 8.700316387756711067e-02
1.292098171156781916e+02 7.455261056673511177e+01 4.059612258935080575e+01 2.063842591938469440e+01 9.669687370094258938e+00 4.112118777422393734e+00 9.864833146411680787e+01 5.138028959653965222e-01 1.436756894651734229e-01 3.295315796144476783e-02
4.262500223806720356e+01 2.459414666159484497e+01 1.339224723674624684e+01 6.808406440327771314e+00 3.189931345717117228e+00 1.356546089171420499e+00 5.138028959653965222e-01 2.843798704340876782e+01 4.739714614351670657e-02 1.087091107481746692e-02
1.191931114654775037e+01 6.877308411765377549e+00 3.744899786156843380e+00 1.903847753982101709e+00 8.920066216858025809e-01 3.793335852784190942e-01 1.436756894651734229e-01 4.739714614351670657e-02 6.915727227697815671e+00 3.039853718329719404e-03
2.733788468083222956e+00 1.577365184646714713e+00 8.589224430547836020e-01 4.366625697433768050e-01 2.045887875428785418e-01 8.700316387756709680e-02 3.295315796144476089e-02 1.087091107481746692e-02 3.039853718329719404e-03 1.372641892822874299e+00
