2.934806523379988503e+05 8.636166769461812219e+05 5.451032356152246939e+05 3.319244197535177809e+05 1.907712026688763872e+05 1.002226251885335369e+05 4.591664794838275702e+04 1.712696485273800499e+04 4.701304366350645978e+03 8.191141566557564602e+02
8.636166769461811054e+05 1.649371587350711925e+05 3.514182483389143599e+05 2.139857013305790897e+05 1.229867619474686799e+05 6.461172322327401344e+04 2.960163678611009891e+04 1.104144608703041922e+04 3.030846337696716091e+03 5.280681590464098463e+02
5.451032356152246939e+05 3.514182483389144181e+05 8.914117706406160141e+04 1.350648977543549845e+05 7.762759064874149044e+04 4.078205102780438756e+04 1.868415516091386962e+04 6.969212323682833812e+03 1.913029460215010204e+03 3.333095223906976798e+02
3.319244197535177809e+05 2.139857013305791188e+05 1.350648977543549845e+05 4.559012574232721090e+04 4.726901493047652184e+04 2.483301829695514243e+04 1.137716115988840284e+04 4.243694782084101462e+03 1.164882451737033080e+03 2.029589306931725332e+02
1.907712026688763872e+05 1.229867619474686653e+05 7.762759064874149044e+04 4.726901493047652184e+04 2.156140112857659551e+04 1.427260088283437290e+04 6.538942567230433269e+03 2.439033433993792187e+03 6.695079152379477136e+02 1.166492038442896160e+02
1.002226251885335369e+05 6.461172322327401344e+04 4.078205102780438756e+04 2.483301829695514243e+04 1.427260088283437290e+04 9.122031115197512918e+03 3.435266858291923654e+03 1.281358665551581225e+03 3.517294010360423044e+02 6.128225472121746975e+01
4.591664794838275702e+04 2.960163678611009891e+04 1.868415516091386598e+04 1.137716115988840284e+04 6.538942567230432360e+03 3.435266858291924109e+03 3.290604765751271316e+03 5.870500261898235976e+02 1.611436045512329258e+02 2.807625234545537651e+01
1.712696485273800499e+04 1.104144608703041740e+04 6.969212323682833812e+03 4.243694782084101462e+03 2.439033433993792642e+03 1.281358665551581225e+03 5.870500261898235976e+02 9.441098794636110370e+02 6.010675810862812085e+01 1.047247585794541180e+01
4.701304366350645978e+03 3.030846337696715636e+03 1.913029460215009976e+03 1.164882451737033080e+03 6.695079152379477136e+02 3.517294010360422476e+02 1.611436045512329542e+02 6.010675810862812796e+01 1.945973716176359005e+02 2.874665587323234295e+00
8.191141566557565739e+02 5.280681590464098463e+02 3.333095223906976798e+02 2.029589306931725332e+02 1.166492038442896160e+02 6.128225472121746975e+01 2.807625234545537651e+01 1.047247585794541180e+01 2.874665587323234295e+00 2.483717668531782152e+01
