6.238340665940546387e+03 8.129636860638892131e+02 4.570258965544799707e+02 2.439094987364705389e+02 1.226375406875883840e+02 5.762246767603207331e+01 2.505109267126424299e+01 9.963493439417403508e+00 3.578067834873221109e+00 1.142669853619196596e+00
8.129636860638892131e+02 3.099032910246790834e+03 2.689343339960094568e+02 1.435271810471113554e+02 7.216537525854080570e+01 3.390761898721637380e+01 1.474117544368881383e+01 5.862962017260473502e+00 2.105494015587947132e+00 6.723976876959401050e-01
4.570258965544799139e+02 2.689343339960094568e+02 1.498810251631907477e+03 8.068704632501652441e+01 4.056939552541484062e+01 1.906193380259105297e+01 8.287084698749151102e+00 3.295996510467444907e+00 1.183651012535572145e+00 3.780035459495861283e-01
2.439094987364705389e+02 1.435271810471113554e+02 8.068704632501653862e+01 6.992946525748577642e+02 2.165142282143299823e+01 1.017313625724387194e+01 4.422722410474239751e+00 1.759035675584388336e+00 6.317010202769816063e-01 2.017361731758703092e-01
1.226375406875883982e+02 7.216537525854080570e+01 4.056939552541484062e+01 2.165142282143299823e+01 3.111792231766481791e+02 5.115046433743409615e+00 2.223742012402989854e+00 8.844420178505491004e-01 3.176188708432030605e-01 1.014328194440049791e-01
5.762246767603207331e+01 3.390761898721637380e+01 1.906193380259105297e+01 1.017313625724387194e+01 5.115046433743408727e+00 1.304813127816807992e+02 1.044847291547930102e+00 4.155638746437751441e-01 1.492363840292871835e-01 4.765921859596212312e-02
2.505109267126424655e+01 1.474117544368881383e+01 8.287084698749151102e+00 4.422722410474239751e+00 2.223742012402989854e+00 1.044847291547930102e+00 5.086364844865802581e+01 1.806644101578627482e-01 6.487980534365568597e-02 2.071961770884195655e-02
9.963493439417403508e+00 5.862962017260473502e+00 3.295996510467444907e+00 1.759035675584388336e+00 8.844420178505491004e-01 4.155638746437750886e-01 1.806644101578627759e-01 1.817333698626480754e+01 2.580444387696117711e-02 8.240749328514826791e-03
3.578067834873221109e+00 2.105494015587947132e+00 1.183651012535572145e+00 6.317010202769816063e-01 3.176188708432030605e-01 1.492363840292871557e-01 6.487980534365568597e-02 2.580444387696117711e-02 5.861971954616933544e+00 2.959399761429072715e-03
1.142669853619196596e+00 6.723976876959402160e-01 3.780035459495861283e-01 2.017361731758703092e-01 1.014328194440049652e-01 4.765921859596211618e-02 2.071961770884195655e-02 8.240749328514825056e-03 2.959399761429072281e-03 1.678952439787192885e+00
