7.289981095767173683e+05 3.437556112699125079e+05 2.015288771718375792e+05 1.100402233896341786e+05 5.448911809700117738e+04 2.360418510978649647e+04 8.519030539959347152e+03 2.396909278541068943e+03 4.801143666470203470e+02 6.042544245318690344e+01
3.437556112699125079e+05 3.036755386972029810e+05 1.243952748125203943e+05 6.792318808640471252e+04 3.363383409410247259e+04 1.456986777608968441e+04 5.258438195191746672e+03 1.479510989140085940e+03 2.963543459311315473e+02 3.729807670800006036e+01
2.015288771718375792e+05 1.243952748125203943e+05 1.185526121179606416e+05 3.982039385020149348e+04 1.971804560492306337e+04 8.541676112894016114e+03 3.082792281527043087e+03 8.673725711801733951e+02 1.737395888895055123e+02 2.186623075580968845e+01
1.100402233896342077e+05 6.792318808640471252e+04 3.982039385020149348e+04 4.266289595667360118e+04 1.076658677219059246e+04 4.663986426041125924e+03 1.683288053224370969e+03 4.736089082326591324e+02 9.486651958430137199e+01 1.193955402732147242e+01
5.448911809700117738e+04 3.363383409410247259e+04 1.971804560492306337e+04 1.076658677219059246e+04 1.391484506259716363e+04 2.309487379642170708e+03 8.335214042472954361e+02 2.345190780020912200e+02 4.697548614361874542e+01 5.912163292477741194e+00
2.360418510978649647e+04 1.456986777608968805e+04 8.541676112894016114e+03 4.663986426041125924e+03 2.309487379642170708e+03 4.039335255223718377e+03 3.610738108074671686e+02 1.015915089519951948e+02 2.034934881093645842e+01 2.561094795230492771e+00
8.519030539959347152e+03 5.258438195191746672e+03 3.082792281527043087e+03 1.683288053224371197e+03 8.335214042472954361e+02 3.610738108074671686e+02 1.014067311730743882e+03 3.666558126608543233e+01 7.344321491394252277e+00 9.243295066031976814e-01
2.396909278541068943e+03 1.479510989140085712e+03 8.673725711801736225e+02 4.736089082326591324e+02 2.345190780020912200e+02 1.015915089519951806e+02 3.666558126608543233e+01 2.077716956793505858e+02 2.066393851358991451e+00 2.600687907402507437e-01
4.801143666470203470e+02 2.963543459311315473e+02 1.737395888895055123e+02 9.486651958430138620e+01 4.697548614361875252e+01 2.034934881093645842e+01 7.344321491394252277e+00 2.066393851358991451e+00 3.135349136344256848e+01 5.209323684829340884e-02
6.042544245318688922e+01 3.729807670800005326e+01 2.186623075580968489e+01 1.193955402732147064e+01 5.912163292477741194e+00 2.561094795230493215e+00 9.243295066031976814e-01 2.600687907402507437e-01 5.209323684829340884e-02 3.005884030490475922e+00
