3.405993299471613136e+05 1.092371823927015532e+06 6.854576934189660242e+05 4.160550873488180805e+05 2.385677960416906571e+05 1.246957469606645027e+05 5.630598183146573137e+04 2.026530025126097462e+04 5.152878824241853181e+03 7.723666422153546591e+02
1.092371823927015299e+06 1.893305646651368588e+05 4.378171785379991634e+05 2.657437011916397605e+05 1.523785936839144852e+05 7.964596594969935541e+04 3.596389148001950525e+04 1.294390108013483223e+04 3.291259095692788378e+03 4.933278703240220580e+02
6.854576934189660242e+05 4.378171785379991634e+05 1.013144605469736271e+05 1.667528038251659600e+05 9.561678273384357453e+04 4.997743342898049741e+04 2.256715667714917799e+04 8.122231262187227912e+03 2.065248131416929027e+03 3.095606978180243232e+02
4.160550873488180805e+05 2.657437011916397023e+05 1.667528038251659600e+05 5.129942016886649071e+04 5.803691354591996787e+04 3.033500919225205143e+04 1.369768029839137307e+04 4.929984256798050410e+03 1.253552188506049561e+03 1.878953353459808966e+02
2.385677960416906280e+05 1.523785936839144852e+05 9.561678273384357453e+04 5.803691354591996787e+04 2.396652306858548400e+04 1.739422616369206662e+04 7.854309438911373036e+03 2.826874407807633816e+03 7.187922751786915114e+02 1.077400022329816665e+02
1.246957469606644881e+05 7.964596594969935541e+04 4.997743342898049741e+04 3.033500919225205507e+04 1.739422616369206662e+04 9.955406555960436890e+03 4.105327703887148346e+03 1.477564120951003588e+03 3.757017550151621776e+02 5.631405528698240914e+01
5.630598183146573137e+04 3.596389148001950525e+04 2.256715667714917799e+04 1.369768029839137125e+04 7.854309438911372126e+03 4.105327703887148346e+03 3.480768721969841408e+03 6.671895439652573714e+02 1.696469743960606706e+02 2.542843882915451914e+01
2.026530025126097462e+04 1.294390108013483405e+04 8.122231262187226093e+03 4.929984256798050410e+03 2.826874407807633816e+03 1.477564120951003588e+03 6.671895439652572577e+02 9.442547557112545746e+02 6.105828832084957725e+01 9.152046213066185487e+00
5.152878824241853181e+03 3.291259095692788378e+03 2.065248131416928572e+03 1.253552188506049561e+03 7.187922751786915114e+02 3.757017550151622345e+02 1.696469743960606706e+02 6.105828832084958435e+01 1.760251593217965365e+02 2.327100242536854768e+00
7.723666422153545454e+02 4.933278703240219443e+02 3.095606978180243232e+02 1.878953353459808966e+02 1.077400022329816522e+02 5.631405528698240204e+01 2.542843882915451914e+01 9.152046213066185487e+00 2.327100242536854768e+00 1.880281760675979186e+01
