2.317847041517044272e+04 5.935837362774512258e+03 3.323061610361975454e+03 1.753568710599489350e+03 8.635076769616587171e+02 3.920485177478673222e+02 1.617757315698750631e+02 5.966276934566907642e+01 1.926478536512789219e+01 5.316345172889344717e+00
5.935837362774511348e+03 1.047394650968097994e+04 1.956178409898105429e+03 1.032268929727704744e+03 5.083189156609302586e+02 2.307862254673615041e+02 9.523211738105247548e+01 3.512153398083257372e+01 1.134055326722611312e+01 3.129559685063835417e+00
3.323061610361975454e+03 1.956178409898105429e+03 4.620669481205297416e+03 5.778954244029694109e+02 2.845723309481165870e+02 1.292011217929431552e+02 5.331382482395727607e+01 1.966209889790100007e+01 6.348785335481191616e+00 1.752022336729107899e+00
1.753568710599489350e+03 1.032268929727704744e+03 5.778954244029694109e+02 1.977472738333829057e+03 1.501678855116450393e+02 6.817900813033068630e+01 2.813353046544633784e+01 1.037562508758788127e+01 3.350233194563009054e+00 9.245364396433525256e-01
8.635076769616587171e+02 5.083189156609302586e+02 2.845723309481166439e+02 1.501678855116450393e+02 8.116251201329989726e+02 3.357330486813091142e+01 1.385375970163292614e+01 5.109256262530580628e+00 1.649751199157706294e+00 4.552683384672765454e-01
3.920485177478673222e+02 2.307862254673614757e+02 1.292011217929431552e+02 6.817900813033068630e+01 3.357330486813091852e+01 3.140859909191623842e+02 6.289864121846697742e+00 2.319697204739574303e+00 7.490176746989868350e-01 2.067002784522497250e-01
1.617757315698750631e+02 9.523211738105246127e+01 5.331382482395727607e+01 2.813353046544633784e+01 1.385375970163292614e+01 6.289864121846697742e+00 1.122000537201491994e+02 9.572047726977542803e-01 3.090762413266500142e-01 8.529324113862556123e-02
5.966276934566907642e+01 3.512153398083257372e+01 1.966209889790100362e+01 1.037562508758788127e+01 5.109256262530581516e+00 2.319697204739574303e+00 9.572047726977542803e-01 3.613735172799299988e+01 1.139870876648356596e-01 3.145608382305694478e-02
1.926478536512788864e+01 1.134055326722611312e+01 6.348785335481191616e+00 3.350233194563008610e+00 1.649751199157706516e+00 7.490176746989867240e-01 3.090762413266500142e-01 1.139870876648356596e-01 1.022366972932368689e+01 1.015699924634244286e-02
5.316345172889344717e+00 3.129559685063835861e+00 1.752022336729107899e+00 9.245364396433524146e-01 4.552683384672765454e-01 2.067002784522496972e-01 8.529324113862554735e-02 3.145608382305694478e-02 1.015699924634244286e-02 2.470781507625811280e+00
