3.036870369952640031e+05 8.832595881436975906e+05 5.526228461113178637e+05 3.322197076269563404e+05 1.873119411734642927e+05 9.558889468424131337e+04 4.189005892002752080e+04 1.459559644018196013e+04 3.610728928710459058e+03 5.366101089623495000e+02
8.832595881436975906e+05 1.687171341525954776e+05 3.539509451874716324e+05 2.127843254254095082e+05 1.199719466717319738e+05 6.122399727226906543e+04 2.683028045806838054e+04 9.348374197574634309e+03 2.312645823686005770e+03 3.436949025920588952e+02
5.526228461113177473e+05 3.539509451874716324e+05 8.987215650187412393e+04 1.331312799803267117e+05 7.506200839844327129e+04 3.830558997272778652e+04 1.678671383558239904e+04 5.848931871132797824e+03 1.446936930306939757e+03 2.150371847800143996e+02
3.322197076269563404e+05 2.127843254254095082e+05 1.331312799803267117e+05 4.508849826087444671e+04 4.512495033366707503e+04 2.302813209907404962e+04 1.009165147933675144e+04 3.516196353138663653e+03 8.698535851780311532e+02 1.292736830539027437e+02
1.873119411734642927e+05 1.199719466717319738e+05 7.506200839844327129e+04 4.512495033366708230e+04 2.077028830832434687e+04 1.298370935272754286e+04 5.689869640013046592e+03 1.982499982189551929e+03 4.904403918124871211e+02 7.288702012422376697e+01
9.558889468424131337e+04 6.122399727226906543e+04 3.830558997272778652e+04 2.302813209907404598e+04 1.298370935272754286e+04 8.469278516721811684e+03 2.903650169759276650e+03 1.011707960644816239e+03 2.502811869236197708e+02 3.719565152576409872e+01
4.189005892002752080e+04 2.683028045806838054e+04 1.678671383558239904e+04 1.009165147933675144e+04 5.689869640013046592e+03 2.903650169759276650e+03 2.897553533912790044e+03 4.433622359717384143e+02 1.096810848314295299e+02 1.630030391218595298e+01
1.459559644018196013e+04 9.348374197574634309e+03 5.848931871132797824e+03 3.516196353138663653e+03 1.982499982189551929e+03 1.011707960644816239e+03 4.433622359717383574e+02 7.694840829184114455e+02 3.821576986504407358e+01 5.679453882096116679e+00
3.610728928710459058e+03 2.312645823686005770e+03 1.446936930306939985e+03 8.698535851780311532e+02 4.904403918124872348e+02 2.502811869236197140e+02 1.096810848314295299e+02 3.821576986504407358e+01 1.415463043362183555e+02 1.405010649301407843e+00
5.366101089623495000e+02 3.436949025920588952e+02 2.150371847800144280e+02 1.292736830539027437e+02 7.288702012422376697e+01 3.719565152576409162e+01 1.630030391218595298e+01 5.679453882096117567e+00 1.405010649301407621e+00 1.525025271519972492e+01
