3.330527687978882341e+02 6.304509653018932624e+00 3.423755786488036357e+00 1.780647430692537503e+00 8.830730752687256935e-01 4.155956319586326941e-01 1.846222390511922384e-01 7.695768672233842256e-02 2.990225318287692557e-02 1.075057169788272253e-02
6.304509653018932624e+00 1.735530749515526736e+02 1.933911215319533472e+00 1.005800136311283177e+00 4.988045382643026548e-01 2.347495276545529530e-01 1.042840205214363020e-01 4.346961136794196684e-02 1.689031180959553458e-02 6.072469087802098535e-03
3.423755786488035469e+00 1.933911215319533472e+00 8.725057043606452112e+01 5.462144125827813612e-01 2.708830691362525966e-01 1.274841499049403359e-01 5.663295614553204294e-02 2.360680554848703511e-02 9.172529820142105716e-03 3.297742778088458889e-03
1.780647430692537503e+00 1.005800136311283177e+00 5.462144125827813612e-01 4.209096935511958293e+01 1.408824902112400801e-01 6.630272079513800654e-02 2.945400727792743881e-02 1.227756892377250032e-02 4.770504287030519208e-03 1.715109829989214761e-03
8.830730752687256935e-01 4.988045382643026548e-01 2.708830691362525966e-01 1.408824902112400801e-01 1.937868465129513496e+01 3.288138153686864101e-02 1.460706950605649562e-02 6.088791278643411811e-03 2.365827068692793241e-03 8.505711382758935008e-04
4.155956319586327496e-01 2.347495276545529530e-01 1.274841499049403359e-01 6.630272079513799266e-02 3.288138153686864795e-02 8.466991392055142285e+00 6.874441597696638075e-03 2.865533023461254176e-03 1.113415665423858137e-03 4.002994311993633898e-04
1.846222390511922384e-01 1.042840205214363020e-01 5.663295614553204294e-02 2.945400727792743881e-02 1.460706950605649562e-02 6.874441597696636340e-03 3.490101940186023377e+00 1.272970845177720349e-03 4.946185121735997012e-04 1.778271271299150242e-04
7.695768672233842256e-02 4.346961136794196684e-02 2.360680554848703511e-02 1.227756892377250032e-02 6.088791278643411811e-03 2.865533023461254176e-03 1.272970845177720132e-03 1.348659095876137304e+00 2.061761177989527476e-04 7.412522137488978646e-05
2.990225318287692557e-02 1.689031180959553111e-02 9.172529820142105716e-03 4.770504287030520076e-03 2.365827068692793675e-03 1.113415665423858137e-03 4.946185121735997012e-04 2.061761177989526934e-04 4.852267099083204527e-01 2.880168611078289106e-05
1.075057169788272253e-02 6.072469087802098535e-03 3.297742778088458889e-03 1.715109829989214761e-03 8.505711382758935008e-04 4.002994311993633356e-04 1.778271271299150242e-04 7.412522137488978646e-05 2.880168611078289106e-05 1.613212535575056505e-01
