2.979191413042735348e+03 2.348799073927386587e+02 1.332490498218866719e+02 7.208935898131029774e+01 3.697695675044718655e+01 1.786778215561036731e+01 8.068330649858744152e+00 3.376803908321679426e+00 1.296498092322392326e+00 4.515687675645329580e-01
2.348799073927386587e+02 1.548887909910530652e+03 7.882644236537662152e+01 4.264606545782529423e+01 2.187454210016728950e+01 1.057008438085673774e+01 4.773000646578921646e+00 1.997623540387723162e+00 7.669723145334229608e-01 2.671355591504046001e-01
1.332490498218866719e+02 7.882644236537663573e+01 7.815911204506854801e+02 2.419341766597136711e+01 1.240958404016408778e+01 5.996484398860367548e+00 2.707757372760075665e+00 1.133266108681743933e+00 4.351088745125725743e-01 1.515479115500121821e-01
7.208935898131031195e+01 4.264606545782529423e+01 2.419341766597136711e+01 3.796262898108846571e+02 6.713736119514052803e+00 3.244171099404476344e+00 1.464929720250270462e+00 6.131107684393553026e-01 2.353992009145167430e-01 8.198926606381112814e-02
3.697695675044718655e+01 2.187454210016728950e+01 1.240958404016408956e+01 6.713736119514053691e+00 1.759604398402521497e+02 1.664039965521546316e+00 7.514096903286732188e-01 3.144842829535089979e-01 1.207438406209517673e-01 4.205493831660293835e-02
1.786778215561036731e+01 1.057008438085673774e+01 5.996484398860367548e+00 3.244171099404476344e+00 1.664039965521546316e+00 7.714196872112073322e+01 3.630916613018731476e-01 1.519631995975081196e-01 5.834511085936821412e-02 2.032153379954950920e-02
8.068330649858744152e+00 4.773000646578921646e+00 2.707757372760076109e+00 1.464929720250270462e+00 7.514096903286732188e-01 3.630916613018731476e-01 3.166480562171921420e+01 6.862011917792451565e-02 2.634617112052908827e-02 9.176340554138838826e-03
3.376803908321679870e+00 1.997623540387723162e+00 1.133266108681743933e+00 6.131107684393554136e-01 3.144842829535089979e-01 1.519631995975081196e-01 6.862011917792452953e-02 1.205125910823993252e+01 1.102655028282361477e-02 3.840534553185330057e-03
1.296498092322392548e+00 7.669723145334228498e-01 4.351088745125725743e-01 2.353992009145166875e-01 1.207438406209517673e-01 5.834511085936821412e-02 2.634617112052908827e-02 1.102655028282361477e-02 4.204496821051277422e+00 1.474543934704745929e-03
4.515687675645329580e-01 2.671355591504046556e-01 1.515479115500121821e-01 8.198926606381114202e-02 4.205493831660293835e-02 2.032153379954950920e-02 9.176340554138838826e-03 3.840534553185330924e-03 1.474543934704746146e-03 1.328798045254200089e+00
