1.867139351182966959e+06 1.008965682297565392e+06 6.421040371403899044e+05 3.951654791821305989e+05 2.304234406680517714e+05 1.235684849053433863e+05 5.835867842565913452e+04 2.278658327189645206e+04 6.711875872195786542e+03 1.304582921741240852e+03
1.008965682297565392e+06 8.318586007907005260e+05 4.166956589917584206e+05 2.564440187791403150e+05 1.495340971284519765e+05 8.019020013884031505e+04 3.787206832208609558e+04 1.478743285113073398e+04 4.355695304597518771e+03 8.466136464510407222e+02
6.421040371403899044e+05 4.166956589917584788e+05 3.619085300150360563e+05 1.632005356055599696e+05 9.516324404381963541e+04 5.103290642253934493e+04 2.410171960367658903e+04 9.410697013035945929e+03 2.771957053352651656e+03 5.387834787863843076e+02
3.951654791821305989e+05 2.564440187791402859e+05 1.632005356055599696e+05 1.505691951019522967e+05 5.856563229313570628e+04 3.140681533530117667e+04 1.483274831710463332e+04 5.791557721947663595e+03 1.705925634946432638e+03 3.315796494883062451e+02
2.304234406680518005e+05 1.495340971284519765e+05 9.516324404381963541e+04 5.856563229313569173e+04 5.828045657192081853e+04 1.831350872288816390e+04 8.649067496645486244e+03 3.377093211382800291e+03 9.947358133148468369e+02 1.933461491847264426e+02
1.235684849053433863e+05 8.019020013884031505e+04 5.103290642253934493e+04 3.140681533530117667e+04 1.831350872288816390e+04 2.028082733085708242e+04 4.638209390962871112e+03 1.811023610726562993e+03 5.334439802479813579e+02 1.036851574118157657e+02
5.835867842565913452e+04 3.787206832208610285e+04 2.410171960367658903e+04 1.483274831710463332e+04 8.649067496645486244e+03 4.638209390962871112e+03 6.097310328731882691e+03 8.553066309798006159e+02 2.519338626288314913e+02 4.896822004045101551e+01
2.278658327189645206e+04 1.478743285113073398e+04 9.410697013035944110e+03 5.791557721947663595e+03 3.377093211382800291e+03 1.811023610726562993e+03 8.553066309798006159e+02 1.513462526988644868e+03 9.836946439963098499e+01 1.912000843284488383e+01
6.711875872195786542e+03 4.355695304597518771e+03 2.771957053352651656e+03 1.705925634946432638e+03 9.947358133148469506e+02 5.334439802479814716e+02 2.519338626288314913e+02 9.836946439963098499e+01 2.914682421898613711e+02 5.631872130424536493e+00
1.304582921741240852e+03 8.466136464510407222e+02 5.387834787863843076e+02 3.315796494883062451e+02 1.933461491847264426e+02 1.036851574118157515e+02 4.896822004045100840e+01 1.912000843284488383e+01 5.631872130424536493e+00 3.873976077013526265e+01
