2.080255167558263929e+04 4.433962143416955769e+03 2.325784235482035911e+03 1.133387163959574309e+03 5.062898649403028912e+02 2.039323157078953841e+02 7.260774529457140147e+01 2.232108907537751463e+01 5.755194453083960937e+00 1.202368579740951127e+00
4.433962143416955769e+03 8.911583619920740603e+03 1.297941303590486086e+03 6.325049377409352473e+02 2.825432029635680919e+02 1.138077090970018332e+02 4.051992018033003262e+01 1.245664280033710902e+01 3.211778838678188475e+00 6.710011264057625935e-01
2.325784235482035456e+03 1.297941303590486086e+03 3.697682723628741314e+03 3.317732460225200271e+02 1.482048123191368916e+02 5.969653486715426283e+01 2.125426165812437773e+01 6.533989807528779892e+00 1.684701932320960216e+00 3.519659824119651392e-01
1.133387163959574082e+03 6.325049377409353610e+02 3.317732460225200271e+02 1.469757653746250526e+03 7.222227640765387946e+01 2.909095578131946525e+01 1.035749876332084796e+01 3.184104554634645812e+00 8.209787976289754097e-01 1.715179424343568626e-01
5.062898649403029481e+02 2.825432029635680919e+02 1.482048123191368916e+02 7.222227640765389367e+01 5.499456237970919119e+02 1.299507930022215341e+01 4.626747872881421308e+00 1.422355851719596664e+00 3.667354437986663496e-01 7.661794545700936765e-02
2.039323157078953841e+02 1.138077090970018332e+02 5.969653486715426283e+01 2.909095578131946525e+01 1.299507930022215341e+01 1.891614031535282265e+02 1.863642694140325018e+00 5.729214481432586270e-01 1.477201371882946868e-01 3.086152049216210613e-02
7.260774529457140147e+01 4.051992018033003262e+01 2.125426165812437773e+01 1.035749876332084973e+01 4.626747872881421308e+00 1.863642694140325018e+00 5.816397483905443266e+01 2.039820635399778315e-01 5.259404846463770766e-02 1.098788787603292329e-02
2.232108907537751108e+01 1.245664280033710902e+01 6.533989807528779892e+00 3.184104554634646256e+00 1.422355851719596442e+00 5.729214481432587380e-01 2.039820635399778037e-01 1.551210259643339384e+01 1.616847398099376457e-02 3.377898914725406803e-03
5.755194453083960937e+00 3.211778838678188475e+00 1.684701932320960216e+00 8.209787976289754097e-01 3.667354437986663496e-01 1.477201371882947145e-01 5.259404846463770766e-02 1.616847398099376804e-02 3.469020555196030031e+00 8.709460829378102035e-04
1.202368579740951127e+00 6.710011264057625935e-01 3.519659824119651392e-01 1.715179424343568626e-01 7.661794545700936765e-02 3.086152049216210613e-02 1.098788787603292329e-02 3.377898914725407237e-03 8.709460829378104204e-04 6.267277641720137016e-01
