2.378162303077969234e+06 1.288939950599950971e+06 8.111140266322831158e+05 4.959383982878042152e+05 2.881047131327221286e+05 1.537309383408711874e+05 7.156409150954666256e+04 2.689140322365692555e+04 7.255139926144903256e+03 1.177748582444253088e+03
1.288939950599950971e+06 1.023124852347502019e+06 5.178198247821486439e+05 3.166099044919525622e+05 1.839276934868377866e+05 9.814270859768269293e+04 4.568692453763587400e+04 1.716762532542537156e+04 4.631722744241837063e+03 7.518814181167977040e+02
8.111140266322833486e+05 5.178198247821486439e+05 4.336636987727190135e+05 1.992387111475571583e+05 1.157434308742288413e+05 6.175999705666059162e+04 2.875021858769943719e+04 1.080337505167610288e+04 2.914686043812713251e+03 4.731497105934536762e+02
4.959383982878042152e+05 3.166099044919525622e+05 1.992387111475571583e+05 1.769497813639740634e+05 7.076885596274262934e+04 3.776183497369774705e+04 1.757870889745061868e+04 6.605493609173671757e+03 1.782122711010162902e+03 2.892973144556837610e+02
2.881047131327221286e+05 1.839276934868377866e+05 1.157434308742288413e+05 7.076885596274264390e+04 6.725534965940365510e+04 2.193692335584961620e+04 1.021197169170311281e+04 3.837319005629029107e+03 1.035285741526576203e+03 1.680610335458497673e+02
1.537309383408711874e+05 9.814270859768269293e+04 6.175999705666059162e+04 3.776183497369774705e+04 2.193692335584961620e+04 2.280432870785033447e+04 5.449046540771877517e+03 2.047570291489301098e+03 5.524222313658805206e+02 8.967635449142439086e+01
7.156409150954666256e+04 4.568692453763588128e+04 2.875021858769943719e+04 1.757870889745061868e+04 1.021197169170311281e+04 5.449046540771878426e+03 6.538285680821338246e+03 9.531751337356671456e+02 2.571609563048204450e+02 4.174570784728400952e+01
2.689140322365692555e+04 1.716762532542537519e+04 1.080337505167610107e+04 6.605493609173671757e+03 3.837319005629029107e+03 2.047570291489301098e+03 9.531751337356671456e+02 1.490822378465814836e+03 9.663252650180892545e+01 1.568664729613088404e+01
7.255139926144903256e+03 4.631722744241837063e+03 2.914686043812713251e+03 1.782122711010162448e+03 1.035285741526576203e+03 5.524222313658805206e+02 2.571609563048204450e+02 9.663252650180892545e+01 2.497572586364528604e+02 4.232163720091490333e+00
1.177748582444253316e+03 7.518814181167977040e+02 4.731497105934536762e+02 2.892973144556837610e+02 1.680610335458498241e+02 8.967635449142439086e+01 4.174570784728400241e+01 1.568664729613088404e+01 4.232163720091490333e+00 2.650039925503866201e+01
