3.075919647062669392e+05 8.324427026153405895e+05 5.117469001122604241e+05 3.006657595388668124e+05 1.640303968054488651e+05 7.961240992166800424e+04 3.224633124259905526e+04 9.910860873937361248e+03 2.005164338208248182e+03 2.159663131618648038e+02
8.324427026153405895e+05 1.671712264689639560e+05 3.229872173330076039e+05 1.897641138607205648e+05 1.035271955933665304e+05 5.024708647992496844e+04 2.035215610482594639e+04 6.255204231516392611e+03 1.265552267636975103e+03 1.363063625993978576e+02
5.117469001122603659e+05 3.229872173330076039e+05 8.671722302359408059e+04 1.166581155864218308e+05 6.364368533206079883e+04 3.088956232661725153e+04 1.251155516712864119e+04 3.845407455660981668e+03 7.780024353129921337e+02 8.379478648400389318e+01
3.006657595388667542e+05 1.897641138607205648e+05 1.166581155864218308e+05 4.206384129004045826e+04 3.739246292653458659e+04 1.814849042899563210e+04 7.350892084567492020e+03 2.259285504492752352e+03 4.570984076017945767e+02 4.923180407753014975e+01
1.640303968054488359e+05 1.035271955933665449e+05 6.364368533206078428e+04 3.739246292653458659e+04 1.851265218887270021e+04 9.901041246112437875e+03 4.010332760720530587e+03 1.232569675932250220e+03 2.493733682646654017e+02 2.685876958743442344e+01
7.961240992166798969e+04 5.024708647992496117e+04 3.088956232661725153e+04 1.814849042899563210e+04 9.901041246112437875e+03 7.074242824028972791e+03 1.946421284632115203e+03 5.982296221213317722e+02 1.210337547459625114e+02 1.303594587363351209e+01
3.224633124259905526e+04 2.035215610482594639e+04 1.251155516712864119e+04 7.350892084567492020e+03 4.010332760720530587e+03 1.946421284632115203e+03 2.199551192563578752e+03 2.423078333269874065e+02 4.902369556346715029e+01 5.280099284965488415e+00
9.910860873937361248e+03 6.255204231516393520e+03 3.845407455660981668e+03 2.259285504492752807e+03 1.232569675932249993e+03 5.982296221213317722e+02 2.423078333269874065e+02 5.055238127078334287e+02 1.506735828644989716e+01 1.622830486363609825e+00
2.005164338208247955e+03 1.265552267636975103e+03 7.780024353129921337e+02 4.570984076017945767e+02 2.493733682646654017e+02 1.210337547459625114e+02 4.902369556346715029e+01 1.506735828644989716e+01 7.444695880773444685e+01 3.283308947228416041e-01
2.159663131618648038e+02 1.363063625993978860e+02 8.379478648400389318e+01 4.923180407753015686e+01 2.685876958743442344e+01 1.303594587363351209e+01 5.280099284965487527e+00 1.622830486363609825e+00 3.283308947228416041e-01 5.677307776344188817e+00
