4.504233811597010354e+05 2.094724572251974605e+05 1.242769501361873990e+05 6.917979186584924173e+04 3.543473264591308543e+04 1.628674188648352174e+04 6.498172186529356622e+03 2.155740471183676618e+03 5.618737168491599050e+02 1.067741922227840519e+02
2.094724572251974605e+05 1.927118107622597017e+05 7.741230872242905025e+04 4.309220172690022446e+04 2.207235098766250303e+04 1.014503727052645809e+04 4.047721728638042805e+03 1.342814147738829206e+03 3.499920265510325521e+02 6.650981314620567275e+01
1.242769501361873990e+05 7.741230872242905025e+04 7.795254223310551606e+04 2.556597404839298179e+04 1.309520353854040331e+04 6.018902473863366140e+03 2.401454196406886240e+03 7.966720259613745156e+02 2.076451587379083890e+02 3.945930095741421439e+01
6.917979186584924173e+04 4.309220172690022446e+04 2.556597404839298179e+04 2.955004732084088755e+04 7.289553326215460402e+03 3.350471828817979713e+03 1.336789334633210501e+03 4.434740704608275905e+02 1.155873945063680992e+02 2.196534614354808213e+01
3.543473264591308543e+04 2.207235098766249939e+04 1.309520353854040331e+04 7.289553326215460402e+03 1.041100608169533734e+04 1.716152510577825524e+03 6.847197917058138046e+02 2.271528245220363544e+02 5.920527239389891605e+01 1.125091803659779011e+01
1.628674188648352538e+04 1.014503727052645627e+04 6.018902473863366140e+03 3.350471828817980622e+03 1.716152510577825524e+03 3.374477438470019933e+03 3.147153563571635004e+02 1.044054560463231383e+02 2.721231170089255258e+01 5.171219997032616256e+00
6.498172186529355713e+03 4.047721728638042805e+03 2.401454196406886240e+03 1.336789334633210274e+03 6.847197917058138046e+02 3.147153563571635573e+02 9.858005663798812748e+02 4.165625238803446706e+01 1.085731500249660186e+01 2.063241266384255646e+00
2.155740471183676618e+03 1.342814147738829206e+03 7.966720259613746293e+02 4.434740704608275905e+02 2.271528245220362976e+02 1.044054560463231667e+02 4.165625238803445995e+01 2.492547606242564200e+02 3.601867215490395235e+00 6.844713516488636351e-01
5.618737168491599050e+02 3.499920265510326089e+02 2.076451587379084174e+02 1.155873945063680992e+02 5.920527239389891605e+01 2.721231170089255968e+01 1.085731500249660009e+01 3.601867215490394347e+00 5.100961056186370968e+01 1.784010958501633937e-01
1.067741922227840519e+02 6.650981314620567275e+01 3.945930095741421439e+01 2.196534614354808568e+01 1.125091803659779188e+01 5.171219997032617144e+00 2.063241266384255646e+00 6.844713516488636351e-01 1.784010958501633937e-01 7.710192896558528020e+00
