3.700589992271692026e+05 1.441393967138659442e+06 9.039200221861958271e+05 5.596200018139383756e+05 3.358249610851590405e+05 1.895030669685765461e+05 9.574886835328684538e+04 4.008033507487665338e+04 1.229152258578108012e+04 2.276425390774292282e+03
1.441393967138659442e+06 2.057726896459998388e+05 5.679255523588676006e+05 3.516046672719725757e+05 2.109960746957517695e+05 1.190632261043767794e+05 6.015823038830279256e+04 2.518214651454972409e+04 7.722663048195307965e+03 1.430259443011798112e+03
9.039200221861958271e+05 5.679255523588676006e+05 1.116097884542191168e+05 2.204966205541759846e+05 1.323188391712179873e+05 7.466635523352034215e+04 3.772613885378211125e+04 1.579210608277652864e+04 4.842999147359195376e+03 8.969373931997814680e+02
5.596200018139383756e+05 3.516046672719725757e+05 2.204966205541759846e+05 5.823109208104780555e+04 8.191904947289933625e+04 4.622619792198351934e+04 2.335638261748513105e+04 9.776947315886407523e+03 2.998317467374100488e+03 5.552970321372711169e+02
3.358249610851590405e+05 2.109960746957517695e+05 1.323188391712179873e+05 8.191904947289932170e+04 2.861347259812237462e+04 2.774009339899602492e+04 1.401603991669846801e+04 5.867093637194268013e+03 1.799274228115662936e+03 3.332307701721584294e+02
1.895030669685765170e+05 1.190632261043767649e+05 7.466635523352034215e+04 4.622619792198351934e+04 2.774009339899602855e+04 1.281427227704838333e+04 7.909127845606503797e+03 3.310749251179677685e+03 1.015314595566864455e+03 1.880391878908359047e+02
9.574886835328684538e+04 6.015823038830279256e+04 3.772613885378211125e+04 2.335638261748513105e+04 1.401603991669846982e+04 7.909127845606503797e+03 4.970106287216218334e+03 1.672798753460338958e+03 5.130007925635454740e+02 9.500922457156926271e+01
4.008033507487665338e+04 2.518214651454972045e+04 1.579210608277652500e+04 9.776947315886407523e+03 5.867093637194268013e+03 3.310749251179677231e+03 1.672798753460338958e+03 1.542307532214552566e+03 2.147413751540006785e+02 3.977072127873331198e+01
1.229152258578108012e+04 7.722663048195307965e+03 4.842999147359196286e+03 2.998317467374100488e+03 1.799274228115662936e+03 1.015314595566864682e+03 5.130007925635454740e+02 2.147413751540006785e+02 3.382335941352358191e+02 1.219657265681826708e+01
2.276425390774291827e+03 1.430259443011798112e+03 8.969373931997813543e+02 5.552970321372711169e+02 3.332307701721584863e+02 1.880391878908359331e+02 9.500922457156924850e+01 3.977072127873331908e+01 1.219657265681826708e+01 4.317820609422621914e+01
