4.455519034873481360e+03 6.464930148007521211e+02 3.892414331784313504e+02 2.249743621341268636e+02 1.242535839971567384e+02 6.517181185673219090e+01 3.226701241128029807e+01 1.496311246413959850e+01 6.444979230638939960e+00 2.554561625256526192e+00
6.464930148007521211e+02 2.573041665270836347e+03 2.429314343000751251e+02 1.404098839830712961e+02 7.754853107715554472e+01 4.067470824215403979e+01 2.013832787954344283e+01 9.338703597981169224e+00 4.022408497852766551e+00 1.594340341838733632e+00
3.892414331784314072e+02 2.429314343000751535e+02 1.430705808705667096e+03 8.453818250585739236e+01 4.669052980666331365e+01 2.448948614730209883e+01 1.212491307128277640e+01 5.622659934890506861e+00 2.421817425229032317e+00 9.599226989680025302e-01
2.249743621341268636e+02 1.404098839830712961e+02 8.453818250585739236e+01 7.621885479125692200e+02 2.698626421957325761e+01 1.415447086399002430e+01 7.007975902948484048e+00 3.249793635841530914e+00 1.399765759768058615e+00 5.548175977437608264e-01
1.242535839971567242e+02 7.754853107715554472e+01 4.669052980666331365e+01 2.698626421957325405e+01 3.872317385593991048e+02 7.817529596485981891e+00 3.870512685298425737e+00 1.794864546670973837e+00 7.730921459574666699e-01 3.064263604545974240e-01
6.517181185673219090e+01 4.067470824215403979e+01 2.448948614730209883e+01 1.415447086399002252e+01 7.817529596485981891e+00 1.864546773490150997e+02 2.030109043141455683e+00 9.414181127092182688e-01 4.054918519324986481e-01 1.607226163548505782e-01
3.226701241128030517e+01 2.013832787954344283e+01 1.212491307128277640e+01 7.007975902948484048e+00 3.870512685298425737e+00 2.030109043141455238e+00 8.457189228673045989e+01 4.661025842548297549e-01 2.007618055447296102e-01 7.957487307696653467e-02
1.496311246413960028e+01 9.338703597981169224e+00 5.622659934890506861e+00 3.249793635841531358e+00 1.794864546670973615e+00 9.414181127092183798e-01 4.661025842548297549e-01 3.585306248346162761e+01 9.309884152210294583e-02 3.690108523198847718e-02
6.444979230638939960e+00 4.022408497852767439e+00 2.421817425229032317e+00 1.399765759768058837e+00 7.730921459574667809e-01 4.054918519324986481e-01 2.007618055447296102e-01 9.309884152210294583e-02 1.408745550820021286e+01 1.589420172294872188e-02
2.554561625256526192e+00 1.594340341838733854e+00 9.599226989680025302e-01 5.548175977437607154e-01 3.064263604545974240e-01 1.607226163548506059e-01 7.957487307696653467e-02 3.690108523198847718e-02 1.589420172294871841e-02 5.082570562189123287e+00
