2.336362600072691217e+06 1.236151015004138928e+06 7.774883430448307190e+05 4.838306662831202266e+05 2.926788207901677815e+05 1.671041608122723410e+05 8.581318879707458836e+04 3.669562959883559961e+04 1.155686702539921862e+04 2.208355400477374133e+03
1.236151015004138928e+06 9.859215794604322873e+05 4.892137045328900567e+05 3.044374809428282315e+05 1.841603047015970515e+05 1.051458150918126485e+05 5.399564940715322155e+04 2.308974154636040839e+04 7.271848871904632688e+03 1.389548455687207252e+03
7.774883430448307190e+05 4.892137045328899403e+05 4.214637454215597827e+05 1.914787026390858809e+05 1.158292865670594474e+05 6.613240984440548345e+04 3.396105126286417362e+04 1.452250144061324499e+04 4.573695011099128351e+03 8.739690485058839613e+02
4.838306662831202266e+05 3.044374809428282315e+05 1.914787026390858809e+05 1.790901827007315587e+05 7.208051592820785299e+04 4.115417061125264445e+04 2.113394780407573489e+04 9.037346490099505900e+03 2.846208466521377886e+03 5.438705683913315170e+02
2.926788207901677815e+05 1.841603047015970515e+05 1.158292865670594474e+05 7.208051592820785299e+04 7.340202968672424322e+04 2.489497868671790275e+04 1.278434657616004370e+04 5.466871155799585722e+03 1.721728273455516273e+03 3.289981551646979483e+02
1.671041608122723410e+05 1.051458150918126485e+05 6.613240984440548345e+04 4.115417061125264445e+04 2.489497868671790638e+04 2.775422616738750003e+04 7.299187212709442974e+03 3.121294920802128672e+03 9.830159814973937955e+02 1.878405840202479737e+02
8.581318879707458836e+04 5.399564940715322155e+04 3.396105126286418090e+04 2.113394780407573126e+04 1.278434657616004370e+04 7.299187212709442974e+03 9.094670674084583879e+03 1.602882112738343267e+03 5.048093093597118468e+02 9.646198767241273231e+01
3.669562959883559961e+04 2.308974154636040839e+04 1.452250144061324499e+04 9.037346490099505900e+03 5.466871155799584812e+03 3.121294920802128672e+03 1.602882112738343494e+03 2.380740188167252199e+03 2.158676969587162091e+02 4.124929302376623497e+01
1.155686702539922044e+04 7.271848871904633597e+03 4.573695011099128351e+03 2.846208466521377886e+03 1.721728273455516273e+03 9.830159814973937955e+02 5.048093093597117331e+02 2.158676969587162091e+02 4.493992297349009846e+02 1.299099101388686250e+01
2.208355400477374133e+03 1.389548455687207479e+03 8.739690485058840750e+02 5.438705683913314033e+02 3.289981551646979483e+02 1.878405840202479737e+02 9.646198767241271810e+01 4.124929302376624207e+01 1.299099101388686428e+01 5.260594429807370886e+01
