2.966516947256766143e+05 9.244640844046715647e+05 5.847150335465834942e+05 3.565177892678446951e+05 2.051764448290485598e+05 1.080336096653632558e+05 4.976604362690032576e+04 1.878606125989712382e+04 5.286628599654985010e+03 9.659261258734957210e+02
9.244640844046715647e+05 1.672368434651822899e+05 3.780097996070282534e+05 2.304835866114975943e+05 1.326435996069393877e+05 6.984216378485570021e+04 3.217302634504691378e+04 1.214491648895378967e+04 3.417728813010168778e+03 6.244572489644118605e+02
5.847150335465834942e+05 3.780097996070283116e+05 9.065250252268931945e+04 1.457787493867486482e+05 8.389585718071105657e+04 4.417452644115020667e+04 2.034914335342042250e+04 7.681548014742091254e+03 2.161682050459835864e+03 3.949634684962003917e+02
3.565177892678446369e+05 2.304835866114976234e+05 1.457787493867486774e+05 4.649960544765319355e+04 5.115374809054745128e+04 2.693449561785231344e+04 1.240746549280902036e+04 4.683663595511897256e+03 1.318040518054378481e+03 2.408207324099990387e+02
2.051764448290485307e+05 1.326435996069393586e+05 8.389585718071105657e+04 5.115374809054745128e+04 2.207436998684090577e+04 1.550083676184446631e+04 7.140512299208457989e+03 2.695454404325409541e+03 7.585340080516024273e+02 1.385926402676359430e+02
1.080336096653632703e+05 6.984216378485570021e+04 4.417452644115020667e+04 2.693449561785230981e+04 1.550083676184446449e+04 9.391792537682887996e+03 3.759765499329854720e+03 1.419264619924089857e+03 3.993985128849857915e+02 7.297457178206298067e+01
4.976604362690032576e+04 3.217302634504691378e+04 2.034914335342042250e+04 1.240746549280902036e+04 7.140512299208457989e+03 3.759765499329854720e+03 3.421503652462771697e+03 6.537889941106307106e+02 1.839842608084762787e+02 3.361598056576706739e+01
1.878606125989712382e+04 1.214491648895378967e+04 7.681548014742089435e+03 4.683663595511897256e+03 2.695454404325409087e+03 1.419264619924089629e+03 6.537889941106307106e+02 9.989788419463346827e+02 6.945176555157479470e+01 1.268961372446043434e+01
5.286628599654984100e+03 3.417728813010168324e+03 2.161682050459836319e+03 1.318040518054378481e+03 7.585340080516024273e+02 3.993985128849858484e+02 1.839842608084762787e+02 6.945176555157479470e+01 2.125163512703294373e+02 3.571013311742726071e+00
9.659261258734956073e+02 6.244572489644118605e+02 3.949634684962003917e+02 2.408207324099990387e+02 1.385926402676359146e+02 7.297457178206298067e+01 3.361598056576706028e+01 1.268961372446043434e+01 3.571013311742725627e+00 2.867115907940219799e+01
