6.733296552171177464e+05 3.289542664666725905e+05 2.041014155863821215e+05 1.199650908387429372e+05 6.554710442592037725e+04 3.246916520758281331e+04 1.410122284797997054e+04 5.136446514771444527e+03 1.478331337520842681e+03 3.103122296997801186e+02
3.289542664666726487e+05 3.048553257432993269e+05 1.317820642764199583e+05 7.745780334946676157e+04 4.232176785140425636e+04 2.096435051219148227e+04 9.104729873576659884e+03 3.316446986990748883e+03 9.545134941044278776e+02 2.003591502908913640e+02
2.041014155863820924e+05 1.317820642764199583e+05 1.313691252200518211e+05 4.805910402575509215e+04 2.625876484707330383e+04 1.300744222699078455e+04 5.649077835921263613e+03 2.057707085038161949e+03 5.922329490830758232e+02 1.243138951784918191e+02
1.199650908387429372e+05 7.745780334946676157e+04 4.805910402575508488e+04 5.318078158806635474e+04 1.543416590787486530e+04 7.645409924558918647e+03 3.320369600545976482e+03 1.209462544230380900e+03 3.480979263682684746e+02 7.306822289673904436e+01
6.554710442592037725e+04 4.232176785140425636e+04 2.625876484707330383e+04 1.543416590787486530e+04 1.995006278056814335e+04 4.177335916643087330e+03 1.814199542700226857e+03 6.608319731318499635e+02 1.901954224398295423e+02 3.992336773092520730e+01
3.246916520758281331e+04 2.096435051219148227e+04 1.300744222699078637e+04 7.645409924558918647e+03 4.177335916643086421e+03 6.835636401166279029e+03 8.986750091764674835e+02 3.273472214828455549e+02 9.421448356889973752e+01 1.977628811908100914e+01
1.410122284797997236e+04 9.104729873576659884e+03 5.649077835921263613e+03 3.320369600545976027e+03 1.814199542700226857e+03 8.986750091764675972e+02 2.098748157454734610e+03 1.421655311827557284e+02 4.091695674399836236e+01 8.588759337979313457e+00
5.136446514771444527e+03 3.316446986990749338e+03 2.057707085038161495e+03 1.209462544230380900e+03 6.608319731318499635e+02 3.273472214828455549e+02 1.421655311827557284e+02 5.589976907618893165e+02 1.490422228827277173e+01 3.128501935142044665e+00
1.478331337520842681e+03 9.545134941044278776e+02 5.922329490830759369e+02 3.480979263682685314e+02 1.901954224398295423e+02 9.421448356889973752e+01 4.091695674399835525e+01 1.490422228827277173e+01 1.217442247035786238e+02 9.004206384539522601e-01
3.103122296997801186e+02 2.003591502908913355e+02 1.243138951784918191e+02 7.306822289673904436e+01 3.992336773092520730e+01 1.977628811908101270e+01 8.588759337979313457e+00 3.128501935142044221e+00 9.004206384539522601e-01 1.976384097956344377e+01
