3.767316074506522273e+05 1.251013070386591135e+06 7.781965798750130925e+05 4.741783727069830638e+05 2.766266442389546428e+05 1.488435883021550835e+05 6.960844059749470034e+04 2.575389666061265962e+04 6.503804177941517082e+03 8.891887654308383162e+02
1.251013070386591135e+06 2.070929475412652828e+05 4.874099850974386209e+05 2.969934327027735999e+05 1.732603201208088140e+05 9.322561038221816125e+04 4.359804433955493732e+04 1.613050829594534298e+04 4.073545398973962619e+03 5.569280232214121042e+02
7.781965798750132089e+05 4.874099850974386209e+05 1.103838623812178266e+05 1.847456905491941143e+05 1.077771221881779929e+05 5.799128152496743132e+04 2.712029937768464879e+04 1.003403296471644717e+04 2.533961612781172789e+03 3.464388128043494817e+02
4.741783727069830638e+05 2.969934327027735999e+05 1.847456905491940852e+05 5.610570439310218353e+04 6.567181318432422995e+04 3.533581644514307118e+04 1.652520681638326278e+04 6.114035381216457608e+03 1.544018343338801060e+03 2.110954953367820508e+02
2.766266442389546428e+05 1.732603201208087848e+05 1.077771221881780075e+05 6.567181318432422995e+04 2.650881425046984441e+04 2.061424326221625961e+04 9.640491363775525315e+03 3.566811958564974248e+03 9.007509358195424056e+02 1.231490971543290698e+02
1.488435883021550835e+05 9.322561038221816125e+04 5.799128152496742405e+04 3.533581644514307118e+04 2.061424326221626325e+04 1.119026487323557012e+04 5.187227468734984541e+03 1.919182774936353553e+03 4.846640923644799841e+02 6.626242951777031465e+01
6.960844059749470034e+04 4.359804433955493732e+04 2.712029937768464879e+04 1.652520681638326641e+04 9.640491363775525315e+03 5.187227468734984541e+03 3.969789629010127101e+03 8.975282154156311663e+02 2.266588172720310297e+02 3.098839823432697571e+01
2.575389666061265962e+04 1.613050829594534298e+04 1.003403296471644717e+04 6.114035381216457608e+03 3.566811958564974248e+03 1.919182774936353553e+03 8.975282154156311663e+02 1.075787826704248801e+03 8.385976911901501296e+01 1.146516139356658037e+01
6.503804177941516173e+03 4.073545398973962619e+03 2.533961612781173244e+03 1.544018343338801515e+03 9.007509358195424056e+02 4.846640923644799841e+02 2.266588172720310865e+02 8.385976911901501296e+01 1.919500487510989899e+02 2.895374069210006951e+00
8.891887654308383162e+02 5.569280232214121042e+02 3.464388128043494817e+02 2.110954953367820224e+02 1.231490971543290698e+02 6.626242951777031465e+01 3.098839823432697571e+01 1.146516139356657860e+01 2.895374069210006951e+00 1.787396278766730973e+01
