2.983804490638215095e+06 1.597263503959717695e+06 9.777836933941150783e+05 5.889889123881002888e+05 3.415204442967276555e+05 1.837186197816587228e+05 8.633224465986590076e+04 3.215846166419198562e+04 8.127420679710072363e+03 1.087923980136103182e+03
1.597263503959717695e+06 1.187977172320041340e+06 6.004529002384007908e+05 3.616956419308441109e+05 2.097262847131784365e+05 1.128208404588606645e+05 5.301627245404792484e+04 1.974837758486361781e+04 4.991015243514019858e+03 6.680895923351456531e+02
9.777836933941153111e+05 6.004529002384007908e+05 4.765201131562836817e+05 2.214162533451433119e+05 1.283864188722169929e+05 6.906460818907879002e+04 3.245453650045647737e+04 1.208920226725250905e+04 3.055308849473682130e+03 4.089789239484821906e+02
5.889889123881002888e+05 3.616956419308441109e+05 2.214162533451433410e+05 1.881976244685171987e+05 7.733630426425073529e+04 4.160254331977247057e+04 1.954968392764854070e+04 7.282189448580617864e+03 1.840430606911236509e+03 2.463571986662073812e+02
3.415204442967275972e+05 2.097262847131784074e+05 1.283864188722169929e+05 7.733630426425073529e+04 7.057832785033270193e+04 2.412289735783761716e+04 1.133572568244158538e+04 4.222518495039909794e+03 1.067158761989490813e+03 1.428482237518605871e+02
1.837186197816587228e+05 1.128208404588606645e+05 6.906460818907879002e+04 4.160254331977247784e+04 2.412289735783761716e+04 2.380891148581380912e+04 6.097977182274426013e+03 2.271475347570259601e+03 5.740708590501545814e+02 7.684423859308279248e+01
8.633224465986590076e+04 5.301627245404792484e+04 3.245453650045647737e+04 1.954968392764854070e+04 1.133572568244158720e+04 6.097977182274427832e+03 6.706137282376081203e+03 1.067401691120624946e+03 2.697648497170191035e+02 3.611030615624864026e+01
3.215846166419198562e+04 1.974837758486362145e+04 1.208920226725250905e+04 7.282189448580618773e+03 4.222518495039909794e+03 2.271475347570259601e+03 1.067401691120624491e+03 1.436752168718362327e+03 1.004864707520364675e+02 1.345096378280315896e+01
8.127420679710072363e+03 4.991015243514018948e+03 3.055308849473682130e+03 1.840430606911236737e+03 1.067158761989490813e+03 5.740708590501544677e+02 2.697648497170191035e+02 1.004864707520364675e+02 2.088301386180331747e+02 3.399467373531545711e+00
1.087923980136103410e+03 6.680895923351456531e+02 4.089789239484821906e+02 2.463571986662073812e+02 1.428482237518605871e+02 7.684423859308279248e+01 3.611030615624864026e+01 1.345096378280315896e+01 3.399467373531545267e+00 1.693375664507652090e+01
