4.785251883181558514e+04 1.575649262030362661e+04 9.439056998876456419e+03 5.380045917431450107e+03 2.890802765234901926e+03 1.449273427801012986e+03 6.694029109754220599e+02 2.805427260727162206e+02 1.048143966593862757e+02 3.415318454029267770e+01
1.575649262030362661e+04 2.267783878995686246e+04 5.900466962852421602e+03 3.363130787133919966e+03 1.807075242200707862e+03 9.059580826662709114e+02 4.184517332099876512e+02 1.753705997386873605e+02 6.552072784321921972e+01 2.134956247008426189e+01
9.439056998876456419e+03 5.900466962852421602e+03 1.047265190410751165e+04 2.014711265978532083e+03 1.082543344094954591e+03 5.427216695332654126e+02 2.506769657581070021e+02 1.050572057341984902e+02 3.925073299136926863e+01 1.278963167199552409e+01
5.380045917431451016e+03 3.363130787133919966e+03 2.014711265978532310e+03 4.704882760097794744e+03 6.170248680068256135e+02 3.093388993012310948e+02 1.428801188912768794e+02 5.988019681143027384e+01 2.237201722709631824e+01 7.289796604741541231e+00
2.890802765234901926e+03 1.807075242200707635e+03 1.082543344094954591e+03 6.170248680068256135e+02 2.043565287723375150e+03 1.662137757221314018e+02 7.677225234263204356e+01 3.217478831629289715e+01 1.202091771269662246e+01 3.916948759620944465e+00
1.449273427801012986e+03 9.059580826662709114e+02 5.427216695332654126e+02 3.093388993012310948e+02 1.662137757221314018e+02 8.492111346264829308e+02 3.848895768700759845e+01 1.613049022669546062e+01 6.026560105832089675e+00 1.963720881841446220e+00
6.694029109754220599e+02 4.184517332099876512e+02 2.506769657581069737e+02 1.428801188912768509e+02 7.677225234263204356e+01 3.848895768700759135e+01 3.321477532350126012e+02 7.450489953158162315e+00 2.783599561425375235e+00 9.070203382134817138e-01
2.805427260727162206e+02 1.753705997386873605e+02 1.050572057341985044e+02 5.988019681143027384e+01 3.217478831629289715e+01 1.613049022669546062e+01 7.450489953158161427e+00 1.197162140381660862e+02 1.166589801826786843e+00 3.801267579117981743e-01
1.048143966593862757e+02 6.552072784321921972e+01 3.925073299136926863e+01 2.237201722709631468e+01 1.202091771269662246e+01 6.026560105832090564e+00 2.783599561425374791e+00 1.166589801826786843e+00 3.882012825686001634e+01 1.420202809831060675e-01
3.415318454029267770e+01 2.134956247008426189e+01 1.278963167199552231e+01 7.289796604741541231e+00 3.916948759620944465e+00 1.963720881841446442e+00 9.070203382134818249e-01 3.801267579117981743e-01 1.420202809831060675e-01 1.101874407629523311e+01
