3.380293335833278252e+05 9.675415610393793322e+05 6.048907240755527746e+05 3.648115382315660827e+05 2.069130635831571999e+05 1.062484918458797183e+05 4.663170806594289752e+04 1.605351282810580415e+04 3.810758899085962639e+03 5.140022127007129029e+02
9.675415610393794486e+05 1.869133296013974759e+05 3.856167465713702259e+05 2.325666982239630015e+05 1.319067051722324395e+05 6.773322208955787937e+04 2.972762986064374854e+04 1.023408549912347917e+04 2.429351931093393432e+03 3.276754843530671906e+02
6.048907240755527746e+05 3.856167465713702259e+05 9.927129510499388562e+04 1.453967913620487088e+05 8.246585533373762155e+04 4.234567216906907561e+04 1.858521460529068281e+04 6.398178266539559445e+03 1.518790001180751460e+03 2.048572061123761330e+02
3.648115382315660827e+05 2.325666982239630015e+05 1.453967913620487088e+05 4.973148408431441203e+04 4.973542218201543437e+04 2.553881087374416165e+04 1.120880261287161920e+04 3.858761859612401622e+03 9.159871271430947672e+02 1.235500388832915206e+02
2.069130635831571708e+05 1.319067051722324395e+05 8.246585533373762155e+04 4.973542218201542710e+04 2.287508828734422059e+04 1.448505062030961381e+04 6.357385786016474412e+03 2.188604674842921213e+03 5.195277090156278064e+02 7.007485885748789656e+01
1.062484918458797329e+05 6.773322208955787937e+04 4.234567216906907561e+04 2.553881087374416165e+04 1.448505062030961381e+04 9.288790443029387461e+03 3.264475621546333514e+03 1.123834048571068251e+03 2.667740479946609753e+02 3.598297729968476233e+01
4.663170806594289752e+04 2.972762986064374491e+04 1.858521460529067917e+04 1.120880261287162102e+04 6.357385786016475322e+03 3.264475621546333059e+03 3.140365123655256866e+03 4.932427779168052098e+02 1.170852339598577743e+02 1.579267304063309574e+01
1.605351282810580415e+04 1.023408549912348099e+04 6.398178266539560354e+03 3.858761859612401167e+03 2.188604674842921213e+03 1.123834048571068024e+03 4.932427779168052098e+02 8.105360182176094668e+02 4.030796604529952276e+01 5.436813056244154119e+00
3.810758899085962639e+03 2.429351931093393432e+03 1.518790001180751688e+03 9.159871271430948809e+02 5.195277090156278064e+02 2.667740479946609184e+02 1.170852339598577743e+02 4.030796604529952987e+01 1.402993894911710129e+02 1.290582563367457913e+00
5.140022127007127892e+02 3.276754843530671906e+02 2.048572061123761330e+02 1.235500388832915490e+02 7.007485885748789656e+01 3.598297729968476233e+01 1.579267304063309574e+01 5.436813056244154119e+00 1.290582563367457913e+00 1.341323478770138422e+01
