2.355450982176825404e+06 1.219719983850587858e+06 7.537518062761990586e+05 4.567457876084262389e+05 2.648032533257480827e+05 1.410218798803337850e+05 6.456381134466788353e+04 2.284411258193961476e+04 5.271049662572486341e+03 6.054956429575013317e+02
1.219719983850587858e+06 9.712954780470335390e+05 4.682307745485821506e+05 2.837305756655520527e+05 1.644958345376964135e+05 8.760282031147791713e+04 4.010705266906497855e+04 1.419076735744115467e+04 3.274377116764052971e+03 3.761340159016410780e+02
7.537518062761990586e+05 4.682307745485821506e+05 4.022239925853726454e+05 1.753373206435004249e+05 1.016536861323473713e+05 5.413601885591010796e+04 2.478500294656609913e+04 8.769485348882228209e+03 2.023470713662333310e+03 2.324399842927489601e+02
4.567457876084262389e+05 2.837305756655520527e+05 1.753373206435004249e+05 1.630615885609360412e+05 6.159838364460958110e+04 3.280443027060120949e+04 1.501879743099192274e+04 5.313984602417058341e+03 1.226148603716414073e+03 1.408500554340021154e+02
2.648032533257480827e+05 1.644958345376963844e+05 1.016536861323473713e+05 6.159838364460958110e+04 6.221071021102859231e+04 1.901871915368397458e+04 8.707308372981868160e+03 3.080839383787256338e+03 7.108727614654850413e+02 8.165932543205272509e+01
1.410218798803337850e+05 8.760282031147793168e+04 5.413601885591010796e+04 3.280443027060120221e+04 1.901871915368397458e+04 2.109470057103807630e+04 4.637106908747624402e+03 1.640711570022100204e+03 3.785777248524428842e+02 4.348795355630282700e+01
6.456381134466788353e+04 4.010705266906497855e+04 2.478500294656609913e+04 1.501879743099192274e+04 8.707308372981868160e+03 4.637106908747624402e+03 5.883935498501425172e+03 7.511642332935120976e+02 1.733236064319075069e+02 1.991001702400627948e+01
2.284411258193961476e+04 1.419076735744115467e+04 8.769485348882228209e+03 5.313984602417058341e+03 3.080839383787256338e+03 1.640711570022100204e+03 7.511642332935123250e+02 1.225270551853068810e+03 6.132574728745911585e+01 7.044606892500259399e+00
5.271049662572485431e+03 3.274377116764052971e+03 2.023470713662332855e+03 1.226148603716414073e+03 7.108727614654850413e+02 3.785777248524428842e+02 1.733236064319075069e+02 6.132574728745911585e+01 1.676593334391872645e+02 1.625472324673533642e+00
6.054956429575012180e+02 3.761340159016410780e+02 2.324399842927489885e+02 1.408500554340020869e+02 8.165932543205272509e+01 4.348795355630282700e+01 1.991001702400627948e+01 7.044606892500260287e+00 1.625472324673533642e+00 1.193781807573597220e+01
