8.718280645513627678e+05 4.430864464253942715e+05 2.716593227768018842e+05 1.575826024916215974e+05 8.472937457945887581e+04 4.110402882215259160e+04 1.734198903630743007e+04 6.058730953825256620e+03 1.639445833397723391e+03 3.139467124006498580e+02
4.430864464253942715e+05 3.817300778415453387e+05 1.734219356277767802e+05 1.005976149318929965e+05 5.408955596997269458e+04 2.623999856722880941e+04 1.107078260952264645e+04 3.867773940979680901e+03 1.046589776042118956e+03 2.004173683125553396e+02
2.716593227768018842e+05 1.734219356277767802e+05 1.585461318000861502e+05 6.167708393211030489e+04 3.316267573211547278e+04 1.608792211530189888e+04 6.787572336222453487e+03 2.371358586878416645e+03 6.416713309072052880e+02 1.228772556410501835e+02
1.575826024916216265e+05 1.005976149318929965e+05 6.167708393211030489e+04 6.156323883253711392e+04 1.923681725344695951e+04 9.332190810527474241e+03 3.937296546310201393e+03 1.375564268295619968e+03 3.722170740729487193e+02 7.127794302444786467e+01
8.472937457945887581e+04 5.408955596997268731e+04 3.316267573211547278e+04 1.923681725344695951e+04 2.200123206153628416e+04 5.017753726171687958e+03 2.117014623619151735e+03 7.396165458857403792e+02 2.001345287826037804e+02 3.832488763531414122e+01
4.110402882215259160e+04 2.623999856722880577e+04 1.608792211530189525e+04 9.332190810527474241e+03 5.017753726171687049e+03 7.129428950870102199e+03 1.027008998214133726e+03 3.588037793306059484e+02 9.708953335508746818e+01 1.859222133748189876e+01
1.734198903630743007e+04 1.107078260952264645e+04 6.787572336222453487e+03 3.937296546310201393e+03 2.117014623619151735e+03 1.027008998214133726e+03 2.056406896005013550e+03 1.513810540144317542e+02 4.096254482180356860e+01 7.844148319141017289e+00
6.058730953825255710e+03 3.867773940979681356e+03 2.371358586878416190e+03 1.375564268295619740e+03 7.396165458857403792e+02 3.588037793306059484e+02 1.513810540144317542e+02 5.112705702586589496e+02 1.431099037946111352e+01 2.740492115874125556e+00
1.639445833397723163e+03 1.046589776042119183e+03 6.416713309072054017e+02 3.722170740729486624e+02 2.001345287826038088e+02 9.708953335508748239e+01 4.096254482180356860e+01 1.431099037946111352e+01 1.027477802781704668e+02 7.415560147942373836e-01
3.139467124006498580e+02 2.004173683125553111e+02 1.228772556410501835e+02 7.127794302444785046e+01 3.832488763531414122e+01 1.859222133748189876e+01 7.844148319141016401e+00 2.740492115874125556e+00 7.415560147942372726e-01 1.502042197673243962e+01
