1.623326611802998930e+06 8.360123039144007489e+05 5.185652907865911257e+05 3.075713230822818587e+05 1.698756817471674876e+05 8.403076368192784139e+04 3.515753177498495643e+04 1.144116634711259394e+04 2.559578469709225828e+03 3.282627279640855704e+02
8.360123039144007489e+05 7.040450058114636922e+05 3.304037859309827327e+05 1.959690156586451922e+05 1.082362614391973475e+05 5.354018664277828793e+04 2.240061533008452898e+04 7.289737172378256219e+03 1.630834982219035510e+03 2.091525407241364292e+02
5.185652907865911257e+05 3.304037859309826745e+05 2.950892994806408533e+05 1.215564999634174164e+05 6.713725159793553757e+04 3.321013617285642249e+04 1.389474957252929562e+04 4.521709380175829210e+03 1.011581304269834959e+03 1.297340333288578620e+02
3.075713230822818587e+05 1.959690156586451922e+05 1.215564999634174164e+05 1.165236162173892080e+05 3.982043084827886923e+04 1.969758814157085362e+04 8.241250592451551711e+03 2.681915202123678682e+03 5.999888648305550305e+02 7.694781927890159068e+01
1.698756817471675167e+05 1.082362614391973766e+05 6.713725159793553757e+04 3.982043084827886923e+04 4.194750326175992086e+04 1.087923666221999156e+04 4.551750952631658038e+03 1.481256993607859158e+03 3.313817310157129441e+02 4.249929131222785372e+01
8.403076368192782684e+04 5.354018664277827338e+04 3.321013617285642249e+04 1.969758814157085362e+04 1.087923666221999338e+04 1.322971287335624584e+04 2.251570705740277845e+03 7.327190984717877882e+02 1.639214020576188773e+02 2.102271418826417460e+01
3.515753177498495643e+04 2.240061533008452534e+04 1.389474957252929562e+04 8.241250592451551711e+03 4.551750952631658038e+03 2.251570705740277845e+03 3.492530199976612039e+03 3.065614765107798689e+02 6.858288142251242903e+01 8.795668510975124477e+00
1.144116634711259212e+04 7.289737172378255309e+03 4.521709380175830120e+03 2.681915202123678682e+03 1.481256993607859158e+03 7.327190984717879019e+02 3.065614765107798689e+02 7.290910110161526063e+02 2.231863601635323135e+01 2.862337072243734681e+00
2.559578469709225828e+03 1.630834982219035282e+03 1.011581304269835073e+03 5.999888648305550305e+02 3.313817310157129441e+02 1.639214020576188773e+02 6.858288142251242903e+01 2.231863601635323491e+01 1.091325357735614006e+02 6.403522264156715771e-01
3.282627279640855704e+02 2.091525407241364007e+02 1.297340333288578904e+02 7.694781927890159068e+01 4.249929131222785372e+01 2.102271418826417460e+01 8.795668510975124477e+00 2.862337072243735125e+00 6.403522264156714661e-01 9.713562802951484443e+00
