2.616382947094976902e+06 1.384261474591726437e+06 8.552907806470802752e+05 5.205395311466203420e+05 3.054009892301525688e+05 1.666200240681133000e+05 7.971360350740276044e+04 3.041145482154920319e+04 7.950861652770448927e+03 1.119219925726085421e+03
1.384261474591726204e+06 1.066069063868556172e+06 5.298215470893325983e+05 3.224553168977266178e+05 1.891848108945057320e+05 1.032150479408198444e+05 4.937967962475308741e+04 1.883879074506138204e+04 4.925269764251454035e+03 6.933160581162484277e+02
8.552907806470801588e+05 5.298215470893325983e+05 4.382256436597553547e+05 1.992348012102269568e+05 1.168912286923651118e+05 6.377326866939396132e+04 3.051012074638158083e+04 1.163988476060333960e+04 3.043166265106476658e+03 4.283777620527205841e+02
5.205395311466203420e+05 3.224553168977266178e+05 1.992348012102269568e+05 1.776926474094829464e+05 7.114130861160690256e+04 3.881312428942420956e+04 1.856880058561222904e+04 7.084163997770595415e+03 1.852105011165064525e+03 2.607154951955145066e+02
3.054009892301525688e+05 1.891848108945057611e+05 1.168912286923651118e+05 7.114130861160690256e+04 6.857977932923535991e+04 2.277169329866750195e+04 1.089433122431979245e+04 4.156285091397557153e+03 1.086631598030565556e+03 1.529620045665885470e+02
1.666200240681133000e+05 1.032150479408198444e+05 6.377326866939395404e+04 3.881312428942420956e+04 2.277169329866750195e+04 2.389746271471217187e+04 5.943706126748012139e+03 2.267577206309284520e+03 5.928421629328157678e+02 8.345268607884236189e+01
7.971360350740276044e+04 4.937967962475308013e+04 3.051012074638158083e+04 1.856880058561222904e+04 1.089433122431979064e+04 5.943706126748013048e+03 6.991360403050239256e+03 1.084844101764563902e+03 2.836248847208119628e+02 3.992505922935867346e+01
3.041145482154920319e+04 1.883879074506138204e+04 1.163988476060333960e+04 7.084163997770596325e+03 4.156285091397557153e+03 2.267577206309284520e+03 1.084844101764563902e+03 1.565156076363933607e+03 1.082054378228310014e+02 1.523176825005232438e+01
7.950861652770448927e+03 4.925269764251454944e+03 3.043166265106476658e+03 1.852105011165064070e+03 1.086631598030565556e+03 5.928421629328157678e+02 2.836248847208119628e+02 1.082054378228310014e+02 2.389051258586002859e+02 3.982239021245817412e+00
1.119219925726085421e+03 6.933160581162484277e+02 4.283777620527205272e+02 2.607154951955145066e+02 1.529620045665885470e+02 8.345268607884236189e+01 3.992505922935867346e+01 1.523176825005232438e+01 3.982239021245817412e+00 2.049952900080520379e+01
