3.157594723110243194e+03 2.510875857645561950e+02 1.292882102281471646e+02 6.244853156602421507e+01 2.804958886852453404e+01 1.158823505811496801e+01 4.351815478030118811e+00 1.464053204518825035e+00 4.342232563363963016e-01 1.113347890640706411e-01
2.510875857645561382e+02 1.477482559017214726e+03 7.038098828246222638e+01 3.399528356568162479e+01 1.526943394142304378e+01 6.308320259058286084e+00 2.369010087046549806e+00 7.969907793627083459e-01 2.363793408714933986e-01 6.060763367921405409e-02
1.292882102281471646e+02 7.038098828246222638e+01 6.653010762900911459e+02 1.750460643054919530e+01 7.862426887702319789e+00 3.248234807611653174e+00 1.219833602023948416e+00 4.103807486872820265e-01 1.217147467610823347e-01 3.120764597217644612e-02
6.244853156602421507e+01 3.399528356568162479e+01 1.750460643054919530e+01 2.845985857581173377e+02 3.797693639782023567e+00 1.568955851110028110e+00 5.892015758193641650e-01 1.982212847812090117e-01 5.879041245715464770e-02 1.507385446171550895e-02
2.804958886852453759e+01 1.526943394142304378e+01 7.862426887702318012e+00 3.797693639782023567e+00 1.141343404723342303e+02 7.047173964366779675e-01 2.646477274641245159e-01 8.903372751407694075e-02 2.640649599727902877e-02 6.770622298269243083e-03
1.158823505811496801e+01 6.308320259058286972e+00 3.248234807611653174e+00 1.568955851110028332e+00 7.047173964366779675e-01 4.228040674968092816e+01 1.093349384843066568e-01 3.678284795436124327e-02 1.090941774982735930e-02 2.797173357863399091e-03
4.351815478030119699e+00 2.369010087046549806e+00 1.219833602023948194e+00 5.892015758193641650e-01 2.646477274641245159e-01 1.093349384843066707e-01 1.425679264975066651e+01 1.381333449408441404e-02 4.096894201912917172e-03 1.050443165196162168e-03
1.464053204518825035e+00 7.969907793627083459e-01 4.103807486872820265e-01 1.982212847812090117e-01 8.903372751407694075e-02 3.678284795436125021e-02 1.381333449408441057e-02 4.304095656378353674e+00 1.378291684278918705e-03 3.533938168873103141e-04
4.342232563363962461e-01 2.363793408714933986e-01 1.217147467610823347e-01 5.879041245715464770e-02 2.640649599727902877e-02 1.090941774982735930e-02 4.096894201912916304e-03 1.378291684278918705e-03 1.143488615510420692e+00 1.048130036970817990e-04
1.113347890640706273e-01 6.060763367921405409e-02 3.120764597217644612e-02 1.507385446171550895e-02 6.770622298269243083e-03 2.797173357863399091e-03 1.050443165196162168e-03 3.533938168873103141e-04 1.048130036970817855e-04 2.619791912639569120e-01
