2.507880871333822608e+06 1.320176075517044403e+06 8.228679455643536057e+05 5.091256641252550762e+05 3.072310866326360847e+05 1.754151732671541977e+05 9.007187369919569755e+04 3.826463357330804865e+04 1.175296642421795877e+04 2.101679255031180219e+03
1.320176075517044170e+06 1.034348080409602728e+06 5.116785327759592328e+05 3.165862447583005414e+05 1.910434748111797962e+05 1.090772571319691051e+05 5.600879755642589589e+04 2.379384404209819331e+04 7.308269386510747609e+03 1.306873312269427061e+03
8.228679455643534893e+05 5.116785327759592328e+05 4.347339016609911341e+05 1.973287333783629001e+05 1.190777158795143041e+05 6.798803595105699787e+04 3.491037675465809298e+04 1.483074260100632637e+04 4.555256474674173660e+03 8.145763110870292394e+02
5.091256641252551344e+05 3.165862447583004832e+05 1.973287333783629001e+05 1.827324046033445629e+05 7.367588141751821968e+04 4.206562443310842355e+04 2.159978262112063385e+04 9.176091640110613298e+03 2.818432763642001191e+03 5.039954558911059053e+02
3.072310866326360847e+05 1.910434748111797962e+05 1.190777158795142896e+05 7.367588141751821968e+04 7.446208744541929627e+04 2.538443534695736162e+04 1.303435507836234683e+04 5.537298164836286560e+03 1.700778848111110847e+03 3.041352704884284890e+02
1.754151732671541977e+05 1.090772571319690906e+05 6.798803595105699787e+04 4.206562443310842355e+04 2.538443534695736525e+04 2.805451575549573317e+04 7.442032248613164484e+03 3.161548942402731427e+03 9.710684540437048327e+02 1.736476010748625072e+02
9.007187369919569755e+04 5.600879755642589589e+04 3.491037675465808570e+04 2.159978262112063385e+04 1.303435507836234501e+04 7.442032248613164484e+03 9.129920094578423232e+03 1.623386573293918900e+03 4.986225166091458050e+02 8.916426384827454399e+01
3.826463357330805593e+04 2.379384404209819331e+04 1.483074260100633001e+04 9.176091640110611479e+03 5.537298164836286560e+03 3.161548942402731427e+03 1.623386573293918900e+03 2.342101994253393968e+03 2.118264792977216189e+02 3.787905973158910911e+01
1.175296642421795877e+04 7.308269386510747609e+03 4.555256474674173660e+03 2.818432763642001191e+03 1.700778848111110619e+03 9.710684540437048327e+02 4.986225166091458050e+02 2.118264792977216189e+02 4.220571850579804618e+02 1.163453757771933184e+01
2.101679255031180219e+03 1.306873312269427061e+03 8.145763110870291257e+02 5.039954558911059053e+02 3.041352704884285458e+02 1.736476010748625072e+02 8.916426384827455820e+01 3.787905973158910911e+01 1.163453757771933184e+01 4.515581590488369557e+01
