2.113988027450945228e+06 1.134570399840618949e+06 7.112017351916154148e+05 4.318309558318400523e+05 2.482058070813337399e+05 1.304828095827645884e+05 5.956755338943601237e+04 2.184689571441040971e+04 5.731312086616119814e+03 9.034372537817448574e+02
1.134570399840618717e+06 9.089714101476130309e+05 4.533849922131622443e+05 2.752885220316168270e+05 1.582290682692344417e+05 8.318166939046393964e+04 3.797380320275821578e+04 1.392720820723400175e+04 3.653662184979839822e+03 5.759334827277372142e+02
7.112017351916156476e+05 4.533849922131622443e+05 3.836200782794969273e+05 1.725637074391545902e+05 9.918537265439007024e+04 5.214215672728965728e+04 2.380375403185244068e+04 8.730224801168058548e+03 2.290286161287725463e+03 3.610220153182712579e+02
4.318309558318401105e+05 2.752885220316168270e+05 1.725637074391545902e+05 1.552208534780605114e+05 6.022386076763815799e+04 3.165993031866347883e+04 1.445328005729820870e+04 5.300860689688153798e+03 1.390627178223698593e+03 2.192071169641097583e+02
2.482058070813337108e+05 1.582290682692344417e+05 9.918537265439005569e+04 6.022386076763816527e+04 5.828329116131568298e+04 1.819734887172544768e+04 8.307389716153691552e+03 3.046804282882661482e+03 7.992982820218677489e+02 1.259948566661730069e+02
1.304828095827646030e+05 8.318166939046393964e+04 5.214215672728966456e+04 3.165993031866348610e+04 1.819734887172544404e+04 1.947588399990035396e+04 4.367228805841338726e+03 1.601717493052272630e+03 4.201943812648761991e+02 6.623601230003757223e+01
5.956755338943601237e+04 3.797380320275821578e+04 2.380375403185244068e+04 1.445328005729820870e+04 8.307389716153689733e+03 4.367228805841338726e+03 5.504850742383338002e+03 7.312104375072219682e+02 1.918256613263693566e+02 3.023783141704353383e+01
2.184689571441041335e+04 1.392720820723400175e+04 8.730224801168058548e+03 5.300860689688153798e+03 3.046804282882661482e+03 1.601717493052272630e+03 7.312104375072219682e+02 1.241312887509341635e+03 7.035365698078541641e+01 1.108997620364289460e+01
5.731312086616118904e+03 3.653662184979839367e+03 2.290286161287725918e+03 1.390627178223699048e+03 7.992982820218677489e+02 4.201943812648761991e+02 1.918256613263693566e+02 7.035365698078541641e+01 2.061561018262620451e+02 2.909343070388660468e+00
9.034372537817448574e+02 5.759334827277372142e+02 3.610220153182712579e+02 2.192071169641097583e+02 1.259948566661730069e+02 6.623601230003755802e+01 3.023783141704353383e+01 1.108997620364289460e+01 2.909343070388660468e+00 2.160946637762857137e+01
