2.155847149022963829e+06 1.141099785753374686e+06 7.163711999578061514e+05 4.389863996530618169e+05 2.567814394914708973e+05 1.384226982910554507e+05 6.513226758740386867e+04 2.458798500722105018e+04 6.544077340472886135e+03 1.006511474181191829e+03
1.141099785753374686e+06 9.220544618235875387e+05 4.544054988617495401e+05 2.784559652029869030e+05 1.628804984307472478e+05 8.780369070454152825e+04 4.131441988007672626e+04 1.559654491117115685e+04 4.151010996341839018e+03 6.384460298827168572e+02
7.163711999578062678e+05 4.544054988617495401e+05 3.918511168545472901e+05 1.748119107709533710e+05 1.022547717275433970e+05 5.512229171895669424e+04 2.593678564711245053e+04 9.791357191286246234e+03 2.605963795290861526e+03 4.008101256748718697e+02
4.389863996530618169e+05 2.784559652029869030e+05 1.748119107709533710e+05 1.616995808625976206e+05 6.266088599131828232e+04 3.377848855977993662e+04 1.589384965569487395e+04 6.000063432719000048e+03 1.596913254173735140e+03 2.456131598043954796e+02
2.567814394914708973e+05 1.628804984307472478e+05 1.022547717275433970e+05 6.266088599131828232e+04 6.262783707997758756e+04 1.975844564451525730e+04 9.296975024455940002e+03 3.509687148648262792e+03 9.341011121843779392e+02 1.436693728609035077e+02
1.384226982910554507e+05 8.780369070454152825e+04 5.512229171895669424e+04 3.377848855977992935e+04 1.975844564451526094e+04 2.172416281866813006e+04 5.011703226597449429e+03 1.891960595888278476e+03 5.035441684621145555e+02 7.744758457844287136e+01
6.513226758740387595e+04 4.131441988007673353e+04 2.593678564711245053e+04 1.589384965569487395e+04 9.296975024455941821e+03 5.011703226597448520e+03 6.356774972832417006e+03 8.902274360893752601e+02 2.369334937640822147e+02 3.644154365604637036e+01
2.458798500722105018e+04 1.559654491117115685e+04 9.791357191286246234e+03 6.000063432719000957e+03 3.509687148648263246e+03 1.891960595888278476e+03 8.902274360893752601e+02 1.459051824270431553e+03 8.944440917187425555e+01 1.375699268956735288e+01
6.544077340472886135e+03 4.151010996341839927e+03 2.605963795290861526e+03 1.596913254173735140e+03 9.341011121843779392e+02 5.035441684621145555e+02 2.369334937640822147e+02 8.944440917187424134e+01 2.391555096292828466e+02 3.661415285002394882e+00
1.006511474181191829e+03 6.384460298827168572e+02 4.008101256748718129e+02 2.456131598043954796e+02 1.436693728609035077e+02 7.744758457844285715e+01 3.644154365604637746e+01 1.375699268956735288e+01 3.661415285002394882e+00 2.366135731570594558e+01
