9.819133231473422256e+02 4.228296383284251903e+01 2.540547210684682611e+01 1.475069244035066873e+01 8.247849253330977959e+00 4.424573968148107106e+00 2.267681045127319273e+00 1.105317919707400343e+00 5.095336645101730122e-01 2.209702002808845711e-01
4.228296383284251903e+01 5.571812005628740962e+02 1.574816135411819040e+01 9.143553154952369866e+00 5.112617483337152713e+00 2.742673093441502896e+00 1.405673818937455799e+00 6.851565235215310024e-01 3.158460638052377756e-01 1.369734187123155256e-01
2.540547210684682611e+01 1.574816135411818685e+01 3.081692248909818659e+02 5.493850562461797260e+00 3.071886383825605193e+00 1.647919125279140751e+00 8.445909123002843799e-01 4.116722994150670556e-01 1.897742645426540864e-01 8.229967942247828905e-02
1.475069244035066873e+01 9.143553154952369866e+00 5.493850562461798148e+00 1.653643704743523131e+02 1.783570526418231994e+00 9.567997036753852491e-01 4.903786370456442167e-01 2.390213985925917495e-01 1.101849946967928262e-01 4.778408580619387946e-02
8.247849253330976182e+00 5.112617483337152713e+00 3.071886383825604749e+00 1.783570526418231994e+00 8.567977133356015429e+01 5.349945267626176060e-01 2.741952007854505657e-01 1.336488081413191864e-01 6.160993661234628188e-02 2.671847020276901796e-02
4.424573968148107106e+00 2.742673093441502896e+00 1.647919125279140751e+00 9.567997036753852491e-01 5.349945267626176060e-01 4.265398809970369598e+01 1.470925219803800865e-01 7.169615001599155546e-02 3.305076430733152465e-02 1.433317269713303872e-02
2.267681045127319273e+00 1.405673818937455577e+00 8.445909123002843799e-01 4.903786370456442167e-01 2.741952007854505657e-01 1.470925219803800865e-01 2.029870344837027929e+01 3.674568479819489281e-02 1.693916573352615210e-02 7.346032471331712110e-03
1.105317919707400343e+00 6.851565235215310024e-01 4.116722994150670556e-01 2.390213985925917772e-01 1.336488081413191864e-01 7.169615001599155546e-02 3.674568479819489975e-02 9.185824587220327686e+00 8.256524201404520993e-03 3.580618776508537847e-03
5.095336645101731232e-01 3.158460638052377756e-01 1.897742645426540586e-01 1.101849946967928262e-01 6.160993661234629576e-02 3.305076430733152465e-02 1.693916573352614863e-02 8.256524201404520993e-03 3.928984400723205095e+00 1.650607281289074397e-03
2.209702002808845989e-01 1.369734187123155256e-01 8.229967942247828905e-02 4.778408580619387946e-02 2.671847020276901449e-02 1.433317269713303699e-02 7.346032471331712978e-03 3.580618776508537847e-03 1.650607281289074180e-03 1.579435406444106960e+00
