1.221419874513678486e+06 6.467393680592696182e+05 4.186375043506706133e+05 2.613220082801332464e+05 1.546072861593306006e+05 8.463119529130228329e+04 4.144593282684722362e+04 1.732626775638879553e+04 5.790125539072952961e+03 1.410746145763758022e+03
6.467393680592696182e+05 5.719094752333532088e+05 2.775603184380460880e+05 1.732587717997352302e+05 1.025059798351943318e+05 5.611122097453020979e+04 2.747901512365576855e+04 1.148746671243722994e+04 3.838903757354624759e+03 9.353370048886964696e+02
4.186375043506706133e+05 2.775603184380460880e+05 2.598413233872316196e+05 1.121512365185976232e+05 6.635261389452517324e+04 3.632106328293531988e+04 1.778729868865403478e+04 7.435892468147079853e+03 2.484940870762131908e+03 6.054481430880672406e+02
2.613220082801332464e+05 1.732587717997352593e+05 1.121512365185976087e+05 1.126860727352606482e+05 4.141864533720631880e+04 2.267234325956602333e+04 1.110319206208550531e+04 4.641634667073752098e+03 1.551150415470183361e+03 3.779329921877263700e+02
1.546072861593306006e+05 1.025059798351943609e+05 6.635261389452517324e+04 4.141864533720631880e+04 4.570676028334560397e+04 1.341375525660531639e+04 6.569038726293026230e+03 2.746154233018337891e+03 9.177151122445096689e+02 2.235984433794130553e+02
8.463119529130228329e+04 5.611122097453020979e+04 3.632106328293531260e+04 2.267234325956601970e+04 1.341375525660531275e+04 1.693154031787388885e+04 3.595856399342671921e+03 1.503230028597105274e+03 5.023523070323115576e+02 1.223965829719873284e+02
4.144593282684722362e+04 2.747901512365576491e+04 1.778729868865403114e+04 1.110319206208550713e+04 6.569038726293026230e+03 3.595856399342671921e+03 5.576305811242679738e+03 7.361679174456634200e+02 2.460140129299660430e+02 5.994055192806624177e+01
1.732626775638879553e+04 1.148746671243722994e+04 7.435892468147079853e+03 4.641634667073753008e+03 2.746154233018337891e+03 1.503230028597105047e+03 7.361679174456636474e+02 1.581384505288001947e+03 1.028449444643018182e+02 2.505785203364197500e+01
5.790125539072952051e+03 3.838903757354624759e+03 2.484940870762131453e+03 1.551150415470183361e+03 9.177151122445096689e+02 5.023523070323115576e+02 2.460140129299659861e+02 1.028449444643018182e+02 3.682360252985565126e+02 8.373881268272709733e+00
1.410746145763758022e+03 9.353370048886964696e+02 6.054481430880673543e+02 3.779329921877263132e+02 2.235984433794129984e+02 1.223965829719873284e+02 5.994055192806624177e+01 2.505785203364197500e+01 8.373881268272707956e+00 6.469146074261348645e+01
