2.180821844354997447e+05 5.105333069444301655e+05 3.283778050356257590e+05 2.024425622650402656e+05 1.175394488023007289e+05 6.275497444062533759e+04 2.982365149788427880e+04 1.206713690105116984e+04 3.911370046258843558e+03 9.339182711045642691e+02
5.105333069444301655e+05 1.265456137007984362e+05 2.175412307377582474e+05 1.341126089324589411e+05 7.786664007305903942e+04 4.157343817207474058e+04 1.975734581464744770e+04 7.994145075215703400e+03 2.591174679548267704e+03 6.186950731415139444e+02
3.283778050356257590e+05 2.175412307377582474e+05 7.041166104056070617e+04 8.626196087464217271e+04 5.008424720754487498e+04 2.674026197514307933e+04 1.270803249013079039e+04 5.141877674244322407e+03 1.666657673769689836e+03 3.979480424509897603e+02
2.024425622650402365e+05 1.341126089324589411e+05 8.626196087464217271e+04 3.706423903725185664e+04 3.087657928863697452e+04 1.648517977425147183e+04 7.834410910842011617e+03 3.169930717803827974e+03 1.027482505585366198e+03 2.453321147980608146e+02
1.175394488023007434e+05 7.786664007305905398e+04 5.008424720754487498e+04 3.087657928863697089e+04 1.812673819772029310e+04 9.571401005760577391e+03 4.548709173842158634e+03 1.840482086095816385e+03 5.965629263395592261e+02 1.424413978178863829e+02
6.275497444062533759e+04 4.157343817207474058e+04 2.674026197514307933e+04 1.648517977425147183e+04 9.571401005760577391e+03 8.038053384704220662e+03 2.428581474994249220e+03 9.826437629943262664e+02 3.185083099856333888e+02 7.605026542521471811e+01
2.982365149788427880e+04 1.975734581464744770e+04 1.270803249013079039e+04 7.834410910842011617e+03 4.548709173842157725e+03 2.428581474994249675e+03 3.126895748835180257e+03 4.669912687453938815e+02 1.513677747598963492e+02 3.614210080683129434e+01
1.206713690105116984e+04 7.994145075215702491e+03 5.141877674244322407e+03 3.169930717803827520e+03 1.840482086095816385e+03 9.826437629943262664e+02 4.669912687453938815e+02 1.020237064047500780e+03 6.124587596407253898e+01 1.462368477443363091e+01
3.911370046258843104e+03 2.591174679548267704e+03 1.666657673769689836e+03 1.027482505585366198e+03 5.965629263395592261e+02 3.185083099856333888e+02 1.513677747598963492e+02 6.124587596407253898e+01 2.625918249506726170e+02 4.740034281675268524e+00
9.339182711045641554e+02 6.186950731415139444e+02 3.979480424509897603e+02 2.453321147980608146e+02 1.424413978178863829e+02 7.605026542521471811e+01 3.614210080683129434e+01 1.462368477443362913e+01 4.740034281675268524e+00 4.900647317366402689e+01
