1.976105952525428438e+05 8.190040200194713543e+04 4.769062800346543372e+04 2.604338304877818882e+04 1.312943134029825887e+04 5.990026073211254698e+03 2.413200584459837501e+03 8.320852408593802920e+02 2.360797073988402985e+02 5.243293160407172593e+01
8.190040200194713543e+04 8.493763866984206834e+04 2.923901852535728540e+04 1.596714053274509570e+04 8.049625309159103381e+03 3.672471734053707223e+03 1.479527939730568960e+03 5.101496203907379936e+02 1.447399463390171661e+02 3.214651437173028370e+01
4.769062800346544100e+04 2.923901852535727812e+04 3.479706885135811899e+04 9.297670595171162859e+03 4.687299168290534908e+03 2.138481363227412203e+03 8.615295513781080672e+02 2.970602729347455124e+02 8.428211302224754320e+01 1.871892470654535146e+01
2.604338304877819610e+04 1.596714053274509752e+04 9.297670595171162859e+03 1.354986829486878923e+04 2.559687989328624099e+03 1.167803646476576432e+03 4.704728172745324741e+02 1.622216942928913568e+02 4.602563324264276190e+01 1.022222073398517672e+01
1.312943134029826069e+04 8.049625309159103381e+03 4.687299168290534908e+03 2.559687989328624099e+03 4.993901482470578230e+03 5.887329524987910645e+02 2.371827246987581361e+02 8.178194795722950516e+01 2.320322173279931022e+01 5.153399042699565946e+00
5.990026073211254698e+03 3.672471734053707678e+03 2.138481363227412203e+03 1.167803646476576432e+03 5.887329524987909508e+02 1.723304404930565852e+03 1.082096145855296498e+02 3.731128850022854238e+01 1.058598042516688054e+01 2.351129598178856028e+00
2.413200584459837501e+03 1.479527939730569187e+03 8.615295513781078398e+02 4.704728172745324741e+02 2.371827246987581361e+02 1.082096145855296356e+02 5.445229786282036457e+02 1.503159120097633483e+01 4.264771778430313631e+00 9.471991024947811200e-01
8.320852408593802920e+02 5.101496203907379936e+02 2.970602729347455124e+02 1.622216942928913568e+02 8.178194795722950516e+01 3.731128850022854238e+01 1.503159120097633483e+01 1.517188685226008431e+02 1.470517484256201213e+00 3.265996197815340119e-01
2.360797073988402985e+02 1.447399463390171661e+02 8.428211302224754320e+01 4.602563324264276901e+01 2.320322173279931022e+01 1.058598042516688054e+01 4.264771778430313631e+00 1.470517484256201435e+00 3.541909333803206295e+01 9.266303365141322079e-02
5.243293160407172593e+01 3.214651437173028370e+01 1.871892470654535501e+01 1.022222073398517672e+01 5.153399042699566834e+00 2.351129598178855584e+00 9.471991024947811200e-01 3.265996197815340119e-01 9.266303365141322079e-02 6.513730555801317657e+00
