2.040354933333926601e+05 4.949757241249591461e+05 3.123002033302625059e+05 1.880126341607523500e+05 1.059481348117631715e+05 5.442309054200855462e+04 2.457726829141617418e+04 9.284740369518271109e+03 2.739715005869463766e+03 5.746080367270503757e+02
4.949757241249591461e+05 1.160382819878022419e+05 2.035692521253228770e+05 1.225538469654511864e+05 6.906105835895096243e+04 3.547505804301168973e+04 1.602040623737942769e+04 6.052149928323389759e+03 1.785851334177875970e+03 3.745515598592978108e+02
3.123002033302625059e+05 2.035692521253228770e+05 6.306873426485818345e+04 7.732417866326290823e+04 4.357341484944949480e+04 2.238264888560170584e+04 1.010792223035149073e+04 3.818546165151861260e+03 1.126765834359528299e+03 2.363197276159656042e+02
1.880126341607523500e+05 1.225538469654511864e+05 7.732417866326290823e+04 3.227469623559394313e+04 2.623229962024935230e+04 1.347492166704401097e+04 6.085225254915024379e+03 2.298861529767922548e+03 6.783415775629258633e+02 1.422704629053430097e+02
1.059481348117631715e+05 6.906105835895096243e+04 4.357341484944948752e+04 2.623229962024935230e+04 1.524642621845292706e+04 7.593334478454680720e+03 3.429122029727233894e+03 1.295445342578318787e+03 3.822563586158383941e+02 8.017168766828427806e+01
5.442309054200856917e+04 3.547505804301168973e+04 2.238264888560170584e+04 1.347492166704400915e+04 7.593334478454681630e+03 6.471320882491583689e+03 1.761460161946343987e+03 6.654401164930699224e+02 1.963561930766382773e+02 4.118232968073197497e+01
2.457726829141617418e+04 1.602040623737942769e+04 1.010792223035149073e+04 6.085225254915024379e+03 3.429122029727233439e+03 1.761460161946343987e+03 2.379011081679432664e+03 3.005103185438799187e+02 8.867373737624468788e+01 1.859778919845859235e+01
9.284740369518271109e+03 6.052149928323389759e+03 3.818546165151861260e+03 2.298861529767922548e+03 1.295445342578319014e+03 6.654401164930699224e+02 3.005103185438799187e+02 7.204316813134461199e+02 3.349894786398329671e+01 7.025827366462360501e+00
2.739715005869463312e+03 1.785851334177875970e+03 1.126765834359528071e+03 6.783415775629260906e+02 3.822563586158383941e+02 1.963561930766382773e+02 8.867373737624468788e+01 3.349894786398329671e+01 1.677235859529259585e+02 2.073161326916453273e+00
5.746080367270504894e+02 3.745515598592978677e+02 2.363197276159656610e+02 1.422704629053430097e+02 8.017168766828426385e+01 4.118232968073197497e+01 1.859778919845859235e+01 7.025827366462360501e+00 2.073161326916453717e+00 2.730440047529703662e+01
