1.158258809051073855e+06 6.013804328365472611e+05 3.756661609470102121e+05 2.240746149946454098e+05 1.249116280362985271e+05 6.317330155883078260e+04 2.779516908650684491e+04 1.003090449086640911e+04 2.732908650939772087e+03 4.998511475241946869e+02
6.013804328365472611e+05 5.137138460744667100e+05 2.420567571143230307e+05 1.443802511264649511e+05 8.048556604650340159e+04 4.070508898908448464e+04 1.790954094870724657e+04 6.463313612974342504e+03 1.760922527247460948e+03 3.220741189586311179e+02
3.756661609470102121e+05 2.420567571143230016e+05 2.188900170590709895e+05 9.019045465349584993e+04 5.027716559669793787e+04 2.542737288509677819e+04 1.118760791865133979e+04 4.037457954077724025e+03 1.100000880334526755e+03 2.011910285123374820e+02
2.240746149946454098e+05 1.443802511264649511e+05 9.019045465349584993e+04 8.792734608886430215e+04 2.998895747144824782e+04 1.516673414286316256e+04 6.673102870813140726e+03 2.408233508007249839e+03 6.561205117154476056e+02 1.200049590323302908e+02
1.249116280362985126e+05 8.048556604650340159e+04 5.027716559669793787e+04 2.998895747144824782e+04 3.254737253642411088e+04 8.454779466313146258e+03 3.719957941986804599e+03 1.342483030413509368e+03 3.657579923024494519e+02 6.689742524165839654e+01
6.317330155883078260e+04 4.070508898908448464e+04 2.542737288509678183e+04 1.516673414286316256e+04 8.454779466313146258e+03 1.082604283858207600e+04 1.881346264953090667e+03 6.789526856001001534e+02 1.849798958553374177e+02 3.383296883355437501e+01
2.779516908650684491e+04 1.790954094870724657e+04 1.118760791865133979e+04 6.673102870813140726e+03 3.719957941986804599e+03 1.881346264953090667e+03 3.144875811491347122e+03 2.987275357204233615e+02 8.138798125210239220e+01 1.488592595641703653e+01
1.003090449086640729e+04 6.463313612974342504e+03 4.037457954077724025e+03 2.408233508007249839e+03 1.342483030413509368e+03 6.789526856001000397e+02 2.987275357204233615e+02 7.680874191599506275e+02 2.937183307298474233e+01 5.372131432703371345e+00
2.732908650939772542e+03 1.760922527247460948e+03 1.100000880334526755e+03 6.561205117154476056e+02 3.657579923024493951e+02 1.849798958553374177e+02 8.138798125210239220e+01 2.937183307298474233e+01 1.474141259621393374e+02 1.463631169032536095e+00
4.998511475241946869e+02 3.220741189586311179e+02 2.011910285123374820e+02 1.200049590323302624e+02 6.689742524165839654e+01 3.383296883355437501e+01 1.488592595641703653e+01 5.372131432703371345e+00 1.463631169032536317e+00 1.965077645895251734e+01
