1.816866774978721980e+06 9.355406948580328608e+05 5.468765101173883304e+05 3.007755096964238328e+05 1.504409169564142358e+05 6.508952394232501683e+04 2.262602828670438976e+04 5.666481124054468637e+03 8.700632390406667582e+02 6.437849284082099643e+01
9.355406948580328608e+05 7.112290448618684895e+05 3.320380605909959413e+05 1.826169437985766854e+05 9.134074946648655168e+04 3.951934101166950859e+04 1.373747530238905529e+04 3.440424607746759648e+03 5.282620575906090608e+02 3.908763589434310859e+01
5.468765101173883304e+05 3.320380605909959413e+05 2.642489000273550628e+05 1.067499441358067561e+05 5.339384013361281541e+04 2.310129256096167956e+04 8.030332183822730258e+03 2.011122993524131289e+03 3.087990849253462216e+02 2.284893647505234782e+01
3.007755096964238328e+05 1.826169437985766854e+05 1.067499441358067706e+05 9.037538622568584105e+04 2.936597053215824781e+04 1.270543334029465586e+04 4.416586214504663985e+03 1.106093482255392246e+03 1.698357864050030628e+02 1.256664052517066565e+01
1.504409169564142649e+05 9.134074946648655168e+04 5.339384013361282268e+04 2.936597053215824417e+04 2.740167567041595612e+04 6.354962357047421392e+03 2.209073739407048834e+03 5.532422432862491632e+02 8.494791169856392798e+01 6.285541417838342859e+00
6.508952394232501683e+04 3.951934101166950131e+04 2.310129256096167956e+04 1.270543334029465768e+04 6.354962357047421392e+03 7.064053231880187923e+03 9.557742731198236470e+02 2.393648946630577541e+02 3.675342615703489457e+01 2.719492189251914382e+00
2.262602828670438976e+04 1.373747530238905529e+04 8.030332183822730258e+03 4.416586214504663076e+03 2.209073739407048834e+03 9.557742731198236470e+02 1.480620726364806615e+03 8.320658301771111098e+01 1.277600463938295583e+01 9.453334956637191588e-01
5.666481124054469547e+03 3.440424607746760103e+03 2.011122993524131289e+03 1.106093482255392246e+03 5.532422432862491632e+02 2.393648946630577825e+02 8.320658301771111098e+01 2.356182296597004040e+02 3.199633104517814797e+00 2.367500977740149837e-01
8.700632390406667582e+02 5.282620575906090608e+02 3.087990849253462216e+02 1.698357864050030628e+02 8.494791169856392798e+01 3.675342615703489457e+01 1.277600463938295761e+01 3.199633104517814353e+00 2.449146377090927373e+01 3.635193560215482789e-02
6.437849284082099643e+01 3.908763589434310859e+01 2.284893647505234426e+01 1.256664052517066565e+01 6.285541417838342859e+00 2.719492189251914382e+00 9.453334956637191588e-01 2.367500977740149282e-01 3.635193560215482789e-02 1.261052672389501250e+00
