1.539309588042098098e+06 8.169368146000058623e+05 5.116251533616916859e+05 3.071352834678834188e+05 1.728922884940944496e+05 8.841741075406700838e+04 3.926435317241873418e+04 1.419353417610330507e+04 3.807065911335814690e+03 6.632713312877287990e+02
8.169368146000058623e+05 6.761082275329491822e+05 3.291055917596411891e+05 1.975663990556476638e+05 1.112138809862274647e+05 5.687496812241614680e+04 2.525700329814152792e+04 9.130066091345790483e+03 2.448915326749735868e+03 4.266527995083467317e+02
5.116251533616916859e+05 3.291055917596412473e+05 2.867868529060175060e+05 1.237304249355617212e+05 6.965020782346212945e+04 3.561923488822078070e+04 1.581776944670491866e+04 5.717910345947992028e+03 1.533688600178457364e+03 2.672009635011145861e+02
3.071352834678834188e+05 1.975663990556476929e+05 1.237304249355617212e+05 1.149908161218648893e+05 4.181193239405296481e+04 2.138269342783636239e+04 9.495614261578057267e+03 3.432536503351233932e+03 9.206933628500956956e+02 1.604042395659728868e+02
1.728922884940944496e+05 1.112138809862274647e+05 6.965020782346212945e+04 4.181193239405297209e+04 4.245540317421998770e+04 1.203672453117174882e+04 5.345261742007125576e+03 1.932240036713231120e+03 5.182757926968100719e+02 9.029459510345047590e+01
8.841741075406700838e+04 5.687496812241614680e+04 3.561923488822078798e+04 2.138269342783636603e+04 1.203672453117174882e+04 1.399155779460054509e+04 2.733575957305852171e+03 9.881508451856882402e+02 2.650471229567233422e+02 4.617680969852305850e+01
3.926435317241873418e+04 2.525700329814152792e+04 1.581776944670491866e+04 9.495614261578057267e+03 5.345261742007126486e+03 2.733575957305852171e+03 3.977144375157153263e+03 4.388174618787991790e+02 1.177019746942496852e+02 2.050617122708472095e+01
1.419353417610330689e+04 9.130066091345788664e+03 5.717910345947992937e+03 3.432536503351233932e+03 1.932240036713231120e+03 9.881508451856882402e+02 4.388174618787992358e+02 9.357899918101077219e+02 4.254767659310886074e+01 7.412704364555916747e+00
3.807065911335815599e+03 2.448915326749735868e+03 1.533688600178457364e+03 9.206933628500956956e+02 5.182757926968100719e+02 2.650471229567232854e+02 1.177019746942496852e+02 4.254767659310886074e+01 1.702304442760843983e+02 1.988275347561021755e+00
6.632713312877287990e+02 4.266527995083467317e+02 2.672009635011145861e+02 1.604042395659728584e+02 9.029459510345047590e+01 4.617680969852306561e+01 2.050617122708472095e+01 7.412704364555916747e+00 1.988275347561021755e+00 2.097759466317462085e+01
