2.413039152398161823e+05 6.276739726345066447e+05 3.814895913507018122e+05 2.195707720856642409e+05 1.165662938771501649e+05 5.498608336451707146e+04 2.184436135010495491e+04 6.773439613860932695e+03 1.469663194841712311e+03 1.907931946902820641e+02
6.276739726345065283e+05 1.313256349214765651e+05 2.403127628806340217e+05 1.383148061809967039e+05 7.342891857466757938e+04 3.463753117490568548e+04 1.376047721464786628e+04 4.266811007998582681e+03 9.257888835339560956e+02 1.201868695617821885e+02
3.814895913507018122e+05 2.403127628806340217e+05 6.785645562150896876e+04 8.406539252578713058e+04 4.462885090295984992e+04 2.105210378223914813e+04 8.363384588615754183e+03 2.593295339266660903e+03 5.626787763303464089e+02 7.304754021008737652e+01
2.195707720856642409e+05 1.383148061809967039e+05 8.406539252578713058e+04 3.264112390254022466e+04 2.568665429471843527e+04 1.211678322631980700e+04 4.813643289374971573e+03 1.492601299744184416e+03 3.238563152342834996e+02 4.204336151374258179e+01
1.165662938771501649e+05 7.342891857466757938e+04 4.462885090295984992e+04 2.568665429471843163e+04 1.422514652513767214e+04 6.432588914219765684e+03 2.555479278772776070e+03 7.923960010466098538e+02 1.719296701331553265e+02 2.232008744716783610e+01
5.498608336451706418e+04 3.463753117490568548e+04 2.105210378223914813e+04 1.211678322631980518e+04 6.432588914219765684e+03 5.406137969949471881e+03 1.205458215965810496e+03 3.737851751311428643e+02 8.110182506736420294e+01 1.052872274009786580e+01
2.184436135010495491e+04 1.376047721464786628e+04 8.363384588615754183e+03 4.813643289374971573e+03 2.555479278772775615e+03 1.205458215965810723e+03 1.696897214148676994e+03 1.484939085176949618e+02 3.221938106011278080e+01 4.182753344424987141e+00
6.773439613860932695e+03 4.266811007998582681e+03 2.593295339266660903e+03 1.492601299744184416e+03 7.923960010466098538e+02 3.737851751311428643e+02 1.484939085176949618e+02 4.074120417230259932e+02 9.990497250476950697e+00 1.296976677141508105e+00
1.469663194841712311e+03 9.257888835339560956e+02 5.626787763303462953e+02 3.238563152342835565e+02 1.719296701331553550e+02 8.110182506736420294e+01 3.221938106011278080e+01 9.990497250476952473e+00 6.703261554099952946e+01 2.814107743815064122e-01
1.907931946902820641e+02 1.201868695617821885e+02 7.304754021008737652e+01 4.204336151374258890e+01 2.232008744716783610e+01 1.052872274009786580e+01 4.182753344424987141e+00 1.296976677141507883e+00 2.814107743815064122e-01 6.458606777944760680e+00
