2.309301449752034619e+06 1.217256766382615315e+06 7.654034880185665097e+05 4.757440872948811157e+05 2.869788724743080093e+05 1.629454914469548385e+05 8.282342771650770737e+04 3.477995191925434483e+04 1.061559760934281439e+04 1.924020505232309688e+03
1.217256766382615315e+06 9.756737029476423049e+05 4.816718950068200938e+05 2.993879171609638724e+05 1.805971092311868852e+05 1.025423386183582334e+05 5.212115962842718000e+04 2.188718187391767424e+04 6.680443840619119328e+03 1.210794851727597688e+03
7.654034880185665097e+05 4.816718950068200938e+05 4.172684373941876111e+05 1.882532612626996706e+05 1.135583396610763593e+05 6.447798510195514245e+04 3.277346118003096490e+04 1.376252390773532170e+04 4.200621560163749564e+03 7.613402762518928739e+02
4.757440872948811157e+05 2.993879171609639307e+05 1.882532612626996706e+05 1.770879877194427827e+05 7.058330606336404162e+04 4.007692759847796697e+04 2.037066804719060019e+04 8.554232477185549214e+03 2.610937762231398210e+03 4.732185579450918453e+02
2.869788724743080093e+05 1.805971092311868852e+05 1.135583396610763593e+05 7.058330606336404162e+04 7.229789365633502894e+04 2.417524841946560991e+04 1.228801682217790403e+04 5.160093539248131492e+03 1.574972753452908137e+03 2.854554198775045961e+02
1.629454914469548385e+05 1.025423386183582188e+05 6.447798510195514245e+04 4.007692759847796697e+04 2.417524841946560628e+04 2.712235059056992759e+04 6.977088322686479842e+03 2.929881110813542364e+03 8.942634247401720131e+02 1.620804809674656042e+02
8.282342771650772193e+04 5.212115962842718727e+04 3.277346118003096490e+04 2.037066804719060019e+04 1.228801682217790403e+04 6.977088322686479842e+03 8.766176046875836619e+03 1.489226822077633415e+03 4.545444090583852699e+02 8.238375226255185169e+01
3.477995191925434483e+04 2.188718187391767424e+04 1.376252390773532170e+04 8.554232477185549214e+03 5.160093539248132402e+03 2.929881110813542819e+03 1.489226822077633415e+03 2.245414925109052547e+03 1.908763393170407312e+02 3.459531948408150726e+01
1.061559760934281621e+04 6.680443840619119328e+03 4.200621560163749564e+03 2.610937762231398210e+03 1.574972753452908137e+03 8.942634247401720131e+02 4.545444090583852699e+02 1.908763393170407028e+02 4.101999305070265791e+02 1.055924377533009562e+01
1.924020505232310143e+03 1.210794851727597461e+03 7.613402762518929876e+02 4.732185579450918453e+02 2.854554198775045961e+02 1.620804809674656042e+02 8.238375226255186590e+01 3.459531948408150726e+01 1.055924377533009739e+01 4.560676143380032954e+01
