1.867128559270166559e+06 9.783538730837733019e+05 6.083738348600674653e+05 3.658322767394822440e+05 2.075806171084542002e+05 1.071173467203941836e+05 4.751731544310532627e+04 1.664995609561199308e+04 4.055254823820734600e+03 5.660442869303243469e+02
9.783538730837731855e+05 7.966269630697048269e+05 3.851204879749448155e+05 2.315837678444875055e+05 1.314053037362067553e+05 6.780877558455191320e+04 3.008001110849429824e+04 1.053996547661912882e+04 2.567108621579381634e+03 3.583245029730403530e+02
6.083738348600673489e+05 3.851204879749448155e+05 3.335208447596896440e+05 1.440066920681884512e+05 8.171230344595646602e+04 4.216581134340456629e+04 1.870477770280277764e+04 6.554110320115672948e+03 1.596315770376534829e+03 2.228184075266291302e+02
3.658322767394822440e+05 2.315837678444875346e+05 1.440066920681884512e+05 1.337549251788743422e+05 4.913590344354209810e+04 2.535548684120059261e+04 1.124770826887413023e+04 3.941170647092591480e+03 9.599095148566191256e+02 1.339869676408448527e+02
2.075806171084542002e+05 1.314053037362067553e+05 8.171230344595646602e+04 4.913590344354208355e+04 4.966328194500614336e+04 1.438721496225395640e+04 6.382176674835679478e+03 2.236299766506938795e+03 5.446720317794994344e+02 7.602690958617468198e+01
1.071173467203941982e+05 6.780877558455191320e+04 4.216581134340456629e+04 2.535548684120059261e+04 1.438721496225395640e+04 1.634220982990882476e+04 3.293379898528796275e+03 1.153992606807335051e+03 2.810658513773635150e+02 3.923199067265254314e+01
4.751731544310532627e+04 3.008001110849430188e+04 1.870477770280277764e+04 1.124770826887413023e+04 6.382176674835679478e+03 3.293379898528796730e+03 4.516287936799575618e+03 5.119117714874794842e+02 1.246809702544693010e+02 1.740333319793170475e+01
1.664995609561199308e+04 1.053996547661912882e+04 6.554110320115672948e+03 3.941170647092591025e+03 2.236299766506938795e+03 1.153992606807334823e+03 5.119117714874794842e+02 9.834428809247051504e+02 4.368792010526833991e+01 6.098087212225157039e+00
4.055254823820734600e+03 2.567108621579381634e+03 1.596315770376534829e+03 9.599095148566191256e+02 5.446720317794994344e+02 2.810658513773635150e+02 1.246809702544693010e+02 4.368792010526833991e+01 1.535548478099243255e+02 1.485247014553562339e+00
5.660442869303244606e+02 3.583245029730403530e+02 2.228184075266291302e+02 1.339869676408448242e+02 7.602690958617469619e+01 3.923199067265254314e+01 1.740333319793170119e+01 6.098087212225157039e+00 1.485247014553562117e+00 1.434203258473355902e+01
