2.199132117809467949e+06 1.158728347722839331e+06 7.278684164863877231e+05 4.456026496381915058e+05 2.597142446334742126e+05 1.389181599738070508e+05 6.439253827409273799e+04 2.367951953334367136e+04 6.029990337068461486e+03 8.628572789964305230e+02
1.158728347722839098e+06 9.437622816470763646e+05 4.622476810316527262e+05 2.829890496569804382e+05 1.649368273076538753e+05 8.822281039622134995e+04 4.089379456334463612e+04 1.503816176702666235e+04 3.829468330839848477e+03 5.479751109448517354e+02
7.278684164863877231e+05 4.622476810316526680e+05 4.019273963132040808e+05 1.777627964842739457e+05 1.036069476928224904e+05 5.541816373723188008e+04 2.568790308050786552e+04 9.446392688797846859e+03 2.405524172625046958e+03 3.442168106624980624e+02
4.456026496381913894e+05 2.829890496569803800e+05 1.777627964842739457e+05 1.657299146289342898e+05 6.342840184728720487e+04 3.392712204576813383e+04 1.572619091178472445e+04 5.783102434875165272e+03 1.472667203043128211e+03 2.107302905402069939e+02
2.597142446334741835e+05 1.649368273076538753e+05 1.036069476928224758e+05 6.342840184728721215e+04 6.386018697624417837e+04 1.977402262275318935e+04 9.165824747523942278e+03 3.370612992833695444e+03 8.583266965431806739e+02 1.228216624687495084e+02
1.389181599738070508e+05 8.822281039622134995e+04 5.541816373723188008e+04 3.392712204576814111e+04 1.977402262275318935e+04 2.190728330179439217e+04 4.902694152819281953e+03 1.802902091909028513e+03 4.591090700798879993e+02 6.569589349695438329e+01
6.439253827409273799e+04 4.089379456334464339e+04 2.568790308050786552e+04 1.572619091178472081e+04 9.165824747523942278e+03 4.902694152819281953e+03 6.285746680094020121e+03 8.356966575110363920e+02 2.128101781126127889e+02 3.045192462418866697e+01
2.367951953334367136e+04 1.503816176702666235e+04 9.446392688797846859e+03 5.783102434875165272e+03 3.370612992833695898e+03 1.802902091909028513e+03 8.356966575110363920e+02 1.400110636229355805e+03 7.825817873589579676e+01 1.119829972996268808e+01
6.029990337068460576e+03 3.829468330839847567e+03 2.405524172625046958e+03 1.472667203043128211e+03 8.583266965431805602e+02 4.591090700798879425e+02 2.128101781126128174e+02 7.825817873589579676e+01 2.194489083879446127e+02 2.851647351551494403e+00
8.628572789964305230e+02 5.479751109448517354e+02 3.442168106624980624e+02 2.107302905402069939e+02 1.228216624687495226e+02 6.569589349695436908e+01 3.045192462418866697e+01 1.119829972996268808e+01 2.851647351551494847e+00 2.021637818690455290e+01
