2.201196749801919941e+04 5.499811863256118158e+03 3.153847380914799032e+03 1.712697157006804218e+03 8.731443512980649757e+02 4.133919660905713158e+02 1.795375118783967707e+02 7.050497679750658619e+01 2.459815334478540905e+01 7.470441594740546698e+00
5.499811863256118158e+03 1.032317041772122866e+04 1.895163434381966454e+03 1.029168705426628094e+03 5.246770206861692714e+02 2.484094008299399263e+02 1.078850326337485654e+02 4.236681038440937641e+01 1.478115937202896468e+01 4.489027539732068917e+00
3.153847380914799032e+03 1.895163434381966454e+03 4.730344505119379392e+03 5.901731017045320868e+02 3.008741550911113336e+02 1.424494796697078698e+02 6.186628489695494437e+01 2.429509541249575122e+01 8.476202810464549486e+00 2.574216737053335535e+00
1.712697157006804218e+03 1.029168705426628094e+03 5.901731017045320868e+02 2.105901540073410615e+03 1.633897420527374322e+02 7.735720514688981098e+01 3.359649262002452730e+01 1.319345415824185075e+01 4.603002841400936518e+00 1.397928673958774626e+00
8.731443512980647483e+02 5.246770206861693850e+02 3.008741550911112768e+02 1.633897420527374322e+02 9.018523653509162159e+02 3.943721540605329778e+01 1.712771439748760827e+01 6.726110290573147132e+00 2.346641327414898281e+00 7.126732943948298482e-01
4.133919660905712590e+02 2.484094008299399263e+02 1.424494796697078982e+02 7.735720514688979677e+01 3.943721540605329778e+01 3.659900675360034938e+02 8.109151160273766479e+00 3.184490574815472375e+00 1.111022101451213828e+00 3.374166183542670616e-01
1.795375118783967707e+02 1.078850326337485654e+02 6.186628489695493016e+01 3.359649262002452730e+01 1.712771439748760827e+01 8.109151160273764702e+00 1.382295838472379614e+02 1.383034894967726913e+00 4.825206102161069266e-01 1.465411645481162484e-01
7.050497679750657198e+01 4.236681038440938352e+01 2.429509541249575477e+01 1.319345415824185075e+01 6.726110290573147132e+00 3.184490574815471930e+00 1.383034894967726913e+00 4.761456133031283855e+01 1.894874451120144021e-01 5.754720168642224465e-02
2.459815334478541260e+01 1.478115937202896468e+01 8.476202810464551263e+00 4.603002841400936518e+00 2.346641327414898281e+00 1.111022101451213828e+00 4.825206102161070376e-01 1.894874451120144021e-01 1.462499378950717066e+01 2.007737546969832684e-02
7.470441594740546698e+00 4.489027539732068917e+00 2.574216737053335535e+00 1.397928673958774626e+00 7.126732943948298482e-01 3.374166183542670616e-01 1.465411645481162484e-01 5.754720168642225159e-02 2.007737546969832684e-02 3.910987023462419554e+00
