1.786365236135747691e+05 7.288572170068543346e+04 4.382123253232765273e+04 2.488516013707336242e+04 1.316808055935041739e+04 6.384398696982082583e+03 2.777306266935304393e+03 1.056007380271218381e+03 3.395400917136487351e+02 8.860512624413863136e+01
7.288572170068543346e+04 8.111957116576783301e+04 2.759051763725265118e+04 1.566807709393538789e+04 8.290824742400807736e+03 4.019714980001737331e+03 1.748634465847156434e+03 6.648783835312723340e+02 2.137796302755476177e+02 5.578714146359158121e+01
4.382123253232766729e+04 2.759051763725265118e+04 3.532423839969694382e+04 9.420150252299994463e+03 4.984709630968841338e+03 2.416781514158765731e+03 1.051335100400195415e+03 3.997461995381191286e+02 1.285311672902280691e+02 3.354101792981099806e+01
2.488516013707336606e+04 1.566807709393538607e+04 9.420150252299994463e+03 1.470239161134902679e+04 2.830712196695088551e+03 1.372439603377010371e+03 5.970311837277589575e+02 2.270074941948279275e+02 7.299015787067811800e+01 1.904724157925140204e+01
1.316808055935041739e+04 8.290824742400809555e+03 4.984709630968841338e+03 2.830712196695088096e+03 5.820563469987173448e+03 7.262318249335897917e+02 3.159214037790819702e+02 1.201219101933944557e+02 3.862302969266042396e+01 1.007892294714759451e+01
6.384398696982082583e+03 4.019714980001737331e+03 2.416781514158765731e+03 1.372439603377010371e+03 7.262318249335896780e+02 2.170580867266804944e+03 1.531710099695364136e+02 5.823978395796947183e+01 1.872595017412967522e+01 4.886654682945394512e+00
2.777306266935304393e+03 1.748634465847156434e+03 1.051335100400195415e+03 5.970311837277589575e+02 3.159214037790820839e+02 1.531710099695364136e+02 7.483680318055044154e+02 2.533515287005591077e+01 8.146060614527838695e+00 2.125765842554347085e+00
1.056007380271218381e+03 6.648783835312723340e+02 3.997461995381191286e+02 2.270074941948278990e+02 1.201219101933944415e+02 5.823978395796947183e+01 2.533515287005590721e+01 2.314657961731696503e+02 3.097353803392574267e+00 8.082739902297378931e-01
3.395400917136487351e+02 2.137796302755476461e+02 1.285311672902280691e+02 7.299015787067810379e+01 3.862302969266042396e+01 1.872595017412967522e+01 8.146060614527838695e+00 3.097353803392573823e+00 6.159815440057371205e+01 2.598858965378406105e-01
8.860512624413863136e+01 5.578714146359159542e+01 3.354101792981099806e+01 1.904724157925140204e+01 1.007892294714759451e+01 4.886654682945394512e+00 2.125765842554347529e+00 8.082739902297378931e-01 2.598858965378406105e-01 1.340544333733584992e+01
