2.825893467602832243e+05 9.721588843067713315e+05 6.042665087142735720e+05 3.583247104276882601e+05 1.980868858149017324e+05 9.880795489812757296e+04 4.246418400540685252e+04 1.472629972123865809e+04 3.754415144623672404e+03 6.160469797227686968e+02
9.721588843067715643e+05 1.569662541271391965e+05 3.873238383614064078e+05 2.296796202025110833e+05 1.269700899130321777e+05 6.333410142689163331e+04 2.721876937521345099e+04 9.439290198338165283e+03 2.406511801741174168e+03 3.948749059498189808e+02
6.042665087142735720e+05 3.873238383614064078e+05 8.322648729562430526e+04 1.427623657644795894e+05 7.892102225408933009e+04 3.936668889167598536e+04 1.691841838547569569e+04 5.867196221693713596e+03 1.495819776059322294e+03 2.454430902694701047e+02
3.583247104276882601e+05 2.296796202025110251e+05 1.427623657644795603e+05 4.140520987928617251e+04 4.679947016429061478e+04 2.334409932402312552e+04 1.003247289307671781e+04 3.479195614587543332e+03 8.870079350399803388e+02 1.455455878804480392e+02
1.980868858149017615e+05 1.269700899130321777e+05 7.892102225408933009e+04 4.679947016429061478e+04 1.887202421163435793e+04 1.290494292657126971e+04 5.546090611613100009e+03 1.923347746829730113e+03 4.903503287157038812e+02 8.045962616679553037e+01
9.880795489812757296e+04 6.333410142689162603e+04 3.936668889167597808e+04 2.334409932402312552e+04 1.290494292657126789e+04 7.622039989460180550e+03 2.766452048346407537e+03 9.593873750923024772e+02 2.445922301453964280e+02 4.013416173768162309e+01
4.246418400540685252e+04 2.721876937521344371e+04 1.691841838547569569e+04 1.003247289307671781e+04 5.546090611613100009e+03 2.766452048346407537e+03 2.602992790250104918e+03 4.123109528011883071e+02 1.051171383710498901e+02 1.724825122318130255e+01
1.472629972123865809e+04 9.439290198338163464e+03 5.867196221693712687e+03 3.479195614587544242e+03 1.923347746829730113e+03 9.593873750923024772e+02 4.123109528011883071e+02 7.035787595235862000e+02 3.645393221953579399e+01 5.981580080461396776e+00
3.754415144623672404e+03 2.406511801741174168e+03 1.495819776059322066e+03 8.870079350399803388e+02 4.903503287157038812e+02 2.445922301453964280e+02 1.051171383710498901e+02 3.645393221953579399e+01 1.370513440210970089e+02 1.524981513888040041e+00
6.160469797227688105e+02 3.948749059498189808e+02 2.454430902694701047e+02 1.455455878804480392e+02 8.045962616679554458e+01 4.013416173768161599e+01 1.724825122318130255e+01 5.981580080461396776e+00 1.524981513888040041e+00 1.683388168149678066e+01
