1.383788331851879193e+05 2.865150273340143613e+05 1.747479371939016564e+05 1.006569445460129064e+05 5.374194105117946310e+04 2.596170515166590121e+04 1.098957332751282229e+04 3.906869279802709116e+03 1.103184493176513115e+03 2.296549291033738882e+02
2.865150273340143613e+05 7.715994752509682439e+04 1.112587002877809718e+05 6.408636922965326085e+04 3.421647550358284207e+04 1.652932571801332233e+04 6.996853094635613161e+03 2.487429638627388158e+03 7.023766624052404950e+02 1.462169415961240020e+02
1.747479371939016564e+05 1.112587002877809864e+05 4.081688248292289063e+04 3.908681834015317145e+04 2.086891765480158210e+04 1.008137548423109911e+04 4.267439849536948714e+03 1.517104363808372455e+03 4.283854638638773054e+02 8.917894870811372243e+01
1.006569445460129064e+05 6.408636922965326085e+04 3.908681834015317145e+04 2.018723750323140848e+04 1.202075126519993319e+04 5.806995317706083370e+03 2.458097435574630254e+03 8.738706291504234969e+02 2.467552554432620298e+02 5.136816284603095539e+01
5.374194105117946310e+04 3.421647550358283479e+04 2.086891765480158210e+04 1.202075126519993319e+04 9.158452321656808635e+03 3.100423934545082830e+03 1.312407485410204572e+03 4.665699326556742221e+02 1.317455685935163956e+02 2.742607370042739490e+01
2.596170515166589757e+04 1.652932571801332597e+04 1.008137548423109911e+04 5.806995317706083370e+03 3.100423934545082830e+03 3.719107191368617350e+03 6.339989867989930872e+02 2.253910221200204660e+02 6.364376760426635116e+01 1.324901231610293273e+01
1.098957332751282229e+04 6.996853094635614070e+03 4.267439849536948714e+03 2.458097435574630254e+03 1.312407485410204572e+03 6.339989867989930872e+02 1.308728274417697321e+03 9.540787673540346248e+01 2.694036646823986203e+01 5.608298511763614158e+00
3.906869279802709116e+03 2.487429638627388158e+03 1.517104363808372682e+03 8.738706291504234969e+02 4.665699326556742221e+02 2.253910221200204660e+02 9.540787673540347669e+01 3.823643296311091149e+02 9.577486496030708452e+00 1.993788886481858702e+00
1.103184493176513115e+03 7.023766624052403813e+02 4.283854638638772485e+02 2.467552554432620298e+02 1.317455685935163672e+02 6.364376760426634405e+01 2.694036646823986203e+01 9.577486496030708452e+00 8.768819914713884600e+01 5.629870939386858453e-01
2.296549291033738598e+02 1.462169415961240020e+02 8.917894870811372243e+01 5.136816284603095539e+01 2.742607370042739490e+01 1.324901231610293095e+01 5.608298511763615046e+00 1.993788886481858702e+00 5.629870939386857343e-01 1.464585003919996176e+01
