1.383070825947130797e+06 7.061128689463828923e+05 4.368986241483658669e+05 2.572456837602304295e+05 1.404644914401600254e+05 6.856061445572554658e+04 2.838150925621266651e+04 9.236413637070487312e+03 2.119867559759953565e+03 2.931993127847889014e+02
7.061128689463828923e+05 6.042493675610000500e+05 2.790696399026059662e+05 1.643160595284645678e+05 8.972190086823540332e+04 4.379319350102441240e+04 1.812873085481280577e+04 5.899772819640316811e+03 1.354068527216346865e+03 1.872814930420938424e+02
4.368986241483658669e+05 2.790696399026059080e+05 2.532046393558162381e+05 1.016685341545847332e+05 5.551431898387429828e+04 2.709649806582630481e+04 1.121692850583801373e+04 3.650411628292394198e+03 8.378131918572174754e+02 1.158781127451107409e+02
2.572456837602304586e+05 1.643160595284645678e+05 1.016685341545847332e+05 9.942530493456657859e+04 3.268680228354455903e+04 1.595440403603596133e+04 6.604521698365508200e+03 2.149360477288848870e+03 4.933039737141894534e+02 6.822897280591625702e+01
1.404644914401600254e+05 8.972190086823540332e+04 5.551431898387429101e+04 3.268680228354455903e+04 3.553454911645820539e+04 8.711622354143792109e+03 3.606283176479221765e+03 1.173620571396471860e+03 2.693599782912509113e+02 3.725523331073731015e+01
6.856061445572554658e+04 4.379319350102441967e+04 2.709649806582630481e+04 1.595440403603596496e+04 8.711622354143792109e+03 1.118215818673182366e+04 1.760224153063572885e+03 5.728433334847529750e+02 1.314744063220880719e+02 1.818425184391679750e+01
2.838150925621265924e+04 1.812873085481280577e+04 1.121692850583801373e+04 6.604521698365509110e+03 3.606283176479221765e+03 1.760224153063572885e+03 2.985094990096892161e+03 2.371355405829433494e+02 5.442544687803322034e+01 7.527594612774464622e+00
9.236413637070487312e+03 5.899772819640315902e+03 3.650411628292394653e+03 2.149360477288848415e+03 1.173620571396471632e+03 5.728433334847529750e+02 2.371355405829433494e+02 6.427370182827693270e+02 1.771209329320223347e+01 2.449763221120766943e+00
2.119867559759953565e+03 1.354068527216346865e+03 8.378131918572173618e+02 4.933039737141893966e+02 2.693599782912509681e+02 1.314744063220880719e+02 5.442544687803322034e+01 1.771209329320223347e+01 1.018995582542197269e+02 5.622500015270084361e-01
2.931993127847889014e+02 1.872814930420938424e+02 1.158781127451107409e+02 6.822897280591625702e+01 3.725523331073730304e+01 1.818425184391679394e+01 7.527594612774463734e+00 2.449763221120766943e+00 5.622500015270085472e-01 1.005282207054020915e+01
