4.328260822655687662e+04 3.574103459959718020e+04 2.041198280705889192e+04 1.090555021450670210e+04 5.370187554059109061e+03 2.392445222846808520e+03 9.428726456858076972e+02 3.195693770394296394e+02 8.995040495272924375e+01 2.013033908983766551e+01
3.574103459959718020e+04 2.317664851017655747e+04 1.231055403420935181e+04 6.577183924632767230e+03 3.238783056157630654e+03 1.442893934809529355e+03 5.686505207166363789e+02 1.927336565442351173e+02 5.424947350958206016e+01 1.214069350512599321e+01
2.041198280705889192e+04 1.231055403420935181e+04 1.168661191694126865e+04 3.756280888130229414e+03 1.849694190409034945e+03 8.240479471199641921e+02 3.247607346045849681e+02 1.100716900838360033e+02 3.098229620308937982e+01 6.933644475283218256e+00
1.090555021450670210e+04 6.577183924632766320e+03 3.756280888130229414e+03 5.481318934368303417e+03 9.882397543471953441e+02 4.402657180060991209e+02 1.735105566376233241e+02 5.880821842500142793e+01 1.655297234949002316e+01 3.704451875620274670e+00
5.370187554059109061e+03 3.238783056157630654e+03 1.849694190409034945e+03 9.882397543471953441e+02 2.355646660331076419e+03 2.167987339300144640e+02 8.544128571465944333e+01 2.895875553736263797e+01 8.151130786200026179e+00 1.824172184417086839e+00
2.392445222846808065e+03 1.442893934809529355e+03 8.240479471199641921e+02 4.402657180060990640e+02 2.167987339300144356e+02 9.103983612496294882e+02 3.806451707397411610e+01 1.290126939655657345e+01 3.631369242495762872e+00 8.126777667122516702e-01
9.428726456858076972e+02 5.686505207166363789e+02 3.247607346045849681e+02 1.735105566376233526e+02 8.544128571465944333e+01 3.806451707397411610e+01 3.093360937716177546e+02 5.084444104497493733e+00 1.431137771697808425e+00 3.202796990596256110e-01
3.195693770394296962e+02 1.927336565442351173e+02 1.100716900838360317e+02 5.880821842500142793e+01 2.895875553736263797e+01 1.290126939655657168e+01 5.084444104497492845e+00 8.982060801675339690e+01 4.850578795044051539e-01 1.085529253342736589e-01
8.995040495272924375e+01 5.424947350958206016e+01 3.098229620308937271e+01 1.655297234949002316e+01 8.151130786200026179e+00 3.631369242495762872e+00 1.431137771697808425e+00 4.850578795044051539e-01 2.151872454287892111e+01 3.055480372706841086e-02
2.013033908983766551e+01 1.214069350512599499e+01 6.933644475283219144e+00 3.704451875620274670e+00 1.824172184417086839e+00 8.126777667122515592e-01 3.202796990596256110e-01 1.085529253342736589e-01 3.055480372706841086e-02 4.071519436806049441e+00
