1.643523030650273140e+05 3.216834177686865442e+05 1.977126955004892661e+05 1.147995301023989014e+05 6.169363039314560592e+04 2.984501732834111681e+04 1.252152509989433747e+04 4.332929815078492538e+03 1.155427540595522714e+03 2.164684952818600436e+02
3.216834177686864859e+05 9.168362244443543022e+04 1.266364980006263359e+05 7.352997958722033945e+04 3.951524348072848807e+04 1.911596252158615607e+04 8.020132871405001424e+03 2.775274781799148514e+03 7.400602023259118596e+02 1.386497316248061793e+02
1.977126955004892661e+05 1.266364980006263504e+05 4.852432514885584533e+04 4.519291222757094511e+04 2.428681389959252556e+04 1.174903109226114248e+04 4.929324922236995008e+03 1.705736222495004540e+03 4.548549578632852786e+02 8.521673998649082193e+01
1.147995301023989014e+05 7.352997958722032490e+04 4.519291222757094511e+04 2.397699638760942980e+04 1.410185024436497770e+04 6.821935461128321549e+03 2.862154012732332376e+03 9.904154931749586694e+02 2.641061328675395430e+02 4.948008868395223914e+01
6.169363039314562047e+04 3.951524348072848807e+04 2.428681389959252920e+04 1.410185024436497588e+04 1.083176823002549463e+04 3.666129683016440595e+03 1.538130614578859195e+03 5.322524170358436777e+02 1.419314707225662460e+02 2.659075608031628590e+01
2.984501732834111681e+04 1.911596252158615243e+04 1.174903109226114066e+04 6.821935461128322459e+03 3.666129683016440595e+03 4.349302139750603601e+03 7.440887260617150787e+02 2.574833497114329361e+02 6.866101372472574838e+01 1.286359014591080729e+01
1.252152509989433747e+04 8.020132871405001424e+03 4.929324922236995008e+03 2.862154012732332376e+03 1.538130614578859422e+03 7.440887260617150787e+02 1.494837107105850009e+03 1.080275541725002313e+02 2.880683891987306566e+01 5.396939968730402271e+00
4.332929815078492538e+03 2.775274781799148514e+03 1.705736222495004540e+03 9.904154931749586694e+02 5.322524170358436777e+02 2.574833497114328793e+02 1.080275541725002455e+02 4.180471093090620229e+02 9.968275448741849232e+00 1.867549033695431016e+00
1.155427540595522714e+03 7.400602023259118596e+02 4.548549578632852786e+02 2.641061328675395998e+02 1.419314707225662460e+02 6.866101372472576259e+01 2.880683891987306566e+01 9.968275448741849232e+00 8.884363115281132650e+01 4.980042786373097274e-01
2.164684952818600721e+02 1.386497316248061793e+02 8.521673998649083615e+01 4.948008868395224624e+01 2.659075608031628235e+01 1.286359014591080729e+01 5.396939968730402271e+00 1.867549033695430571e+00 4.980042786373097274e-01 1.307583317562674985e+01
