8.135967223307336681e+05 3.879385774224319030e+05 2.256854776098211878e+05 1.220549786920946644e+05 5.966888552263269230e+04 2.539151384536458863e+04 8.930712318574325764e+03 2.418750222885960738e+03 4.576628924366974047e+02 5.288781921153413634e+01
3.879385774224319030e+05 3.331525841950703179e+05 1.383615816735585395e+05 7.482856266085148673e+04 3.658135855725385773e+04 1.556684131357603655e+04 5.475174986694421932e+03 1.482869478604015285e+03 2.805805776316441893e+02 3.242407262918468547e+01
2.256854776098211878e+05 1.383615816735585395e+05 1.275607943585230387e+05 4.353194264715111785e+04 2.128141375488937047e+04 9.056098622811412497e+03 3.185214242109107545e+03 8.626677674990683045e+02 1.632293495830496965e+02 1.886288898101719624e+01
1.220549786920946644e+05 7.482856266085147217e+04 4.353194264715111058e+04 4.486190186603068287e+04 1.150939143227191926e+04 4.897709574170020460e+03 1.722624160702599511e+03 4.665470596317783816e+02 8.827752231239095693e+01 1.020140745001667248e+01
5.966888552263269230e+04 3.658135855725386500e+04 2.128141375488937047e+04 1.150939143227191926e+04 1.423499918421752227e+04 2.394337986338783139e+03 8.421374117215099204e+02 2.280803568227776452e+02 4.315613692717700900e+01 4.987151034947518546e+00
2.539151384536458863e+04 1.556684131357603655e+04 9.056098622811412497e+03 4.897709574170019550e+03 2.394337986338783139e+03 4.001601052859797619e+03 3.583633842350799910e+02 9.705737734827617658e+01 1.836467429717994193e+01 2.122233613777860572e+00
8.930712318574325764e+03 5.475174986694422842e+03 3.185214242109107545e+03 1.722624160702599511e+03 8.421374117215100341e+02 3.583633842350799910e+02 9.677245608003577217e+02 3.413705542613821819e+01 6.459229802967080936e+00 7.464327646190529464e-01
2.418750222885960738e+03 1.482869478604015285e+03 8.626677674990681908e+02 4.665470596317784953e+02 2.280803568227777021e+02 9.705737734827617658e+01 3.413705542613821109e+01 1.893766445687190867e+02 1.749386047639738706e+00 2.021601806651782129e-01
4.576628924366974047e+02 2.805805776316441893e+02 1.632293495830497250e+02 8.827752231239094272e+01 4.315613692717700900e+01 1.836467429717994548e+01 6.459229802967080936e+00 1.749386047639738928e+00 2.684528188607293231e+01 3.825166077229667783e-02
5.288781921153413634e+01 3.242407262918468547e+01 1.886288898101719624e+01 1.020140745001667248e+01 4.987151034947518546e+00 2.122233613777860572e+00 7.464327646190529464e-01 2.021601806651781574e-01 3.825166077229667783e-02 2.349828887195700045e+00
