1.627264186649813782e+05 4.195698143335438217e+05 2.606330744504941395e+05 1.539060444652986771e+05 8.487510923015821027e+04 4.267334181417338550e+04 1.894781221213384197e+04 7.120739432948581452e+03 2.138278420816973721e+03 4.750302657763302818e+02
4.195698143335438217e+05 9.190030909915918892e+04 1.679918507662996999e+05 9.920061491948887124e+04 5.470651303034994635e+04 2.750523388046662876e+04 1.221287071182237196e+04 4.589694530088584543e+03 1.378233941045401025e+03 3.061822206794816452e+02
2.606330744504941395e+05 1.679918507662997290e+05 4.948760686032854574e+04 6.162254854991098546e+04 3.398320421647693001e+04 1.708600910943268900e+04 7.586527754730755078e+03 2.851077830910505782e+03 8.561467891518085480e+02 1.901976996236762716e+02
1.539060444652986771e+05 9.920061491948887124e+04 6.162254854991097818e+04 2.505171185897459145e+04 2.006737076728101601e+04 1.008943351980575972e+04 4.479909084518726559e+03 1.683585678230899248e+03 5.055619517124993081e+02 1.123133573020073754e+02
8.487510923015821027e+04 5.470651303034994635e+04 3.398320421647693001e+04 2.006737076728101601e+04 1.170716345895997074e+04 5.564055492680885436e+03 2.470551265291184791e+03 9.284529326617586094e+02 2.788040328324156008e+02 6.193784332598443143e+01
4.267334181417338550e+04 2.750523388046662876e+04 1.708600910943269264e+04 1.008943351980576335e+04 5.564055492680885436e+03 4.928450349850746534e+03 1.242138944732557547e+03 4.668057539273115708e+02 1.401765476373633419e+02 3.114098801705335617e+01
1.894781221213384924e+04 1.221287071182237378e+04 7.586527754730755078e+03 4.479909084518725649e+03 2.470551265291184791e+03 1.242138944732557547e+03 1.809737571247398364e+03 2.072710359426439197e+02 6.224117419123305694e+01 1.382721783583067854e+01
7.120739432948580543e+03 4.589694530088585452e+03 2.851077830910505782e+03 1.683585678230899248e+03 9.284529326617584957e+02 4.668057539273116276e+02 2.072710359426439197e+02 5.553000784445956697e+02 2.339073125987153645e+01 5.196379095868249642e+00
2.138278420816973721e+03 1.378233941045401480e+03 8.561467891518086617e+02 5.055619517124992512e+02 2.788040328324156008e+02 1.401765476373633419e+02 6.224117419123305694e+01 2.339073125987153645e+01 1.343631696171495662e+02 1.560414531623787404e+00
4.750302657763302818e+02 3.061822206794817021e+02 1.901976996236762432e+02 1.123133573020073754e+02 6.193784332598443143e+01 3.114098801705335262e+01 1.382721783583067676e+01 5.196379095868249642e+00 1.560414531623787404e+00 2.372678570110140583e+01
