1.281086968553190120e+06 6.561189986009744462e+05 4.048840061866511824e+05 2.378563535318581271e+05 1.297907707099609397e+05 6.354623821162906097e+04 2.656063349003248732e+04 8.831454058598323172e+03 2.110615039836356573e+03 3.135805538113289685e+02
6.561189986009745626e+05 5.570857539332977030e+05 2.580305442313596432e+05 1.515846598356828617e+05 8.271500649758930376e+04 4.049769854836728337e+04 1.692695836299180155e+04 5.628241329058223528e+03 1.345084367547989586e+03 1.998433124646751082e+02
4.048840061866511824e+05 2.580305442313596432e+05 2.323544410114872735e+05 9.354126992447812518e+04 5.104254452913063142e+04 2.499069599350863064e+04 1.044544469703849973e+04 3.473127438701469146e+03 8.300371556883904987e+02 1.233211675516755719e+02
2.378563535318581853e+05 1.515846598356828908e+05 9.354126992447812518e+04 9.097170932247728342e+04 2.998585602586043751e+04 1.468123148954150383e+04 6.136363374923984338e+03 2.040350854313913942e+03 4.876201779553152278e+02 7.244722631402362367e+01
1.297907707099609543e+05 8.271500649758930376e+04 5.104254452913062414e+04 2.998585602586043751e+04 3.254838581990625244e+04 8.011088716802856652e+03 3.348421515598012320e+03 1.113355628167656505e+03 2.660790757564182059e+02 3.953218486483132921e+01
6.354623821162906097e+04 4.049769854836727609e+04 2.499069599350863064e+04 1.468123148954150383e+04 8.011088716802854833e+03 1.032718329412665480e+04 1.639404636394575618e+03 5.451047218133982142e+02 1.302737031197072497e+02 1.935516387417469986e+01
2.656063349003248004e+04 1.692695836299180519e+04 1.044544469703849973e+04 6.136363374923985248e+03 3.348421515598012320e+03 1.639404636394575618e+03 2.807077162775286524e+03 2.278392417432229990e+02 5.445093493069480672e+01 8.089942509097150847e+00
8.831454058598323172e+03 5.628241329058223528e+03 3.473127438701469146e+03 2.040350854313913942e+03 1.113355628167656505e+03 5.451047218133982142e+02 2.278392417432229422e+02 6.237692367805690310e+02 1.810502488461429138e+01 2.689919110272913638e+00
2.110615039836357028e+03 1.345084367547989359e+03 8.300371556883903850e+02 4.876201779553152278e+02 2.660790757564182059e+02 1.302737031197072213e+02 5.445093493069480672e+01 1.810502488461429138e+01 1.039592105413249215e+02 6.428594535412578415e-01
3.135805538113289685e+02 1.998433124646751651e+02 1.233211675516755719e+02 7.244722631402363788e+01 3.953218486483132210e+01 1.935516387417470341e+01 8.089942509097150847e+00 2.689919110272913194e+00 6.428594535412578415e-01 1.111758513007975147e+01
