3.801573663779241615e+05 1.316777018737914274e+06 8.064738528741657501e+05 4.874283408302683965e+05 2.842078334148784634e+05 1.537403070345183660e+05 7.227679788066488982e+04 2.651609378208846101e+04 6.373425392786997691e+03 7.561953429711822992e+02
1.316777018737914274e+06 2.052525369131549378e+05 4.941300481504001073e+05 2.986494709852799424e+05 1.741353794788520318e+05 9.419735686021934089e+04 4.428430939161786955e+04 1.624652634503732770e+04 3.905025544222085500e+03 4.633241857771184868e+02
8.064738528741657501e+05 4.941300481503999908e+05 1.078916216410928755e+05 1.829109910766664834e+05 1.066510338588818267e+05 5.769215610281252884e+04 2.712238830774890448e+04 9.950354927869331732e+03 2.391673724105026849e+03 2.837677419306708089e+02
4.874283408302683965e+05 2.986494709852799424e+05 1.829109910766664834e+05 5.430062139306532481e+04 6.445929560691997904e+04 3.486882039373747830e+04 1.639262163935657372e+04 6.013939541720508714e+03 1.445514384617943961e+03 1.715076553783823670e+02
2.842078334148784634e+05 1.741353794788520318e+05 1.066510338588817976e+05 6.445929560691997904e+04 2.548709193743488868e+04 2.033117705252083397e+04 9.558146479902168721e+03 3.506584628479021831e+03 8.428449415200594785e+02 1.000020209455346105e+02
1.537403070345183660e+05 9.419735686021935544e+04 5.769215610281252157e+04 3.486882039373747830e+04 2.033117705252083761e+04 1.069460118985381632e+04 5.170414751925456585e+03 1.896863260056310992e+03 4.559312758372445273e+02 5.409541749609624617e+01
7.227679788066488982e+04 4.428430939161786955e+04 2.712238830774890812e+04 1.639262163935657372e+04 9.558146479902168721e+03 5.170414751925457495e+03 3.748458095963429969e+03 8.917583495105616294e+02 2.143436116838469161e+02 2.543148008516516256e+01
2.651609378208846101e+04 1.624652634503733134e+04 9.950354927869331732e+03 6.013939541720508714e+03 3.506584628479021831e+03 1.896863260056310992e+03 8.917583495105615157e+02 9.836034655052144444e+02 7.863595891982468800e+01 9.330013652084488740e+00
6.373425392786997691e+03 3.905025544222085500e+03 2.391673724105026395e+03 1.445514384617944188e+03 8.428449415200594785e+02 4.559312758372445273e+02 2.143436116838468593e+02 7.863595891982468800e+01 1.620349517037504086e+02 2.242568095207616352e+00
7.561953429711822992e+02 4.633241857771185437e+02 2.837677419306708089e+02 1.715076553783823670e+02 1.000020209455345963e+02 5.409541749609625327e+01 2.543148008516516612e+01 9.330013652084488740e+00 2.242568095207616796e+00 1.261761857409351961e+01
