3.648453365688932245e+05 1.164033249399272259e+06 7.263575031418729341e+05 4.406932507518431521e+05 2.536335093802504707e+05 1.332159854794921994e+05 6.012794410620479903e+04 2.125319043960592899e+04 5.098884056607651473e+03 6.661341453595584881e+02
1.164033249399272259e+06 2.008495058226207038e+05 4.589922574277578387e+05 2.784782825548328692e+05 1.602734418329909968e+05 8.418045609250434791e+04 3.799542330108822352e+04 1.343009443038877180e+04 3.222033631347551363e+03 4.209365413116333343e+02
7.263575031418729341e+05 4.589922574277578387e+05 1.067243579854028649e+05 1.737706290607714909e+05 1.000107317293941305e+05 5.252865923911619029e+04 2.370916880083944125e+04 8.380387641376308238e+03 2.010551077224420624e+03 2.626646749876636591e+02
4.406932507518432103e+05 2.784782825548328692e+05 1.737706290607714909e+05 5.377259679418250744e+04 6.067818434483579040e+04 3.187001648305471463e+04 1.438474941921995378e+04 5.084521404768004686e+03 1.219834979596250605e+03 1.593630532861454583e+02
2.536335093802504707e+05 1.602734418329909968e+05 1.000107317293941305e+05 6.067818434483579040e+04 2.501188165100389597e+04 1.834224624682384092e+04 8.278898010187003820e+03 2.926309865672287742e+03 7.020552872365249186e+02 9.171869639836518218e+01
1.332159854794921994e+05 8.418045609250433336e+04 5.252865923911619757e+04 3.187001648305471463e+04 1.834224624682384092e+04 1.031440372709139774e+04 4.348327473787445342e+03 1.536986392399178158e+03 3.687406572531700704e+02 4.817343164733252081e+01
6.012794410620479175e+04 3.799542330108823080e+04 2.370916880083944125e+04 1.438474941921995378e+04 8.278898010187003820e+03 4.348327473787444433e+03 3.545837466365716409e+03 6.937292965370286311e+02 1.664336119212736378e+02 2.174340710740601423e+01
2.125319043960592899e+04 1.343009443038877180e+04 8.380387641376306419e+03 5.084521404768004686e+03 2.926309865672287742e+03 1.536986392399178158e+03 6.937292965370284037e+02 9.249979110287679305e+02 5.882864119661921620e+01 7.685557504566230769e+00
5.098884056607651473e+03 3.222033631347551363e+03 2.010551077224420851e+03 1.219834979596250605e+03 7.020552872365249186e+02 3.687406572531700704e+02 1.664336119212736946e+02 5.882864119661921620e+01 1.585671646630805185e+02 1.843853361100389110e+00
6.661341453595584881e+02 4.209365413116333343e+02 2.626646749876636591e+02 1.593630532861454583e+02 9.171869639836516797e+01 4.817343164733252792e+01 2.174340710740601423e+01 7.685557504566230769e+00 1.843853361100388888e+00 1.432107349084074066e+01
