1.818621602690573316e+06 9.717678451654225355e+05 6.091849863967134152e+05 3.678683287672840524e+05 2.091885371196142514e+05 1.083494550028365338e+05 4.868457629088337853e+04 1.767053061650247037e+04 4.666857008649514682e+03 7.693544239343327718e+02
9.717678451654225355e+05 7.912052580572608858e+05 3.903857969723295537e+05 2.357421373040422332e+05 1.340549022127983626e+05 6.943389822029286006e+04 3.119867944874095701e+04 1.132385782921271675e+04 2.990675629505914003e+03 4.930276461971129720e+02
6.091849863967134152e+05 3.903857969723295537e+05 3.349313296576552675e+05 1.477827975284040731e+05 8.403677296712237876e+04 4.352694787467428978e+04 1.955792961264463520e+04 7.098736814524849251e+03 1.874804462548776883e+03 3.090707738849546899e+02
3.678683287672840524e+05 2.357421373040422332e+05 1.477827975284040731e+05 1.348683154651997611e+05 5.074725726460838632e+04 2.628460308207539856e+04 1.181044024625123893e+04 4.286711765114731861e+03 1.132137527687083320e+03 1.866384622056779108e+02
2.091885371196142514e+05 1.340549022127983626e+05 8.403677296712237876e+04 5.074725726460838632e+04 5.014425611524107080e+04 1.494675468783670112e+04 6.716013651218222549e+03 2.437641115240089221e+03 6.437906574580330243e+02 1.061320690745269104e+02
1.083494550028365193e+05 6.943389822029286006e+04 4.352694787467428250e+04 2.628460308207539856e+04 1.494675468783670112e+04 1.659276445240920293e+04 3.478567367603983257e+03 1.262579154505717042e+03 3.334521471968135984e+02 5.497123313201932859e+01
4.868457629088338581e+04 3.119867944874095701e+04 1.955792961264463520e+04 1.181044024625123893e+04 6.716013651218222549e+03 3.478567367603982802e+03 4.684230862912906559e+03 5.673137088617880863e+02 1.498297937828773172e+02 2.470018140054020606e+01
1.767053061650247400e+04 1.132385782921271675e+04 7.098736814524849251e+03 4.286711765114730952e+03 2.437641115240088766e+03 1.262579154505716815e+03 5.673137088617880863e+02 1.074423521533460871e+03 5.438215057035153421e+01 8.965166073616270381e+00
4.666857008649514682e+03 2.990675629505914003e+03 1.874804462548776883e+03 1.132137527687083093e+03 6.437906574580330243e+02 3.334521471968135984e+02 1.498297937828773172e+02 5.438215057035152711e+01 1.860288950073721139e+02 2.367735810111409211e+00
7.693544239343327718e+02 4.930276461971129152e+02 3.090707738849546899e+02 1.866384622056779108e+02 1.061320690745269246e+02 5.497123313201932149e+01 2.470018140054020606e+01 8.965166073616270381e+00 2.367735810111409211e+00 2.105337695134067744e+01
