1.648513943662020611e+05 4.277273072877267259e+05 2.565436868394038465e+05 1.449264160411345074e+05 7.540936232918585301e+04 3.507056167273409665e+04 1.399767479196066051e+04 4.536529241661995002e+03 1.107539248782121149e+03 1.837493738596404000e+02
4.277273072877267259e+05 8.972361345933174016e+04 1.607083315509720123e+05 9.078719810483127367e+04 4.723917767203762196e+04 2.196948021764720761e+04 8.768654528681927331e+03 2.841847540438932811e+03 6.938030204205090286e+02 1.151073162638548553e+02
2.565436868394038174e+05 1.607083315509720123e+05 4.620717081691206113e+04 5.445264336131168966e+04 2.833326887659744170e+04 1.317692688063333844e+04 5.259292364739896584e+03 1.704492635933733709e+03 4.161314504974064334e+02 6.903944357392666120e+01
1.449264160411345074e+05 9.078719810483127367e+04 5.445264336131168238e+04 2.213892143092048718e+04 1.600600335796059335e+04 7.443897024999634596e+03 2.971074450221804454e+03 9.629003618748974986e+02 2.350805839955864087e+02 3.900169692699103052e+01
7.540936232918585301e+04 4.723917767203762196e+04 2.833326887659744170e+04 1.600600335796059517e+04 9.645704436551388426e+03 3.873272680254653096e+03 1.545935074114931467e+03 5.010246182788299620e+02 1.223191562954834097e+02 2.029369921205937999e+01
3.507056167273409665e+04 2.196948021764720761e+04 1.317692688063333844e+04 7.443897024999634596e+03 3.873272680254653096e+03 3.706668655127230977e+03 7.189665803314558161e+02 2.330110510443229259e+02 5.688685571814284714e+01 9.437971729260841158e+00
1.399767479196066051e+04 8.768654528681927331e+03 5.259292364739896584e+03 2.971074450221804000e+03 1.545935074114931467e+03 7.189665803314557024e+02 1.205746884399578903e+03 9.300144508341723792e+01 2.270518829183248144e+01 3.766967298519818375e+00
4.536529241661995002e+03 2.841847540438931901e+03 1.704492635933733709e+03 9.629003618748974986e+02 5.010246182788299620e+02 2.330110510443229543e+02 9.300144508341723792e+01 3.139846700092527954e+02 7.358561486404699536e+00 1.220842572506000590e+00
1.107539248782121149e+03 6.938030204205090286e+02 4.161314504974064334e+02 2.350805839955864087e+02 1.223191562954834097e+02 5.688685571814284714e+01 2.270518829183248499e+01 7.358561486404699536e+00 6.069458368979825735e+01 2.980540835529066346e-01
1.837493738596404000e+02 1.151073162638548553e+02 6.903944357392664699e+01 3.900169692699102342e+01 2.029369921205937644e+01 9.437971729260841158e+00 3.766967298519818375e+00 1.220842572506000590e+00 2.980540835529066346e-01 7.852915011625936081e+00
