1.481544808693441562e+06 7.677437546416983241e+05 4.731135464568563621e+05 2.781165802436464000e+05 1.520370577801802719e+05 7.451872162505907181e+04 3.106568968254498395e+04 1.020462962920766222e+04 2.361487008842479554e+03 3.287104029019346285e+02
7.677437546416984405e+05 6.371915294030103832e+05 3.003919727137777954e+05 1.765833779426924302e+05 9.653224274429377692e+04 4.731385512146107794e+04 1.972440628119855319e+04 6.479182107736779471e+03 1.499368907182282555e+03 2.087066986746219186e+02
4.731135464568563621e+05 3.003919727137777954e+05 2.636350493263313547e+05 1.088175418929824227e+05 5.948692052011705528e+04 2.915663677851371176e+04 1.215494590614921617e+04 3.992723882933774348e+03 9.239694062444186784e+02 1.286131808722236656e+02
2.781165802436464583e+05 1.765833779426924011e+05 1.088175418929824227e+05 1.025307435975388216e+05 3.496898160744007328e+04 1.713953061157132470e+04 7.145202274974389184e+03 2.347095576727344906e+03 5.431491307718953294e+02 7.560438356990114528e+01
1.520370577801802719e+05 9.653224274429377692e+04 5.948692052011705528e+04 3.496898160744008055e+04 3.638896774040895980e+04 9.369609692574837027e+03 3.906043753952615134e+03 1.283078863913410942e+03 2.969215129356094280e+02 4.133039469700787549e+01
7.451872162505907181e+04 4.731385512146108522e+04 2.915663677851371176e+04 1.713953061157132470e+04 9.369609692574838846e+03 1.138882517815687243e+04 1.914489739580058313e+03 6.288821822716487304e+02 1.455317005603383791e+02 2.025748341916180806e+01
3.106568968254498395e+04 1.972440628119855319e+04 1.215494590614921617e+04 7.145202274974387365e+03 3.906043753952615134e+03 1.914489739580058313e+03 3.024969630095977664e+03 2.621711469988900944e+02 6.066989006236788384e+01 8.445028040273795611e+00
1.020462962920766222e+04 6.479182107736779471e+03 3.992723882933774348e+03 2.347095576727344906e+03 1.283078863913410942e+03 6.288821822716487304e+02 2.621711469988900376e+02 6.485396584828962432e+02 1.992918116603331313e+01 2.774069535874136072e+00
2.361487008842479554e+03 1.499368907182282328e+03 9.239694062444186784e+02 5.431491307718953294e+02 2.969215129356094280e+02 1.455317005603383791e+02 6.066989006236788384e+01 1.992918116603331313e+01 1.024409983398727064e+02 6.419565832984674980e-01
3.287104029019346285e+02 2.087066986746219186e+02 1.286131808722236656e+02 7.560438356990114528e+01 4.133039469700787549e+01 2.025748341916180806e+01 8.445028040273795611e+00 2.774069535874136072e+00 6.419565832984673870e-01 1.008941965202851243e+01
