1.080320921372290002e+06 5.621510973878228106e+05 3.579785598425214994e+05 2.183597936489646963e+05 1.252269851292912499e+05 6.579591044778005744e+04 3.057358524028667307e+04 1.196272181986014948e+04 3.682787339227527809e+03 8.116263282296005173e+02
5.621510973878228106e+05 4.966618990431195125e+05 2.347727416080121475e+05 1.432066977264762099e+05 8.212749566634045914e+04 4.315086995493784343e+04 2.005104560118339941e+04 7.845500579638215640e+03 2.415278950700504538e+03 5.322881301146406940e+02
3.579785598425214994e+05 2.347727416080121766e+05 2.198393361857517448e+05 9.119421388687612489e+04 5.229889750055361219e+04 2.747853086865678415e+04 1.276853227006409361e+04 4.996025111029860454e+03 1.538052819619831098e+03 3.389617829176816599e+02
2.183597936489646963e+05 1.432066977264761808e+05 9.119421388687612489e+04 9.214013996182981646e+04 3.190128613097111520e+04 1.676135669380913532e+04 7.788550445361508537e+03 3.047475839864371665e+03 9.381815951802759628e+02 2.067599383755004112e+02
1.252269851292912499e+05 8.212749566634045914e+04 5.229889750055361219e+04 3.190128613097110792e+04 3.585895373457789537e+04 9.612457176144318510e+03 4.466649626753046505e+03 1.747694505949536506e+03 5.380370200252392578e+02 1.185745933150396496e+02
6.579591044778005744e+04 4.315086995493783616e+04 2.747853086865678415e+04 1.676135669380913896e+04 9.612457176144320329e+03 1.267474713214952862e+04 2.346836654575914508e+03 9.182617555218606640e+02 2.826917501097828449e+02 6.230065600543971271e+01
3.057358524028667307e+04 2.005104560118340305e+04 1.276853227006409179e+04 7.788550445361508537e+03 4.466649626753047414e+03 2.346836654575914508e+03 3.972006743472324160e+03 4.266914746566914687e+02 1.313592328138211087e+02 2.894943475886433859e+01
1.196272181986014948e+04 7.845500579638215640e+03 4.996025111029860454e+03 3.047475839864372119e+03 1.747694505949536506e+03 9.182617555218606640e+02 4.266914746566914687e+02 1.069260963649919177e+03 5.139776536745000612e+01 1.132723009554495519e+01
3.682787339227527809e+03 2.415278950700504538e+03 1.538052819619831098e+03 9.381815951802759628e+02 5.380370200252393715e+02 2.826917501097828449e+02 1.313592328138211371e+02 5.139776536745000612e+01 2.344581095276422786e+02 3.487147842486373328e+00
8.116263282296007446e+02 5.322881301146406940e+02 3.389617829176816599e+02 2.067599383755004112e+02 1.185745933150396496e+02 6.230065600543971271e+01 2.894943475886433859e+01 1.132723009554495519e+01 3.487147842486373328e+00 3.804911292774373521e+01
