1.909193391188747910e+03 1.509576679870561975e+02 7.787324694858585872e+01 3.780079977868010133e+01 1.711796391233781023e+01 7.165263859265976087e+00 2.741502729112706760e+00 9.466600225078704023e-01 2.907106924308042184e-01 7.805386328151303621e-02
1.509576679870561975e+02 9.526327680893946308e+02 4.238519764608946616e+01 2.057438764377483409e+01 9.317041630511345929e+00 3.899941722757269691e+00 1.492157314275770696e+00 5.152523328600752128e-01 1.582293103130320011e-01 4.248350430812302542e-02
7.787324694858584451e+01 4.238519764608946616e+01 4.494697082957501948e+02 1.061353418586852193e+01 4.806302941731167344e+00 2.011829732871939669e+00 7.697464896629112596e-01 2.657988341545395317e-01 8.162440716537626428e-02 2.191560366785373637e-02
3.780079977868010133e+01 2.057438764377483054e+01 1.061353418586852371e+01 1.990783245861181001e+02 2.333048926237951459e+00 9.765712346795714094e-01 3.736460732823976283e-01 1.290225963984259483e-01 3.962166717343845040e-02 1.063815082507600825e-02
1.711796391233781023e+01 9.317041630511345929e+00 4.806302941731167344e+00 2.333048926237951459e+00 8.206057818217210809e+01 4.422369698775667213e-01 1.692043564126448074e-01 5.842744497353331151e-02 1.794253753340193172e-02 4.817450503265948911e-03
7.165263859265975199e+00 3.899941722757269691e+00 2.011829732871939669e+00 9.765712346795714094e-01 4.422369698775666658e-01 3.118901582223293545e+01 7.082582169483646328e-02 2.445665045224030415e-02 7.510415163274533103e-03 2.016495896452676073e-03
2.741502729112706316e+00 1.492157314275770696e+00 7.697464896629112596e-01 3.736460732823976838e-01 1.692043564126448074e-01 7.082582169483644940e-02 1.080802912059697007e+01 9.357362865718784131e-03 2.873561123678681616e-03 7.715318112424554781e-04
9.466600225078704023e-01 5.152523328600753239e-01 2.657988341545395872e-01 1.290225963984259483e-01 5.842744497353331151e-02 2.445665045224030762e-02 9.357362865718784131e-03 3.371445582187401868e+00 9.922607076520504731e-04 2.664153181538905378e-04
2.907106924308042184e-01 1.582293103130320011e-01 8.162440716537627816e-02 3.962166717343845040e-02 1.794253753340192825e-02 7.510415163274531368e-03 2.873561123678681616e-03 9.922607076520504731e-04 9.328181274389395483e-01 8.181372380077097089e-05
7.805386328151303621e-02 4.248350430812302542e-02 2.191560366785373637e-02 1.063815082507600825e-02 4.817450503265948911e-03 2.016495896452676073e-03 7.715318112424555865e-04 2.664153181538905378e-04 8.181372380077097089e-05 2.250432965957593345e-01
