7.896419009832703159e+04 1.068944826416279247e+05 6.082202062376120011e+04 3.219010089990629785e+04 1.553520553793015097e+04 6.661171693324020453e+03 2.455506898852306222e+03 7.454186509970669476e+02 1.763484923863530867e+02 3.024276049927455290e+01
1.068944826416279247e+05 4.168036309764209000e+04 3.661602568642446568e+04 1.937905957927176496e+04 9.352492389878078029e+03 4.010153416855569958e+03 1.478262358920105271e+03 4.487563581763920411e+02 1.061651826223333757e+02 1.820672322151045108e+01
6.082202062376120011e+04 3.661602568642446568e+04 2.062763681755241487e+04 1.102651448673136292e+04 5.321485926713413392e+03 2.281742030055456780e+03 8.411182828116757264e+02 2.553384215680677016e+02 6.040705532603715255e+01 1.035946540835380425e+01
3.219010089990629785e+04 1.937905957927176496e+04 1.102651448673136292e+04 9.417313287655148088e+03 2.816400493794430986e+03 1.207613713286398934e+03 4.451624940241817967e+02 1.351380547638015628e+02 3.197048019893802007e+01 5.482754984856933689e+00
1.553520553793015097e+04 9.352492389878078029e+03 5.321485926713413392e+03 2.816400493794430986e+03 3.887062399402964729e+03 5.828042386279649918e+02 2.148390545263373212e+02 6.521872867934470719e+01 1.542921479436164489e+01 2.646022324338583864e+00
6.661171693324020453e+03 4.010153416855569958e+03 2.281742030055457235e+03 1.207613713286398934e+03 5.828042386279649918e+02 1.412913820010666996e+03 9.211849982526881320e+01 2.796442881252747981e+01 6.615725076020560813e+00 1.134559112446475337e+00
2.455506898852306222e+03 1.478262358920105726e+03 8.411182828116757264e+02 4.451624940241817967e+02 2.148390545263373212e+02 9.211849982526881320e+01 4.375223566620335873e+02 1.030852394038197772e+01 2.438753917927045656e+00 4.182323855366437693e-01
7.454186509970669476e+02 4.487563581763920979e+02 2.553384215680677016e+02 1.351380547638015628e+02 6.521872867934470719e+01 2.796442881252747981e+01 1.030852394038198128e+01 1.105234966376047510e+02 7.403329457004033110e-01 1.269628771052220551e-01
1.763484923863530867e+02 1.061651826223333757e+02 6.040705532603715255e+01 3.197048019893802007e+01 1.542921479436164844e+01 6.615725076020560813e+00 2.438753917927045656e+00 7.403329457004033110e-01 2.154690613511937514e+01 3.003642575429445183e-02
3.024276049927455290e+01 1.820672322151044753e+01 1.035946540835380425e+01 5.482754984856933689e+00 2.646022324338583864e+00 1.134559112446475337e+00 4.182323855366437693e-01 1.269628771052220273e-01 3.003642575429444836e-02 3.014489803623415121e+00
