3.251827995410650619e+05 9.520399150198345305e+05 6.060761883205383783e+05 3.755913262773223687e+05 2.219718558706786134e+05 1.213163978012982552e+05 5.851546765878337465e+04 2.322865684253672589e+04 6.833010967198917569e+03 1.272748857232409364e+03
9.520399150198344141e+05 1.841330459768603323e+05 3.911875005962111172e+05 2.424227102192901366e+05 1.432701319967211748e+05 7.830279319953497907e+04 3.776838618769770255e+04 1.499276887550853462e+04 4.410317602498133056e+03 8.214865621549748766e+02
6.060761883205383783e+05 3.911875005962111172e+05 1.008384278991345782e+05 1.543282270565102517e+05 9.120690648662995955e+04 4.984818145596009708e+04 2.404365529063032591e+04 9.544516011442341551e+03 2.807643292717779786e+03 5.229648846572334833e+02
3.755913262773224269e+05 2.424227102192901657e+05 1.543282270565103099e+05 5.261732484182475309e+04 5.652180968846717587e+04 3.089140432564692674e+04 1.490008773350216688e+04 5.914829680648728754e+03 1.739923937529429850e+03 3.240864406324359948e+02
2.219718558706786134e+05 1.432701319967211748e+05 9.120690648662994499e+04 5.652180968846717587e+04 2.558581966357372585e+04 1.825660463615816479e+04 8.805847993410132403e+03 3.495623113519817707e+03 1.028282919403895903e+03 1.915328274556265171e+02
1.213163978012982407e+05 7.830279319953499362e+04 4.984818145596009708e+04 3.089140432564693037e+04 1.825660463615816479e+04 1.122667519611458738e+04 4.812744183067506128e+03 1.910496276835433491e+03 5.619972821030140722e+02 1.046802649663460301e+02
5.851546765878337465e+04 3.776838618769769528e+04 2.404365529063032591e+04 1.490008773350216870e+04 8.805847993410130584e+03 4.812744183067507038e+03 4.236820262434730466e+03 9.215043071299757003e+02 2.710724550121050811e+02 5.049123424505062729e+01
2.322865684253672225e+04 1.499276887550853462e+04 9.544516011442341551e+03 5.914829680648728754e+03 3.495623113519817707e+03 1.910496276835433719e+03 9.215043071299757003e+02 1.281161137912151162e+03 1.076065746181388363e+02 2.004330821849583444e+01
6.833010967198917569e+03 4.410317602498133056e+03 2.807643292717779786e+03 1.739923937529429850e+03 1.028282919403895903e+03 5.619972821030140722e+02 2.710724550121050811e+02 1.076065746181388363e+02 2.792668682853030191e+02 5.895999316892647002e+00
1.272748857232409364e+03 8.214865621549746493e+02 5.229648846572334833e+02 3.240864406324360516e+02 1.915328274556265171e+02 1.046802649663460443e+02 5.049123424505062729e+01 2.004330821849583089e+01 5.895999316892646114e+00 3.747279646805689168e+01
