3.165617390928558889e+05 1.349932949813096493e+05 7.643275728995019745e+04 4.012619176081674959e+04 1.910390922629935812e+04 8.011010490369559193e+03 2.849407418701561710e+03 8.184261309700160609e+02 1.778952104260580427e+02 2.687320014949124314e+01
1.349932949813096493e+05 1.289640047071865702e+05 4.587411358013742574e+04 2.408330594945204939e+04 1.146595952763204514e+04 4.808121781251063112e+03 1.710183489334731576e+03 4.912105047662267907e+02 1.067707796735531502e+02 1.612900384115307517e+01
7.643275728995018289e+04 4.587411358013742574e+04 4.942533626608744817e+04 1.363588820192100138e+04 6.491988374631713668e+03 2.722342655446457684e+03 9.683002372799293198e+02 2.781217637088503238e+02 6.045326243482926998e+01 9.132188647519203784e+00
4.012619176081674959e+04 2.408330594945204939e+04 1.363588820192099956e+04 1.769842119683687997e+04 3.408208465399913166e+03 1.429194069457687419e+03 5.083448822308490094e+02 1.460102660054796502e+02 3.173716724394412836e+01 4.794278864966329046e+00
1.910390922629935812e+04 1.146595952763204514e+04 6.491988374631712759e+03 3.408208465399913166e+03 5.877900077651755964e+03 6.804332175959599454e+02 2.420208362577567698e+02 6.951486661139682610e+01 1.510993033533389607e+01 2.282535775830075941e+00
8.011010490369558283e+03 4.808121781251063112e+03 2.722342655446457684e+03 1.429194069457686965e+03 6.804332175959599454e+02 1.783793716894205318e+03 1.014887285728836019e+02 2.915028118401582446e+01 6.336180149897047365e+00 9.571558275437139773e-01
2.849407418701561710e+03 1.710183489334731348e+03 9.683002372799290924e+02 5.083448822308490094e+02 2.420208362577567698e+02 1.014887285728836019e+02 4.791769069301331001e+02 1.036835834415934521e+01 2.253693057455146143e+00 3.404473030131653921e-01
8.184261309700159472e+02 4.912105047662267907e+02 2.781217637088503238e+02 1.460102660054796502e+02 6.951486661139682610e+01 2.915028118401582446e+01 1.036835834415934166e+01 1.076759549862020577e+02 6.473210104322350000e-01 9.778558417988894580e-02
1.778952104260580427e+02 1.067707796735531502e+02 6.045326243482926998e+01 3.173716724394412836e+01 1.510993033533389607e+01 6.336180149897047365e+00 2.253693057455145698e+00 6.473210104322350000e-01 1.866156974784274425e+01 2.125492627379668362e-02
2.687320014949124314e+01 1.612900384115307517e+01 9.132188647519202007e+00 4.794278864966329046e+00 2.282535775830075941e+00 9.571558275437139773e-01 3.404473030131653921e-01 9.778558417988894580e-02 2.125492627379668362e-02 2.254881823950912079e+00
