3.721269801028076326e+05 1.227327980783768464e+06 7.742315170129322214e+05 4.795548667267655255e+05 2.857155431663256604e+05 1.583601199287968338e+05 7.746290267428875086e+04 3.079046691021872903e+04 8.740684318688334315e+03 1.450212979632140332e+03
1.227327980783768464e+06 2.075093518159404339e+05 4.911255428547631600e+05 3.042005383073189878e+05 1.812406213854264061e+05 1.004540607784074964e+05 4.913776989316268737e+04 1.953160578424270352e+04 5.544560298319939648e+03 9.199272068188895446e+02
7.742315170129322214e+05 4.911255428547631600e+05 1.124550692688959389e+05 1.918978854368029279e+05 1.143314610573742539e+05 6.336912470365828631e+04 3.099742751951352329e+04 1.232106251368597805e+04 3.497657837309770457e+03 5.803148368067237470e+02
4.795548667267654091e+05 3.042005383073189878e+05 1.918978854368029570e+05 5.832195916137438326e+04 7.081629637292286498e+04 3.925049740818937426e+04 1.919964105871523498e+04 7.631600318311674528e+03 2.166430584611420727e+03 3.594439106510367310e+02
2.857155431663256604e+05 1.812406213854264352e+05 1.143314610573742539e+05 7.081629637292286498e+04 2.828842459037805384e+04 2.338518064277914164e+04 1.143901616749694040e+04 4.546855806213895448e+03 1.290744676285536343e+03 2.141542486482647689e+02
1.583601199287968338e+05 1.004540607784074818e+05 6.336912470365828631e+04 3.925049740818937426e+04 2.338518064277914164e+04 1.238451644928378118e+04 6.340165998941574799e+03 2.520131116394378751e+03 7.154055375105837129e+02 1.186967013532696456e+02
7.746290267428875086e+04 4.913776989316268737e+04 3.099742751951352329e+04 1.919964105871523861e+04 1.143901616749694040e+04 6.340165998941574799e+03 4.634730902779748249e+03 1.232738845382785257e+03 3.499453621893364925e+02 5.806127848868511165e+01
3.079046691021872903e+04 1.953160578424270716e+04 1.232106251368597987e+04 7.631600318311674528e+03 4.546855806213895448e+03 2.520131116394378296e+03 1.232738845382785257e+03 1.363389971572909872e+03 1.390985971721360670e+02 2.307858100267436186e+01
8.740684318688334315e+03 5.544560298319939648e+03 3.497657837309770457e+03 2.166430584611420727e+03 1.290744676285536343e+03 7.154055375105837129e+02 3.499453621893364925e+02 1.390985971721360670e+02 2.768172790203552154e+02 6.551462556766446177e+00
1.450212979632140105e+03 9.199272068188894309e+02 5.803148368067237470e+02 3.594439106510367310e+02 2.141542486482647689e+02 1.186967013532696456e+02 5.806127848868511165e+01 2.307858100267436186e+01 6.551462556766446177e+00 3.172624924133728896e+01
