2.604119211801340571e+05 7.463765511357752839e+05 4.699483366194910486e+05 2.837838818966171821e+05 1.608788345681260689e+05 8.303393608825687261e+04 3.734219386804407986e+04 1.374892284953868511e+04 3.789052944440034025e+03 6.876247369893653740e+02
7.463765511357751675e+05 1.466183734900979325e+05 3.038658566819581902e+05 1.834930047956908820e+05 1.040233172005467932e+05 5.368925934418698307e+04 2.414524501080309710e+04 8.889973417465113016e+03 2.449979560003861479e+03 4.446141490445562567e+02
4.699483366194910486e+05 3.038658566819581902e+05 7.912003362831639242e+04 1.155344875905144581e+05 6.549721425954304868e+04 3.380489122379096807e+04 1.520280575914397195e+04 5.597480539510173003e+03 1.542604489950166453e+03 2.799467366211104604e+02
2.837838818966172403e+05 1.834930047956908820e+05 1.155344875905144872e+05 4.026271170494712715e+04 3.955127035812280519e+04 2.041348486854587827e+04 9.180394732503003979e+03 3.380105072335065415e+03 9.315200337514147577e+02 1.690491601993972779e+02
1.608788345681260689e+05 1.040233172005467786e+05 6.549721425954303413e+04 3.955127035812280519e+04 1.889578402355514481e+04 1.157253059327075243e+04 5.204422448412678932e+03 1.916202432360760440e+03 5.280844578106938343e+02 9.583501253079330695e+01
8.303393608825687261e+04 5.368925934418698307e+04 3.380489122379096807e+04 2.041348486854587827e+04 1.157253059327075243e+04 7.924517975159316848e+03 2.686143780925956889e+03 9.890041205726708995e+02 2.725587317732997121e+02 4.946305290475898175e+01
3.734219386804407259e+04 2.414524501080309710e+04 1.520280575914397195e+04 9.180394732503003979e+03 5.204422448412678023e+03 2.686143780925956889e+03 2.840123445997535327e+03 4.447769833223911746e+02 1.225756778708965129e+02 2.224462668988242697e+01
1.374892284953868511e+04 8.889973417465111197e+03 5.597480539510173003e+03 3.380105072335064506e+03 1.916202432360760440e+03 9.890041205726708995e+02 4.447769833223911746e+02 8.167550909733694198e+02 4.513081219148880763e+01 8.190189822717075074e+00
3.789052944440034025e+03 2.449979560003861025e+03 1.542604489950166453e+03 9.315200337514145303e+02 5.280844578106938343e+02 2.725587317732997121e+02 1.225756778708965129e+02 4.513081219148880763e+01 1.721970970451346545e+02 2.257126845709966467e+00
6.876247369893653740e+02 4.446141490445562567e+02 2.799467366211104604e+02 1.690491601993972779e+02 9.583501253079330695e+01 4.946305290475898175e+01 2.224462668988243053e+01 8.190189822717075074e+00 2.257126845709966911e+00 2.340141914098168385e+01
