1.507340934112654395e+04 6.298130713510673559e+03 3.023462327372476921e+03 1.318306484679039158e+03 5.113893890059125624e+02 1.719527096147954239e+02 4.854985913986746482e+01 1.106356574510887647e+01 1.937407508945794943e+00 2.450564295507308699e-01
6.298130713510672649e+03 6.926366191123257522e+03 1.571121374843282638e+03 6.850488851546991782e+02 2.657399738906201492e+02 8.935404125666910602e+01 2.522859992324264056e+01 5.749105741043054607e+00 1.006760468463287594e+00 1.273418858321029856e-01
3.023462327372476921e+03 1.571121374843282638e+03 2.924354086232449390e+03 3.288625769913908243e+02 1.275703596007739549e+02 4.289504137449612386e+01 1.211116836248670658e+01 2.759898994607465461e+00 4.833025047506357419e-01 6.113137564515838673e-02
1.318306484679039158e+03 6.850488851546990645e+02 3.288625769913908243e+02 1.115180411649301504e+03 5.562392188319089570e+01 1.870332919071538669e+01 5.280777486379733432e+00 1.203386167147022956e+00 2.107321861781188410e-01 2.665483482322691250e-02
5.113893890059125624e+02 2.657399738906201492e+02 1.275703596007739549e+02 5.562392188319089570e+01 3.761619219177393347e+02 7.255281073387916280e+00 2.048486906209366687e+00 4.668102022613586644e-01 8.174594086119937875e-02 1.033978050834074083e-02
1.719527096147953955e+02 8.935404125666912023e+01 4.289504137449612386e+01 1.870332919071538669e+01 7.255281073387916280e+00 1.093281378885937016e+02 6.887958211605702541e-01 1.569631300146966113e-01 2.748675731895473470e-02 3.476711315202671640e-03
4.854985913986746482e+01 2.522859992324264766e+01 1.211116836248670658e+01 5.280777486379733432e+00 2.048486906209366687e+00 6.887958211605703651e-01 2.651733248287225919e+01 4.431763750299475696e-02 7.760727929419906738e-03 9.816294549891146654e-04
1.106356574510887469e+01 5.749105741043054607e+00 2.759898994607465905e+00 1.203386167147022956e+00 4.668102022613586644e-01 1.569631300146966113e-01 4.431763750299475696e-02 5.158032888557912088e+00 1.768518492086281618e-03 2.236942023110699725e-04
1.937407508945794943e+00 1.006760468463287594e+00 4.833025047506357419e-01 2.107321861781188410e-01 8.174594086119937875e-02 2.748675731895473470e-02 7.760727929419906738e-03 1.768518492086282052e-03 7.659223561497761068e-01 3.917243655886475903e-05
2.450564295507308699e-01 1.273418858321029856e-01 6.113137564515838673e-02 2.665483482322691250e-02 1.033978050834073910e-02 3.476711315202671640e-03 9.816294549891144486e-04 2.236942023110699725e-04 3.917243655886475226e-05 8.158803480825350951e-02
