3.651466554504833766e+05 1.405441482834664406e+06 8.859634233082209248e+05 5.446794818512930069e+05 3.197320968530159444e+05 1.734428668449268152e+05 8.270808746902321582e+04 3.212448062763459529e+04 9.053595994832268843e+03 1.552714342774091165e+03
1.405441482834664406e+06 2.038611633808767947e+05 5.649279148881424917e+05 3.473107758959439234e+05 2.038747673391810094e+05 1.105945398434791859e+05 5.273819005280354031e+04 2.048393351281790092e+04 5.772957407769738893e+03 9.900766250652737881e+02
8.859634233082210412e+05 5.649279148881424917e+05 1.101757199536048574e+05 2.189380687298263947e+05 1.285187530068348569e+05 6.971668213556843693e+04 3.324514607610882376e+04 1.291267980878935487e+04 3.639161907534158217e+03 6.241253633065491613e+02
5.446794818512928905e+05 3.473107758959439234e+05 2.189380687298263947e+05 5.674600724290778453e+04 7.901175822196897934e+04 4.286096389871171414e+04 2.043870938959277919e+04 7.938557690452429597e+03 2.237312252425889710e+03 3.837046435017389854e+02
3.197320968530158862e+05 2.038747673391810094e+05 1.285187530068348569e+05 7.901175822196897934e+04 2.721956305271388919e+04 2.515979822463361052e+04 1.199771907671761801e+04 4.660009750559994245e+03 1.313323820004613708e+03 2.252383178122807408e+02
1.734428668449268152e+05 1.105945398434791568e+05 6.971668213556845149e+04 4.286096389871172869e+04 2.515979822463361052e+04 1.174998006820029877e+04 6.508319973964300516e+03 2.527883370539418138e+03 7.124297206296641889e+02 1.221834778215893067e+02
8.270808746902323037e+04 5.273819005280354031e+04 3.324514607610882376e+04 2.043870938959278283e+04 1.199771907671761437e+04 6.508319973964300516e+03 4.336362664454070909e+03 1.205448241979280283e+03 3.397297376435377601e+02 5.826449916774456028e+01
3.212448062763459529e+04 2.048393351281790092e+04 1.291267980878935487e+04 7.938557690452429597e+03 4.660009750559994245e+03 2.527883370539418138e+03 1.205448241979280510e+03 1.266385760839185878e+03 1.319537388607699597e+02 2.263039603586600279e+01
9.053595994832268843e+03 5.772957407769739802e+03 3.639161907534158217e+03 2.237312252425889710e+03 1.313323820004613708e+03 7.124297206296640752e+02 3.397297376435377601e+02 1.319537388607699882e+02 2.604930221846218501e+02 6.377891841636002646e+00
1.552714342774091165e+03 9.900766250652737881e+02 6.241253633065491613e+02 3.837046435017389854e+02 2.252383178122807408e+02 1.221834778215893067e+02 5.826449916774456028e+01 2.263039603586600634e+01 6.377891841636001757e+00 3.162972675235332076e+01
