2.351804881569049787e+06 1.184067672789441887e+06 7.063439364072186872e+05 4.089245399783083121e+05 2.221333354458676476e+05 1.070081733483448625e+05 4.167338970215979498e+04 1.128387279276823938e+04 1.665309911414354474e+03 9.011932767312011094e+01
1.184067672789441887e+06 9.159131553326591384e+05 4.257779754207981168e+05 2.464961525931009382e+05 1.339000407091821544e+05 6.450359527892799815e+04 2.512035650303658986e+04 6.801820281841934047e+03 1.003834316376735387e+03 5.432314614055551516e+01
7.063439364072184544e+05 4.257779754207981168e+05 3.554243043195273494e+05 1.470448579359254509e+05 7.987675367979514704e+04 3.847898599781985831e+04 1.498530185737349711e+04 4.057559059350352072e+03 5.988274984822429587e+02 3.240593909007760232e+01
4.089245399783083121e+05 2.464961525931009382e+05 1.470448579359254509e+05 1.329478060504443129e+05 4.624314455024896597e+04 2.227668538930979048e+04 8.675458728550247542e+03 2.349047519568546704e+03 3.466799199675408545e+02 1.876080907890078109e+01
2.221333354458676476e+05 1.339000407091821544e+05 7.987675367979514704e+04 4.624314455024896597e+04 4.553523605512771610e+04 1.210099650284647578e+04 4.712626402900782523e+03 1.276034352622326423e+03 1.883212168156533721e+02 1.019112498501657171e+01
1.070081733483448625e+05 6.450359527892799815e+04 3.847898599781986559e+04 2.227668538930979776e+04 1.210099650284647214e+04 1.326924272122661750e+04 2.270211006535243087e+03 6.147033489132850264e+02 9.071987945317445678e+01 4.909365209964432708e+00
4.167338970215979498e+04 2.512035650303658986e+04 1.498530185737349711e+04 8.675458728550247542e+03 4.712626402900782523e+03 2.270211006535243087e+03 2.989531521699943369e+03 2.393907998699825725e+02 3.533005724598300645e+01 1.911908998942255522e+00
1.128387279276823756e+04 6.801820281841934047e+03 4.057559059350352072e+03 2.349047519568546704e+03 1.276034352622326651e+03 6.147033489132849127e+02 2.393907998699825725e+02 4.621711416961263694e+02 9.566293372680238605e+00 5.176861803083702140e-01
1.665309911414354247e+03 1.003834316376735387e+03 5.988274984822429587e+02 3.466799199675409113e+02 1.883212168156533721e+02 9.071987945317445678e+01 3.533005724598300645e+01 9.566293372680236828e+00 4.058112006161272234e+01 7.640177649133789162e-02
9.011932767312011094e+01 5.432314614055551516e+01 3.240593909007759521e+01 1.876080907890078109e+01 1.019112498501657171e+01 4.909365209964432708e+00 1.911908998942255522e+00 5.176861803083703251e-01 7.640177649133787774e-02 1.360103853645174166e+00
