2.313038302268514817e+05 5.479881027745029423e+05 3.383084075473510893e+05 1.977218011603053601e+05 1.068661010081186541e+05 5.173088401838605932e+04 2.144867757885568426e+04 7.162643726915826846e+03 1.768523429231854152e+03 2.865437256268039050e+02
5.479881027745029423e+05 1.283869913401896483e+05 2.169140717728156014e+05 1.267737957766656036e+05 6.851961283555015689e+04 3.316842395430220495e+04 1.375230376774096476e+04 4.592490700207819827e+03 1.133928715639771781e+03 1.837239775306588854e+02
3.383084075473510893e+05 2.169140717728156014e+05 6.766545031183675746e+04 7.826564254002700909e+04 4.230157732766488334e+04 2.047700786207195415e+04 8.490184301841298293e+03 2.835240779128128452e+03 7.000473479588715691e+02 1.134246636961011632e+02
1.977218011603053310e+05 1.267737957766656036e+05 7.826564254002702364e+04 3.327237437444669922e+04 2.472283831721558454e+04 1.196763304292377143e+04 4.962024279896307235e+03 1.657035122586773468e+03 4.091374008094965689e+02 6.629019055299743002e+01
1.068661010081186541e+05 6.851961283555015689e+04 4.230157732766488334e+04 2.472283831721558090e+04 1.490291113956001755e+04 6.468352372312645457e+03 2.681910567212623846e+03 8.956062596293462548e+02 2.211335247025081685e+02 3.582899891621195110e+01
5.173088401838606660e+04 3.316842395430220495e+04 2.047700786207195779e+04 1.196763304292376961e+04 6.468352372312645457e+03 5.885501743239436109e+03 1.298237731061417207e+03 4.335378862517546850e+02 1.070445408885395864e+02 1.734381408084339071e+01
2.144867757885568426e+04 1.375230376774096476e+04 8.490184301841300112e+03 4.962024279896307235e+03 2.681910567212623391e+03 1.298237731061417207e+03 1.958964002410364401e+03 1.797536329966356732e+02 4.438284571512239296e+01 7.191098378976302108e+00
7.162643726915825937e+03 4.592490700207820737e+03 2.835240779128128452e+03 1.657035122586773468e+03 8.956062596293462548e+02 4.335378862517546850e+02 1.797536329966357016e+02 5.165181303033427866e+02 1.482135718042970751e+01 2.401419644844937196e+00
1.768523429231854379e+03 1.133928715639771781e+03 7.000473479588714554e+02 4.091374008094965120e+02 2.211335247025081685e+02 1.070445408885395722e+02 4.438284571512239296e+01 1.482135718042970751e+01 9.899408931112111532e+01 5.929328704939814676e-01
2.865437256268039050e+02 1.837239775306588854e+02 1.134246636961011632e+02 6.629019055299743002e+01 3.582899891621195820e+01 1.734381408084339427e+01 7.191098378976302108e+00 2.401419644844937196e+00 5.929328704939814676e-01 1.223429558320199639e+01
