2.246891467745503876e+06 1.226766678674882045e+06 7.700437555226602126e+05 4.695526706242676592e+05 2.724326475928602158e+05 1.457370694711992110e+05 6.856306215166539187e+04 2.644037744599136568e+04 7.522183904969971081e+03 1.348861983547254340e+03
1.226766678674882045e+06 9.612943780633865390e+05 4.907286211577478680e+05 2.992335603838349343e+05 1.736141570563840214e+05 9.287439920168007666e+04 4.369343522460343956e+04 1.684975674941362377e+04 4.793689851137673941e+03 8.595942458736946037e+02
7.700437555226604454e+05 4.907286211577478680e+05 4.047417505113359075e+05 1.878294696309172723e+05 1.089779334861031239e+05 5.829743536107736873e+04 2.742645161212156017e+04 1.057662405778500033e+04 3.009008151222535616e+03 5.395689276735502062e+02
4.695526706242676592e+05 2.992335603838349343e+05 1.878294696309172723e+05 1.640902404833719193e+05 6.645191177841802710e+04 3.554826107999515807e+04 1.672393744882456667e+04 6.449350490675696165e+03 1.834814974089033512e+03 3.290151100608882757e+02
2.724326475928602158e+05 1.736141570563840214e+05 1.089779334861031239e+05 6.645191177841802710e+04 6.217608294528466649e+04 2.062496390547584815e+04 9.703163973709892161e+03 3.741888268025720208e+03 1.064552567807856121e+03 1.908932972583790502e+02
1.457370694711992401e+05 9.287439920168007666e+04 5.829743536107736145e+04 3.554826107999515807e+04 2.062496390547585179e+04 2.116768989525859797e+04 5.190679951986988272e+03 2.001712479356388940e+03 5.694793663724721000e+02 1.021178260753347899e+02
6.856306215166539187e+04 4.369343522460343956e+04 2.742645161212155290e+04 1.672393744882456667e+04 9.703163973709892161e+03 5.190679951986988272e+03 6.170921300341984534e+03 9.417201651567354475e+02 2.679157014228491107e+02 4.804207248986700307e+01
2.644037744599136568e+04 1.684975674941362013e+04 1.057662405778499851e+04 6.449350490675696165e+03 3.741888268025719299e+03 2.001712479356388940e+03 9.417201651567353338e+02 1.458844063632499001e+03 1.033179097756443099e+02 1.852674734844682547e+01
7.522183904969971991e+03 4.793689851137674850e+03 3.009008151222536071e+03 1.834814974089033285e+03 1.064552567807855894e+03 5.694793663724721000e+02 2.679157014228491107e+02 1.033179097756443099e+02 2.605951637025623882e+02 5.270787113406372626e+00
1.348861983547254340e+03 8.595942458736943763e+02 5.395689276735500925e+02 3.290151100608882757e+02 1.908932972583791070e+02 1.021178260753347899e+02 4.804207248986701018e+01 1.852674734844682547e+01 5.270787113406373514e+00 3.085698645764902182e+01
