3.977540131391840405e+05 1.367273597571012564e+06 8.497125216694015544e+05 5.226412721141997608e+05 3.117656142717135372e+05 1.742627623997519258e+05 8.617732552494271658e+04 3.432272181868472398e+04 9.460997667255516717e+03 1.414685638662346719e+03
1.367273597571012564e+06 2.186119146132060268e+05 5.275456974924533861e+05 3.244828661511734826e+05 1.935602974427214649e+05 1.081913802523751510e+05 5.350336277588507801e+04 2.130932963786817345e+04 5.873879089766644938e+03 8.783103731535364886e+02
8.497125216694015544e+05 5.275456974924533861e+05 1.172419435050209286e+05 2.016547053388914501e+05 1.202909269419956545e+05 6.723714310029607441e+04 3.325046090471947537e+04 1.324299997735973375e+04 3.650409561197980565e+03 5.458390502870242926e+02
5.226412721141997608e+05 3.244828661511734826e+05 2.016547053388914501e+05 6.043888329419471847e+04 7.398855669120217499e+04 4.135622943889665476e+04 2.045169718281184760e+04 8.145505895543927181e+03 2.245294317958328065e+03 3.357347436179248348e+02
3.117656142717135372e+05 1.935602974427214649e+05 1.202909269419956836e+05 7.398855669120217499e+04 2.924379303841875299e+04 2.466978970647051392e+04 1.219983241909986646e+04 4.858951607103899732e+03 1.339361431268886918e+03 2.002722596954179721e+02
1.742627623997519258e+05 1.081913802523751510e+05 6.723714310029607441e+04 4.135622943889665476e+04 2.466978970647051756e+04 1.279296254814861641e+04 6.819150030809795680e+03 2.715932388498379623e+03 7.486419674915961195e+02 1.119430610976475009e+02
8.617732552494270203e+04 5.350336277588507801e+04 3.325046090471947537e+04 2.045169718281184760e+04 1.219983241909986646e+04 6.819150030809796590e+03 4.765772604642610531e+03 1.343096977944458558e+03 3.702223105252962227e+02 5.535866345525263199e+01
3.432272181868473126e+04 2.130932963786816981e+04 1.324299997735973193e+04 8.145505895543927181e+03 4.858951607103899732e+03 2.715932388498379623e+03 1.343096977944458558e+03 1.373924556158385258e+03 1.474522131874769855e+02 2.204825915001134362e+01
9.460997667255516717e+03 5.873879089766644938e+03 3.650409561197981020e+03 2.245294317958328065e+03 1.339361431268886918e+03 7.486419674915961195e+02 3.702223105252961659e+02 1.474522131874770139e+02 2.631256016621561002e+02 6.077563705094763513e+00
1.414685638662346719e+03 8.783103731535364886e+02 5.458390502870242926e+02 3.357347436179247779e+02 2.002722596954179437e+02 1.119430610976474867e+02 5.535866345525261778e+01 2.204825915001134362e+01 6.077563705094763513e+00 2.622275870167959511e+01
