2.601197847060751228e+05 7.581905073918895796e+05 4.876792710786864045e+05 3.021013028001349885e+05 1.769923824000380409e+05 9.562130246905998501e+04 4.596350082216634473e+04 1.870012616845657976e+04 6.003526950951138133e+03 1.377289807508303284e+03
7.581905073918895796e+05 1.502118369215793209e+05 3.214641843931598123e+05 1.991365117774034734e+05 1.166683007177687832e+05 6.303081929407724965e+04 3.029782108837676424e+04 1.232658667959283594e+04 3.957352730004534351e+03 9.078699278408158762e+02
4.876792710786864045e+05 3.214641843931597541e+05 8.343784761075052666e+04 1.280875294031612430e+05 7.504276471061380289e+04 4.054234880171070108e+04 1.948800355530550951e+04 7.928641612080917184e+03 2.545427403738694466e+03 5.839552728860832076e+02
3.021013028001349885e+05 1.991365117774034734e+05 1.280875294031612430e+05 4.396291140206038835e+04 4.648652983477447560e+04 2.511465448281912177e+04 1.207217860625767753e+04 4.911533260675612837e+03 1.576808735691682386e+03 3.617411261415496710e+02
1.769923824000380118e+05 1.166683007177687832e+05 7.504276471061381744e+04 4.648652983477447560e+04 2.156062835632373753e+04 1.471394690743440697e+04 7.072738953707557812e+03 2.877524740828808717e+03 9.238064587357947630e+02 2.119336233721032841e+02
9.562130246905998501e+04 6.303081929407726420e+04 4.054234880171070108e+04 2.511465448281912177e+04 1.471394690743440697e+04 9.589453946873631139e+03 3.821093888936928579e+03 1.554601728469280260e+03 4.990925350334604218e+02 1.144985384626552047e+02
4.596350082216634473e+04 3.029782108837676424e+04 1.948800355530551315e+04 1.207217860625767753e+04 7.072738953707557812e+03 3.821093888936928579e+03 3.729614337297321981e+03 7.472700745501720121e+02 2.399051210557418585e+02 5.503746059585370887e+01
1.870012616845657976e+04 1.232658667959283594e+04 7.928641612080917184e+03 4.911533260675613747e+03 2.877524740828808717e+03 1.554601728469280260e+03 7.472700745501720121e+02 1.205973026054276943e+03 9.760475055106513764e+01 2.239184219487425054e+01
6.003526950951138133e+03 3.957352730004533896e+03 2.545427403738694920e+03 1.576808735691682386e+03 9.238064587357947630e+02 4.990925350334605355e+02 2.399051210557418585e+02 9.760475055106513764e+01 3.020904724036515177e+02 7.188723053918714356e+00
1.377289807508303284e+03 9.078699278408159898e+02 5.839552728860833213e+02 3.617411261415496710e+02 2.119336233721032841e+02 1.144985384626551905e+02 5.503746059585370176e+01 2.239184219487425409e+01 7.188723053918714356e+00 5.306011572601592263e+01
