1.746599672352544985e+03 9.756655867737853782e+01 5.657030917044057361e+01 3.146180112522490901e+01 1.670399910883206473e+01 8.420562235108237203e+00 4.007496002297152415e+00 1.787667819588296236e+00 7.418624424956278274e-01 2.839330054850095486e-01
9.756655867737852361e+01 9.454519428169750199e+02 3.405106087116738678e+01 1.893763214204566125e+01 1.005454802682911541e+01 5.068543577749211160e+00 2.412210438943187096e+00 1.076041242037887091e+00 4.465452559458727433e-01 1.709062615156336229e-01
5.657030917044057361e+01 3.405106087116737967e+01 4.969561545735757022e+02 1.098027561650574135e+01 5.829752511078818422e+00 2.938804864331081568e+00 1.398629737125486550e+00 6.239021501569239625e-01 2.589125160290041139e-01 9.909358477091811945e-02
3.146180112522490901e+01 1.893763214204566125e+01 1.098027561650574135e+01 2.520384759469235405e+02 3.242239909989409252e+00 1.634427945388369663e+00 7.778534585110691291e-01 3.469856477308072562e-01 1.439952195345707842e-01 5.511128898827547667e-02
1.670399910883206473e+01 1.005454802682911541e+01 5.829752511078818422e+00 3.242239909989409252e+00 1.225074412871322238e+02 8.677660517448324562e-01 4.129853667962232744e-01 1.842249249305013270e-01 7.645131342633371130e-02 2.926021045275293761e-02
8.420562235108237203e+00 5.068543577749211160e+00 2.938804864331081568e+00 1.634427945388369663e+00 8.677660517448324562e-01 5.666494121992417377e+01 2.081878094364763843e-01 9.286862598161947646e-02 3.853945623846603136e-02 1.475020571567774684e-02
4.007496002297152415e+00 2.412210438943187540e+00 1.398629737125486772e+00 7.778534585110691291e-01 4.129853667962232189e-01 2.081878094364763843e-01 2.476639662103006856e+01 4.419783821660520223e-02 1.834161573706051193e-02 7.019886414731707665e-03
1.787667819588296236e+00 1.076041242037887091e+00 6.239021501569239625e-01 3.469856477308073117e-01 1.842249249305013548e-01 9.286862598161947646e-02 4.419783821660520223e-02 1.014458781440321289e+01 8.181846268493442320e-03 3.131437943690410040e-03
7.418624424956278274e-01 4.465452559458727433e-01 2.589125160290041139e-01 1.439952195345707842e-01 7.645131342633371130e-02 3.853945623846603830e-02 1.834161573706051193e-02 8.181846268493442320e-03 3.862436942705797627e+00 1.299512233746350030e-03
2.839330054850095486e-01 1.709062615156335951e-01 9.909358477091810558e-02 5.511128898827549055e-02 2.926021045275293761e-02 1.475020571567774684e-02 7.019886414731707665e-03 3.131437943690410473e-03 1.299512233746349813e-03 1.354466428692280289e+00
