1.879676202807907481e+06 9.724696878307330189e+05 6.203717987480792217e+05 3.885484889005441801e+05 2.342377247481085651e+05 1.317013756037024723e+05 6.572652060653356602e+04 2.695624461753307332e+04 8.065513138883242391e+03 1.465549903980240060e+03
9.724696878307330189e+05 8.308419394741961733e+05 3.982336831583558233e+05 2.494199383865147829e+05 1.503636239579487883e+05 8.454272742494948034e+04 4.219165738214413432e+04 1.730395320970582543e+04 5.177474234549946232e+03 9.407767040542521499e+02
6.203717987480791053e+05 3.982336831583558233e+05 3.677684455529872794e+05 1.591135412823375664e+05 9.592211770544038154e+04 5.393270817590099614e+04 2.691550668351458080e+04 1.103878579712224746e+04 3.302888556891095959e+03 6.001537563770439192e+02
3.885484889005441801e+05 2.494199383865148411e+05 1.591135412823375664e+05 1.596117860831319122e+05 6.007751152099642786e+04 3.377889244215945655e+04 1.685759970226962105e+04 6.913762923176266668e+03 2.068650380911448792e+03 3.758856150760959167e+02
2.342377247481085942e+05 1.503636239579487592e+05 9.592211770544039609e+04 6.007751152099642786e+04 6.582959105589264072e+04 2.036371556237811456e+04 1.016265900337799212e+04 4.167984544619273038e+03 1.247092634165504251e+03 2.266038699316757175e+02
1.317013756037024723e+05 8.454272742494946579e+04 5.393270817590099614e+04 3.377889244215945655e+04 2.036371556237811092e+04 2.469735085501374124e+04 5.714007732851498076e+03 2.343470927288205530e+03 7.011843015528949081e+02 1.274092011404971032e+02
6.572652060653355147e+04 4.219165738214414159e+04 2.691550668351458080e+04 1.685759970226962105e+04 1.016265900337798848e+04 5.714007732851498076e+03 7.952637442694409401e+03 1.169526054585039901e+03 3.499310788041502747e+02 6.358448000893502439e+01
2.695624461753307332e+04 1.730395320970582543e+04 1.103878579712224746e+04 6.913762923176266668e+03 4.167984544619272128e+03 2.343470927288205985e+03 1.169526054585040129e+03 2.042908948069444705e+03 1.435163108053561984e+02 2.607773515443191670e+01
8.065513138883239662e+03 5.177474234549946232e+03 3.302888556891095959e+03 2.068650380911448792e+03 1.247092634165504478e+03 7.011843015528951355e+02 3.499310788041502747e+02 1.435163108053561700e+02 3.811470871707279571e+02 7.802656434701717103e+00
1.465549903980239833e+03 9.407767040542519226e+02 6.001537563770439192e+02 3.758856150760959167e+02 2.266038699316757175e+02 1.274092011404970890e+02 6.358448000893502439e+01 2.607773515443191670e+01 7.802656434701718879e+00 4.439333645141174856e+01
