2.055227135943524772e+05 5.064843101633382030e+05 3.208748457252474618e+05 1.941553729214945051e+05 1.101337332819419389e+05 5.712454467101189221e+04 2.618209379732151865e+04 1.012139861901394215e+04 3.096428399044903927e+03 6.868935472851492250e+02
5.064843101633383194e+05 1.176154595102896710e+05 2.099684518261253543e+05 1.270479864942637942e+05 7.206738009884844359e+04 3.738015729695121263e+04 1.713257917667132278e+04 6.623063249305443605e+03 2.026186489216441032e+03 4.494773479885463985e+02
3.208748457252475200e+05 2.099684518261253543e+05 6.437017171372384473e+04 8.048917261208596756e+04 4.565710922729908634e+04 2.368158690241874865e+04 1.085406515044289154e+04 4.195933330420609309e+03 1.283657290249002926e+03 2.847590177992012741e+02
1.941553729214945051e+05 1.270479864942637796e+05 8.048917261208596756e+04 3.321729504994569288e+04 2.762626359354464876e+04 1.432928569398954460e+04 6.567591991311463971e+03 2.538880848326470186e+03 7.767170384714271449e+02 1.723023603442661624e+02
1.101337332819419389e+05 7.206738009884842904e+04 4.565710922729908634e+04 2.762626359354464876e+04 1.585576166058974013e+04 8.128220738865160456e+03 3.725436045327378451e+03 1.440168366070812226e+03 4.405891315979220053e+02 9.773771342231876247e+01
5.712454467101189221e+04 3.738015729695121263e+04 2.368158690241874501e+04 1.432928569398954460e+04 8.128220738865160456e+03 6.825176588914521744e+03 1.932322018409192196e+03 7.469914957915943887e+02 2.285262905334978996e+02 5.069493433172539909e+01
2.618209379732151865e+04 1.713257917667132278e+04 1.085406515044289335e+04 6.567591991311463971e+03 3.725436045327378451e+03 1.932322018409192196e+03 2.559102040565033349e+03 3.423712437666348478e+02 1.047412597922770487e+02 2.323518784029509376e+01
1.012139861901394215e+04 6.623063249305443605e+03 4.195933330420609309e+03 2.538880848326470186e+03 1.440168366070812226e+03 7.469914957915943887e+02 3.423712437666347910e+02 7.974247559015357183e+02 4.049057536887240616e+01 8.982192178356298129e+00
3.096428399044903927e+03 2.026186489216441032e+03 1.283657290249003154e+03 7.767170384714271449e+02 4.405891315979221190e+02 2.285262905334978996e+02 1.047412597922770487e+02 4.049057536887240616e+01 1.936696561277000228e+02 2.747912219808516188e+00
6.868935472851493387e+02 4.494773479885463416e+02 2.847590177992012741e+02 1.723023603442661624e+02 9.773771342231876247e+01 5.069493433172539909e+01 2.323518784029509376e+01 8.982192178356298129e+00 2.747912219808516188e+00 3.357683909991000348e+01
