3.119868908384562237e+05 8.584874642630262533e+05 5.291004852588383947e+05 3.116848202157327905e+05 1.706984751900148112e+05 8.341025252432748675e+04 3.423256521657449048e+04 1.078767066036609867e+04 2.287049593593427744e+03 2.680278315835695366e+02
8.584874642630261369e+05 1.702963579420507886e+05 3.349211241690471652e+05 1.972967957532917208e+05 1.080523015899595339e+05 5.279877135059801367e+04 2.166924723177397755e+04 6.828606068973373112e+03 1.447704627490469875e+03 1.696618792905588293e+02
5.291004852588383947e+05 3.349211241690471070e+05 8.873259616484123399e+04 1.215973846079332725e+05 6.659447875999020471e+04 3.254078446754439574e+04 1.335512713091009209e+04 4.208586537529558882e+03 8.922450854588009861e+02 1.045655136497807547e+02
3.116848202157327323e+05 1.972967957532917499e+05 1.215973846079332725e+05 4.326613940366193856e+04 3.922976583458208916e+04 1.916926716006269271e+04 7.867296505539225109e+03 2.479212502839679473e+03 5.256076242560052378e+02 6.159790858395029289e+01
1.706984751900147821e+05 1.080523015899595630e+05 6.659447875999020471e+04 3.922976583458208916e+04 1.917935398811316554e+04 1.049831259818138278e+04 4.308633049353395108e+03 1.357774798316571832e+03 2.878562387050043299e+02 3.373494115913795355e+01
8.341025252432748675e+04 5.279877135059802094e+04 3.254078446754439574e+04 1.916926716006269271e+04 1.049831259818138278e+04 7.410194566904783642e+03 2.105374229507191103e+03 6.634642674615872693e+02 1.406583247703902373e+02 1.648427121475321044e+01
3.423256521657449775e+04 2.166924723177397391e+04 1.335512713091009209e+04 7.867296505539225109e+03 4.308633049353394199e+03 2.105374229507191558e+03 2.346965722901742538e+03 2.722936703509126346e+02 5.772785874916425541e+01 6.765342057226803263e+00
1.078767066036609867e+04 6.828606068973373112e+03 4.208586537529558882e+03 2.479212502839679473e+03 1.357774798316571832e+03 6.634642674615872693e+02 2.722936703509126346e+02 5.566436929039656434e+02 1.819171669357104548e+01 2.131954808421728575e+00
2.287049593593428199e+03 1.447704627490469647e+03 8.922450854588012135e+02 5.256076242560052378e+02 2.878562387050042730e+02 1.406583247703902373e+02 5.772785874916425541e+01 1.819171669357104193e+01 8.656631773873402835e+01 4.519869517406084336e-01
2.680278315835695935e+02 1.696618792905588293e+02 1.045655136497807547e+02 6.159790858395029289e+01 3.373494115913795355e+01 1.648427121475321044e+01 6.765342057226803263e+00 2.131954808421728575e+00 4.519869517406085446e-01 7.248465892123102883e+00
