2.043553483194852015e+05 5.405786883482246194e+05 3.322336412279724609e+05 1.933570204550408234e+05 1.042513306289085303e+05 5.056560260941136221e+04 2.118795529717407408e+04 7.258228844278742145e+03 1.884683932269398838e+03 3.340906285182532542e+02
5.405786883482245030e+05 1.133241294267185440e+05 2.122284375756145455e+05 1.235150606476104003e+05 6.659499300785809464e+04 3.230093977599656137e+04 1.353471199220213202e+04 4.636503881708175868e+03 1.203922410719806294e+03 2.134146675725449995e+02
3.322336412279724609e+05 2.122284375756145455e+05 5.969709980453392200e+04 7.591098063972397358e+04 4.092854100881561317e+04 1.985179783845253405e+04 8.318283249162403081e+03 2.849543647187316765e+03 7.399173050857351654e+02 1.311622778096090940e+02
1.933570204550408234e+05 1.235150606476104003e+05 7.591098063972397358e+04 2.938676070013234494e+04 2.382004637394989913e+04 1.155356954982504612e+04 4.841166771716129915e+03 1.658409025769482696e+03 4.306252821529607218e+02 7.633527760652026473e+01
1.042513306289085303e+05 6.659499300785809464e+04 4.092854100881560589e+04 2.382004637394990277e+04 1.321830232626100587e+04 6.229279889855169131e+03 2.610187499580424173e+03 8.941560397268373208e+02 2.321780639836341891e+02 4.115730706688903240e+01
5.056560260941136221e+04 3.230093977599656500e+04 1.985179783845253405e+04 1.155356954982504612e+04 6.229279889855169131e+03 5.273138253530756629e+03 1.266033757493716166e+03 4.336974761173430579e+02 1.126146174556682951e+02 1.996275751170829693e+01
2.118795529717407408e+04 1.353471199220213202e+04 8.318283249162403081e+03 4.841166771716129915e+03 2.610187499580423719e+03 1.266033757493716166e+03 1.790790062687815862e+03 1.817275432758549698e+02 4.718768010914516253e+01 8.364777475976868715e+00
7.258228844278741235e+03 4.636503881708175868e+03 2.849543647187316765e+03 1.658409025769482696e+03 8.941560397268373208e+02 4.336974761173430579e+02 1.817275432758549698e+02 4.897393166264782849e+02 1.616479627500800476e+01 2.865470891389224839e+00
1.884683932269398611e+03 1.203922410719806066e+03 7.399173050857351654e+02 4.306252821529607218e+02 2.321780639836341891e+02 1.126146174556682951e+02 4.718768010914516253e+01 1.616479627500800831e+01 9.995328572836649528e+01 7.440530001535929916e-01
3.340906285182532542e+02 2.134146675725449995e+02 1.311622778096090940e+02 7.633527760652025052e+01 4.115730706688903240e+01 1.996275751170829693e+01 8.364777475976870491e+00 2.865470891389224839e+00 7.440530001535928806e-01 1.370562008762256312e+01
