1.729320081185672097e+04 7.643609888634939125e+03 4.168306005686964454e+03 2.123243886529876363e+03 9.971189485706961477e+02 4.249848321808316882e+02 1.613018755967696620e+02 5.328328826196943879e+01 1.489465723205125514e+01 3.406964517089503541e+00
7.643609888634939125e+03 8.957133578088092690e+03 2.407213113247199090e+03 1.226181695706460459e+03 5.758401147113136176e+02 2.454304121533074010e+02 9.315246759670652921e+01 3.077130854744061850e+01 8.601723135825036337e+00 1.967535409040617189e+00
4.168306005686965364e+03 2.407213113247199090e+03 4.362310614608032665e+03 6.686762669398150365e+02 3.140241120933634988e+02 1.338410876355647474e+02 5.079903288958353613e+01 1.678058300854099727e+01 4.690795936567511148e+00 1.072960261106473023e+00
2.123243886529876363e+03 1.226181695706460459e+03 6.686762669398150365e+02 1.975800350119371615e+03 1.599570125886959033e+02 6.817572191221310618e+01 2.587591599016073829e+01 8.547661864719513503e+00 2.389388826465183246e+00 5.465424831515849347e-01
9.971189485706961477e+02 5.758401147113137313e+02 3.140241120933634420e+02 1.599570125886959033e+02 8.213454922276547450e+02 3.201671959703888604e+01 1.215186173811676795e+01 4.014157612961071209e+00 1.122106079987532423e+00 2.566675781367698805e-01
4.249848321808316882e+02 2.454304121533074010e+02 1.338410876355647474e+02 6.817572191221310618e+01 3.201671959703888604e+01 3.084501122489958220e+02 5.179278689730033136e+00 1.710885247880449489e+00 4.782559440638106119e-01 1.093950002425230494e-01
1.613018755967696620e+02 9.315246759670652921e+01 5.079903288958353613e+01 2.587591599016073829e+01 1.215186173811676618e+01 5.179278689730033136e+00 1.026655586438171497e+02 6.493619972219043524e-01 1.815207860405984586e-01 4.152058469823177722e-02
5.328328826196943879e+01 3.077130854744061850e+01 1.678058300854099727e+01 8.547661864719513503e+00 4.014157612961072097e+00 1.710885247880449489e+00 6.493619972219042413e-01 2.959584302403501610e+01 5.996225606402176556e-02 1.371560792517968405e-02
1.489465723205125336e+01 8.601723135825036337e+00 4.690795936567510260e+00 2.389388826465183246e+00 1.122106079987532423e+00 4.782559440638105563e-01 1.815207860405984586e-01 5.996225606402175168e-02 7.183657807819030516e+00 3.834021612374232443e-03
3.406964517089503541e+00 1.967535409040617189e+00 1.072960261106473023e+00 5.465424831515850457e-01 2.566675781367698250e-01 1.093950002425230494e-01 4.152058469823177722e-02 1.371560792517968405e-02 3.834021612374232443e-03 1.419439903453856067e+00
