2.387389374884529039e+06 1.284802593219842296e+06 8.134699284609330352e+05 5.061369912630253821e+05 3.037105677468131762e+05 1.705762385109219758e+05 8.556073553683156206e+04 3.563569112369514914e+04 1.101187232321365445e+04 2.122763174630605135e+03
1.284802593219842296e+06 1.026339056671795784e+06 5.180146383021051879e+05 3.223061618964607478e+05 1.934017649522099528e+05 1.086223170687401725e+05 5.448475957289479993e+04 2.269267615462077447e+04 7.012319520318238574e+03 1.351767729371093537e+03
8.134699284609330352e+05 5.180146383021050715e+05 4.420015889429172967e+05 2.040674356076499098e+05 1.224519009613894013e+05 6.877398050211548980e+04 3.449690536574904399e+04 1.436781786206110701e+04 4.439834639688042444e+03 8.558687567337008204e+02
5.061369912630253239e+05 3.223061618964606896e+05 2.040674356076498807e+05 1.868675379297778709e+05 7.618897092397196684e+04 4.279083264255466929e+04 2.146380496540267995e+04 8.939585655584567576e+03 2.762443290913837700e+03 5.325173338230233639e+02
3.037105677468131762e+05 1.934017649522099236e+05 1.224519009613894013e+05 7.618897092397198139e+04 7.526683578335652419e+04 2.567689835077766111e+04 1.287948619558945393e+04 5.364252527964156798e+03 1.657620831384404028e+03 3.195402521100506874e+02
1.705762385109220049e+05 1.086223170687401871e+05 6.877398050211548980e+04 4.279083264255466202e+04 2.567689835077766111e+04 2.768021068124857993e+04 7.233644602806371040e+03 3.012782944733181466e+03 9.309874476630413938e+02 1.794668346977072702e+02
8.556073553683154751e+04 5.448475957289479993e+04 3.449690536574904399e+04 2.146380496540267995e+04 1.287948619558945575e+04 7.233644602806371040e+03 8.783242811367923423e+03 1.511206525683159498e+03 4.669816352674872633e+02 9.002024265073472975e+01
3.563569112369514914e+04 2.269267615462077447e+04 1.436781786206110701e+04 8.939585655584567576e+03 5.364252527964157707e+03 3.012782944733181466e+03 1.511206525683159498e+03 2.241786727871644871e+03 1.944959122945671481e+02 3.749305732184529205e+01
1.101187232321365263e+04 7.012319520318238574e+03 4.439834639688042444e+03 2.762443290913837700e+03 1.657620831384403573e+03 9.309874476630412801e+02 4.669816352674873770e+02 1.944959122945671766e+02 4.223196652871826586e+02 1.158582160794864713e+01
2.122763174630605135e+03 1.351767729371093537e+03 8.558687567337008204e+02 5.325173338230233639e+02 3.195402521100506874e+02 1.794668346977072986e+02 9.002024265073472975e+01 3.749305732184529205e+01 1.158582160794864713e+01 5.134065019472505043e+01
