2.402105133329287637e+05 6.417744272829088150e+05 4.068648721313234419e+05 2.470382505365858087e+05 1.408153669876584318e+05 7.331000705263673444e+04 3.354558927645708172e+04 1.278784794946295369e+04 3.768622858134233866e+03 7.728122815312647163e+02
6.417744272829088150e+05 1.367918823441780405e+05 2.655477182396339485e+05 1.612339826838812733e+05 9.190569635753658076e+04 4.784710214716130577e+04 2.189413561977868085e+04 8.346220273052262201e+03 2.459659875872159773e+03 5.043899143053930061e+02
4.068648721313234419e+05 2.655477182396338903e+05 7.460592076347763941e+04 1.022172915577753156e+05 5.826533094339950185e+04 3.033356311715038828e+04 1.388019576766383034e+04 5.291242062342769714e+03 1.559347269600881418e+03 3.197673968671984994e+02
2.470382505365858087e+05 1.612339826838812733e+05 1.022172915577753301e+05 3.839469486663588759e+04 3.537726259775689687e+04 1.841778653867971661e+04 8.427710314696911155e+03 3.212710832958932770e+03 9.467969536010149341e+02 1.941548256228267917e+02
1.408153669876584026e+05 9.190569635753658076e+04 5.826533094339950185e+04 3.537726259775688959e+04 1.826313888963024510e+04 1.049840405245440706e+04 4.803916471445236311e+03 1.831291526659101919e+03 5.396879236091375560e+02 1.106710518031870265e+02
7.331000705263674899e+04 4.784710214716129121e+04 3.033356311715038828e+04 1.841778653867971661e+04 1.049840405245440706e+04 7.806688054731800548e+03 2.500971008603017253e+03 9.533902272653169803e+02 2.809673853953478329e+02 5.761654968328453208e+01
3.354558927645707445e+04 2.189413561977868449e+04 1.388019576766382852e+04 8.427710314696911155e+03 4.803916471445236311e+03 2.500971008603017253e+03 2.884193024167317617e+03 4.362574533796896503e+02 1.285665748713546748e+02 2.636449222838439255e+01
1.278784794946295369e+04 8.346220273052262201e+03 5.291242062342769714e+03 3.212710832958932770e+03 1.831291526659101919e+03 9.533902272653168666e+02 4.362574533796896503e+02 8.724637244578193531e+02 4.901061052434638299e+01 1.005035610204624064e+01
3.768622858134233866e+03 2.459659875872159773e+03 1.559347269600881418e+03 9.467969536010149341e+02 5.396879236091375560e+02 2.809673853953477760e+02 1.285665748713546748e+02 4.901061052434638299e+01 2.004224658336993059e+02 2.961874577195845237e+00
7.728122815312649436e+02 5.043899143053929492e+02 3.197673968671984994e+02 1.941548256228267917e+02 1.106710518031870265e+02 5.761654968328453919e+01 2.636449222838439255e+01 1.005035610204624064e+01 2.961874577195845237e+00 3.145483211643052002e+01
