2.252721096533952223e+05 6.100916805528964614e+05 3.913711363219354535e+05 2.409200057996418618e+05 1.398325266700845677e+05 7.473405285996518796e+04 3.558929964847117662e+04 1.444118689546903443e+04 4.693796709129357623e+03 1.121974324291551511e+03
6.100916805528964614e+05 1.303637493809506559e+05 2.583060509968266706e+05 1.590078815956621547e+05 9.228986098593281349e+04 4.932468513305576926e+04 2.348903788954274569e+04 9.531223977660145465e+03 3.097919032842971319e+03 7.405062104252582458e+02
3.913711363219354535e+05 2.583060509968266706e+05 7.240300659763370641e+04 1.020028584029224148e+05 5.920354090441711014e+04 3.164156910278009673e+04 1.506811474893123341e+04 6.114238363806548477e+03 1.987301467573420041e+03 4.750314850465431959e+02
2.409200057996418909e+05 1.590078815956621547e+05 1.020028584029224148e+05 3.807740351597220433e+04 3.644447966218626971e+04 1.947789784242270252e+04 9.275620902498110809e+03 3.763799129164614897e+03 1.223341827383989767e+03 2.924195923285600998e+02
1.398325266700845677e+05 9.228986098593281349e+04 5.920354090441711014e+04 3.644447966218626971e+04 1.862052137779372424e+04 1.130517849892814229e+04 5.383668753141333582e+03 2.184548935082809749e+03 7.100405719173197667e+02 1.697234329188257504e+02
7.473405285996518796e+04 4.932468513305576198e+04 3.164156910278009673e+04 1.947789784242270252e+04 1.130517849892814229e+04 8.264429769627686255e+03 2.877323286355832806e+03 1.167540911098954666e+03 3.794840220515112605e+02 9.070936719363372447e+01
3.558929964847117662e+04 2.348903788954274569e+04 1.506811474893123341e+04 9.275620902498108990e+03 5.383668753141333582e+03 2.877323286355832806e+03 3.219747019591678963e+03 5.559977245554816818e+02 1.807150830947797999e+02 4.319694605652536978e+01
1.444118689546903443e+04 9.531223977660145465e+03 6.114238363806548477e+03 3.763799129164614897e+03 2.184548935082810203e+03 1.167540911098954666e+03 5.559977245554817955e+02 1.052450934065380125e+03 7.332935223731044516e+01 1.752816654099498095e+01
4.693796709129358533e+03 3.097919032842971319e+03 1.987301467573419586e+03 1.223341827383989767e+03 7.100405719173197667e+02 3.794840220515111469e+02 1.807150830947797999e+02 7.332935223731043095e+01 2.712081100443439823e+02 5.697152943364175215e+00
1.121974324291551511e+03 7.405062104252583595e+02 4.750314850465431959e+02 2.924195923285600429e+02 1.697234329188257220e+02 9.070936719363372447e+01 4.319694605652536978e+01 1.752816654099498095e+01 5.697152943364175215e+00 5.056263937060851532e+01
