2.695917134600821417e+06 1.426804210973342881e+06 8.561555156193592120e+05 4.941907945101911318e+05 2.660087854837661143e+05 1.271679891192072537e+05 5.003971715554763796e+04 1.440155658423530076e+04 2.524169605470491206e+03 2.025064523541432777e+02
1.426804210973342881e+06 1.064515043782150606e+06 5.237078141606344143e+05 3.022950574394305586e+05 1.627167927458227205e+05 7.778828541990352096e+04 3.060914800483438012e+04 8.809389861588855638e+03 1.544027133546356936e+03 1.238726020927301192e+02
8.561555156193589792e+05 5.237078141606344143e+05 4.111400704683168442e+05 1.813924985507873935e+05 9.763839952378091402e+04 4.667695055889322248e+04 1.836705463244379644e+04 5.286084566638185606e+03 9.264952657729154453e+02 7.432989803377756743e+01
4.941907945101911318e+05 3.022950574394305586e+05 1.813924985507873935e+05 1.505726647303514474e+05 5.635891769085240230e+04 2.694290798947316216e+04 1.060184645899657153e+04 3.051238103564831817e+03 5.347923632437491506e+02 4.290476519163761537e+01
2.660087854837661143e+05 1.627167927458227205e+05 9.763839952378091402e+04 5.635891769085240230e+04 5.001834036557911895e+04 1.450259760258002461e+04 5.706671050476006712e+03 1.642394296226278584e+03 2.878634499322491251e+02 2.309440929875178128e+01
1.271679891192072537e+05 7.778828541990352096e+04 4.667695055889322248e+04 2.694290798947316580e+04 1.450259760258002825e+04 1.421028376197368561e+04 2.728127496744335531e+03 7.851619622717222455e+02 1.376158159672352781e+02 1.104049847480475499e+01
5.003971715554763068e+04 3.060914800483438012e+04 1.836705463244379644e+04 1.060184645899656971e+04 5.706671050476006712e+03 2.728127496744335076e+03 3.219067859359763133e+03 3.089557583280017070e+02 5.415086418229962817e+01 4.344359180026082790e+00
1.440155658423529894e+04 8.809389861588855638e+03 5.286084566638186516e+03 3.051238103564831817e+03 1.642394296226278584e+03 7.851619622717222455e+02 3.089557583280017639e+02 5.366211982539783776e+02 1.558475504932325784e+01 1.250317509967207696e+00
2.524169605470491206e+03 1.544027133546356708e+03 9.264952657729154453e+02 5.347923632437491506e+02 2.878634499322491820e+02 1.376158159672352497e+02 5.415086418229962817e+01 1.558475504932325784e+01 5.772802472782479555e+01 2.191439124921754633e-01
2.025064523541432777e+02 1.238726020927301192e+02 7.432989803377756743e+01 4.290476519163761537e+01 2.309440929875178128e+01 1.104049847480475499e+01 4.344359180026082790e+00 1.250317509967207696e+00 2.191439124921754633e-01 3.004315288984654941e+00
