3.250442604744710261e+05 8.423526412168121897e+05 5.381967430814072723e+05 3.331039268263544072e+05 1.954267074541760085e+05 1.052356176228001568e+05 4.956748530109506100e+04 1.901956635101571010e+04 5.350669908776490956e+03 9.441033641142744273e+02
8.423526412168123061e+05 1.844871329722855589e+05 3.498976630731584737e+05 2.165607411329209572e+05 1.270526979572504788e+05 6.841679581236082595e+04 3.222529213381531372e+04 1.236518411609685063e+04 3.478629183516961803e+03 6.137895946968316139e+02
5.381967430814073887e+05 3.498976630731584737e+05 1.009496069412538200e+05 1.383651927400255227e+05 8.117662947138297022e+04 4.371292363384513737e+04 2.058941400861858347e+04 7.900375084325732132e+03 2.222569035044889006e+03 3.921630260764696345e+02
3.331039268263544654e+05 2.165607411329209281e+05 1.383651927400255227e+05 5.241168511975043657e+04 5.024232195949121524e+04 2.705506248909404894e+04 1.274332248474235166e+04 4.889747100516978207e+03 1.375605636290760003e+03 2.427198707934560673e+02
1.954267074541760085e+05 1.270526979572504788e+05 8.117662947138298478e+04 5.024232195949122251e+04 2.522937703321076697e+04 1.587276929631294479e+04 7.476302002642537445e+03 2.868735848424206324e+03 8.070456653483098535e+02 1.423998378968232146e+02
1.052356176228001423e+05 6.841679581236082595e+04 4.371292363384514465e+04 2.705506248909405258e+04 1.587276929631294479e+04 1.088989756560504793e+04 4.025924956890291469e+03 1.544789822938491625e+03 4.345872176281104657e+02 7.668109996671080353e+01
4.956748530109506100e+04 3.222529213381531372e+04 2.058941400861858347e+04 1.274332248474235166e+04 7.476302002642537445e+03 4.025924956890291469e+03 4.012550655908589306e+03 7.276181636168316800e+02 2.046968128132889433e+02 3.611789792592281145e+01
1.901956635101570646e+04 1.236518411609685063e+04 7.900375084325732132e+03 4.889747100516978207e+03 2.868735848424206324e+03 1.544789822938491625e+03 7.276181636168316800e+02 1.174506893910619283e+03 7.854432375365588825e+01 1.385881797086294931e+01
5.350669908776490956e+03 3.478629183516961803e+03 2.222569035044889006e+03 1.375605636290760003e+03 8.070456653483098535e+02 4.345872176281105226e+02 2.046968128132889149e+02 7.854432375365588825e+01 2.456251961523517764e+02 3.898824974205953531e+00
9.441033641142741999e+02 6.137895946968316139e+02 3.921630260764696345e+02 2.427198707934560673e+02 1.423998378968232146e+02 7.668109996671080353e+01 3.611789792592281145e+01 1.385881797086294753e+01 3.898824974205954419e+00 3.137838301619637704e+01
