7.556726258344619418e+04 1.167396223996405752e+05 6.547075395706042036e+04 3.408426661360606522e+04 1.614687562333274946e+04 6.786871802887177182e+03 2.450140961932323080e+03 7.290951053678165863e+02 1.695586223395404204e+02 2.877417626460817957e+01
1.167396223996405752e+05 3.938435711868617364e+04 3.893802292200641386e+04 2.027124898471170309e+04 9.603179666335805450e+03 4.036418612238098831e+03 1.457194841538543642e+03 4.336214295585208447e+02 1.008431570470536514e+02 1.711313017241250378e+01
6.547075395706042036e+04 3.893802292200641386e+04 1.920993441840524611e+04 1.136866753035220609e+04 5.385724231553219397e+03 2.263733292924832313e+03 8.172344828328087942e+02 2.431866862473433173e+02 5.655558402166959553e+01 9.597508642931980916e+00
3.408426661360605794e+04 2.027124898471170309e+04 1.136866753035220609e+04 8.630146199518834692e+03 2.803823837678935888e+03 1.178506194517798349e+03 4.254546696831192776e+02 1.266037024160455786e+02 2.944300298644880343e+01 4.996491160413844668e+00
1.614687562333274946e+04 9.603179666335805450e+03 5.385724231553218488e+03 2.803823837678935888e+03 3.499873179485035962e+03 5.582984419154213356e+02 2.015523382861085793e+02 5.997647711009501137e+01 1.394815128601957532e+01 2.367007694044917177e+00
6.786871802887175363e+03 4.036418612238098831e+03 2.263733292924832313e+03 1.178506194517798349e+03 5.582984419154213356e+02 1.248945116148619945e+03 8.471669154020698045e+01 2.520937615614057492e+01 5.862701668965470958e+00 9.949031720239810417e-01
2.450140961932323080e+03 1.457194841538543642e+03 8.172344828328086805e+02 4.254546696831192776e+02 2.015523382861085793e+02 8.471669154020698045e+01 3.795607302479239706e+02 9.100882842467155953e+00 2.116504617136067079e+00 3.591718078268936742e-01
7.290951053678165863e+02 4.336214295585208447e+02 2.431866862473433741e+02 1.266037024160455644e+02 5.997647711009501847e+01 2.520937615614056782e+01 9.100882842467155953e+00 9.425169913704330327e+01 6.298140314446590837e-01 1.068797310609313073e-01
1.695586223395404204e+02 1.008431570470536514e+02 5.655558402166958842e+01 2.944300298644880698e+01 1.394815128601957710e+01 5.862701668965470958e+00 2.116504617136067523e+00 6.298140314446590837e-01 1.812672346110841914e+01 2.485598904901391987e-02
2.877417626460818312e+01 1.711313017241250378e+01 9.597508642931980916e+00 4.996491160413844668e+00 2.367007694044917621e+00 9.949031720239810417e-01 3.591718078268937298e-01 1.068797310609313073e-01 2.485598904901391640e-02 2.520305043362325748e+00
