2.983493472679230035e+05 7.418642822899654275e+05 4.687454339668465545e+05 2.846401989388357615e+05 1.622573959517091280e+05 8.392452778526369366e+04 3.747884372928645462e+04 1.344245211791698966e+04 3.484639927355606233e+03 5.597530583220617473e+02
7.418642822899654275e+05 1.677404401314763818e+05 3.033490869387625717e+05 1.842051958212153986e+05 1.050050397173437086e+05 5.431184397889448155e+04 2.425447204591593254e+04 8.699296634591999464e+03 2.255088292440717851e+03 3.622447641061971808e+02
4.687454339668465545e+05 3.033490869387625717e+05 9.043434621572488686e+04 1.163896773512740619e+05 6.634722022076517169e+04 3.431682786619973194e+04 1.532513870287106511e+04 5.496632839097004762e+03 1.424872939037810966e+03 2.288836155166303570e+02
2.846401989388357615e+05 1.842051958212154277e+05 1.163896773512740619e+05 4.596291375255996536e+04 4.028857583285398141e+04 2.083849356807973163e+04 9.306011777512048866e+03 3.337766197686241867e+03 8.652374774043594243e+02 1.389869066097431869e+02
1.622573959517091280e+05 1.050050397173437086e+05 6.634722022076517169e+04 4.028857583285397413e+04 2.148690936705666900e+04 1.187885518109695477e+04 5.304834817233622744e+03 1.902673106438429613e+03 4.932233060785090970e+02 7.922863187264101725e+01
8.392452778526369366e+04 5.431184397889448155e+04 3.431682786619973922e+04 2.083849356807973163e+04 1.187885518109695477e+04 8.921451660643964715e+03 2.743824122184600128e+03 9.841211924483865232e+02 2.551103005969907258e+02 4.097949112262854499e+01
3.747884372928645462e+04 2.425447204591593254e+04 1.532513870287106511e+04 9.306011777512048866e+03 5.304834817233622744e+03 2.743824122184600583e+03 3.127976003341125306e+03 4.394868265070956568e+02 1.139266355393752121e+02 1.830053721386990162e+01
1.344245211791699148e+04 8.699296634591997645e+03 5.496632839097004762e+03 3.337766197686241867e+03 1.902673106438429613e+03 9.841211924483864095e+02 4.394868265070955999e+02 8.608493445235160380e+02 4.086180871147671922e+01 6.563812293850820545e+00
3.484639927355606233e+03 2.255088292440717851e+03 1.424872939037810966e+03 8.652374774043594243e+02 4.932233060785090970e+02 2.551103005969907258e+02 1.139266355393752121e+02 4.086180871147671922e+01 1.672441400894159642e+02 1.701514142969060339e+00
5.597530583220617473e+02 3.622447641061971808e+02 2.288836155166303286e+02 1.389869066097431869e+02 7.922863187264101725e+01 4.097949112262854499e+01 1.830053721386990162e+01 6.563812293850820545e+00 1.701514142969060339e+00 1.965451077688682346e+01
