3.599089295752893086e+05 1.114348203987685964e+06 7.054470663087875582e+05 4.325307309972292278e+05 2.509315432452342648e+05 1.329372188947161194e+05 6.098313335573048244e+04 2.236704560126111028e+04 5.820575079088076563e+03 8.984160423334546977e+02
1.114348203987685964e+06 2.013805777981507417e+05 4.540662928783043753e+05 2.784016476352996542e+05 1.615139690122715547e+05 8.556603755533047661e+04 3.925225096735919215e+04 1.439671658420235144e+04 3.746456785780305381e+03 5.782722209609222546e+02
7.054470663087876746e+05 4.540662928783043753e+05 1.085572922415466601e+05 1.762443954924032732e+05 1.022477132370866311e+05 5.416826621433892433e+04 2.484895223221071865e+04 9.113956878524164495e+03 2.371724510457031101e+03 3.660798665488382539e+02
4.325307309972292278e+05 2.784016476352996542e+05 1.762443954924032732e+05 5.542512383372850309e+04 6.269113624731398886e+04 3.321218685497377737e+04 1.523563706877584082e+04 5.588040009255300902e+03 1.454175352375757257e+03 2.244545336480687183e+02
2.509315432452342357e+05 1.615139690122715838e+05 1.022477132370866311e+05 6.269113624731398886e+04 2.614515765094400194e+04 1.926796110614632926e+04 8.838913973066828476e+03 3.241886420429923419e+03 8.436359295894018260e+02 1.302166955555812820e+02
1.329372188947161194e+05 8.556603755533049116e+04 5.416826621433892433e+04 3.321218685497377737e+04 1.926796110614632562e+04 1.098334041272517425e+04 4.682634261252708711e+03 1.717469868996573496e+03 4.469370920405544894e+02 6.898552942744748862e+01
6.098313335573048244e+04 3.925225096735919215e+04 2.484895223221071865e+04 1.523563706877584082e+04 8.838913973066826657e+03 4.682634261252708711e+03 3.892375727211336198e+03 7.878658431873512882e+02 2.050262861833862473e+02 3.164616933969057300e+01
2.236704560126111028e+04 1.439671658420235144e+04 9.113956878524164495e+03 5.588040009255300902e+03 3.241886420429923419e+03 1.717469868996573496e+03 7.878658431873511745e+02 1.073601950781008782e+03 7.519837109337524339e+01 1.160700137523479292e+01
5.820575079088077473e+03 3.746456785780305381e+03 2.371724510457031101e+03 1.454175352375757029e+03 8.436359295894018260e+02 4.469370920405544894e+02 2.050262861833862473e+02 7.519837109337524339e+01 2.043881572369006676e+02 3.020489346336535430e+00
8.984160423334548113e+02 5.782722209609221409e+02 3.660798665488381971e+02 2.244545336480686899e+02 1.302166955555812820e+02 6.898552942744748862e+01 3.164616933969057655e+01 1.160700137523479114e+01 3.020489346336535430e+00 2.243863984024008573e+01
