3.656353795880489633e+05 1.101756482465183362e+06 6.911123067622709787e+05 4.181770026444501709e+05 2.379367672696113295e+05 1.225146019446429273e+05 5.387071353933401406e+04 1.854742096425947238e+04 4.390786934613530320e+03 5.877138176467502717e+02
1.101756482465183362e+06 2.027029661571621837e+05 4.419190672342766775e+05 2.673956014663024107e+05 1.521442943841180240e+05 7.833971133808638842e+04 3.444663804364342650e+04 1.185980757675385576e+04 2.807608036469694980e+03 3.758028030377514597e+02
6.911123067622708622e+05 4.419190672342766775e+05 1.079444913450697932e+05 1.677325197433553694e+05 9.543741827346009086e+04 4.914111192049758392e+04 2.160776528882344428e+04 7.439447012635146166e+03 1.761162740996332786e+03 2.357344351757469099e+02
4.181770026444502291e+05 2.673956014663024107e+05 1.677325197433553694e+05 5.420161824336903373e+04 5.774710292845124059e+04 2.973421640514619503e+04 1.307438810438249857e+04 4.501447337337172030e+03 1.065641211989391877e+03 1.426377718314680010e+02
2.379367672696113004e+05 1.521442943841180240e+05 9.543741827346010541e+04 5.774710292845124059e+04 2.498023486300372679e+04 1.691834626006643884e+04 7.439140889892546511e+03 2.561259516203145722e+03 6.063346942720536390e+02 8.115886360440516967e+01
1.225146019446429564e+05 7.833971133808640298e+04 4.914111192049758392e+04 2.973421640514619139e+04 1.691834626006643884e+04 1.015659022372791696e+04 3.830443673728538215e+03 1.318802863909607595e+03 3.122041816672815457e+02 4.178902648326928926e+01
5.387071353933402133e+04 3.444663804364343378e+04 2.160776528882344428e+04 1.307438810438249857e+04 7.439140889892545601e+03 3.830443673728538215e+03 3.434330728034261028e+03 5.798888472790264359e+02 1.372788367216805057e+02 1.837499072792178723e+01
1.854742096425947238e+04 1.185980757675385576e+04 7.439447012635147075e+03 4.501447337337171120e+03 2.561259516203145722e+03 1.318802863909607368e+03 5.798888472790264359e+02 8.848380755974695830e+02 4.726442638079688408e+01 6.326418676379450545e+00
4.390786934613530320e+03 2.807608036469694980e+03 1.761162740996332786e+03 1.065641211989392104e+03 6.063346942720535253e+02 3.122041816672815457e+02 1.372788367216805057e+02 4.726442638079688408e+01 1.524363665288082075e+02 1.497672184217391012e+00
5.877138176467502717e+02 3.758028030377514597e+02 2.357344351757469099e+02 1.426377718314679726e+02 8.115886360440516967e+01 4.178902648326928926e+01 1.837499072792178367e+01 6.326418676379450545e+00 1.497672184217391012e+00 1.443107988916534268e+01
