3.897836805823300383e+05 1.269084436286403099e+06 8.011754729544682195e+05 5.003033159673560294e+05 3.033176518216441036e+05 1.730717124424537469e+05 8.831872502206044737e+04 3.713804974715074786e+04 1.129377467621674805e+04 2.020083724607627346e+03
1.269084436286403099e+06 2.181518588660823298e+05 5.058815211779511883e+05 3.159035830173534341e+05 1.915220825942307129e+05 1.092816544175925374e+05 5.576657357956372289e+04 2.344986052854211448e+04 7.131161781546757993e+03 1.275529596210448517e+03
8.011754729544683360e+05 5.058815211779511883e+05 1.191810001818771561e+05 1.994305463807781634e+05 1.209082632457947911e+05 6.898972098299580102e+04 3.520554636490251141e+04 1.480394256086452515e+04 4.501916302562069177e+03 8.052443149501390280e+02
5.003033159673560294e+05 3.159035830173534341e+05 1.994305463807781925e+05 6.267505400042371184e+04 7.550256725490507961e+04 4.308143139750990667e+04 2.198451173480221041e+04 9.244493625445409634e+03 2.811273847504945024e+03 5.028441515412091576e+02
3.033176518216441036e+05 1.915220825942307129e+05 1.209082632457947911e+05 7.550256725490507961e+04 3.104338239889240140e+04 2.611887267495261040e+04 1.332849546070304496e+04 5.604636246171146922e+03 1.704384030323789602e+03 3.048580779098379594e+02
1.730717124424537760e+05 1.092816544175925228e+05 6.898972098299580102e+04 4.308143139750990667e+04 2.611887267495261040e+04 1.400085873270621414e+04 7.605180640860876338e+03 3.197980687626662984e+03 9.725139998154903651e+02 1.739506727646558488e+02
8.831872502206043282e+04 5.576657357956372289e+04 3.520554636490251141e+04 2.198451173480221041e+04 1.332849546070304496e+04 7.605180640860876338e+03 5.451710077564310268e+03 1.631933797790731660e+03 4.962751874219028991e+02 8.876725964338213259e+01
3.713804974715074786e+04 2.344986052854211812e+04 1.480394256086452515e+04 9.244493625445409634e+03 5.604636246171147832e+03 3.197980687626662530e+03 1.631933797790731660e+03 1.685976756912433530e+03 2.086838617082337919e+02 3.732665868682693855e+01
1.129377467621674805e+04 7.131161781546757993e+03 4.501916302562070086e+03 2.811273847504945024e+03 1.704384030323789602e+03 9.725139998154903651e+02 4.962751874219028991e+02 2.086838617082337919e+02 3.630545278050121851e+02 1.135113113088051229e+01
2.020083724607627346e+03 1.275529596210448517e+03 8.052443149501390280e+02 5.028441515412091576e+02 3.048580779098380162e+02 1.739506727646558772e+02 8.876725964338213259e+01 3.732665868682693855e+01 1.135113113088051051e+01 4.424767445885231609e+01
