2.920424603445351240e+05 1.053782140964914812e+06 6.574612216180440737e+05 3.956656408065916621e+05 2.246684747243053571e+05 1.165136319081337133e+05 5.262842751499941369e+04 1.930695099013188519e+04 5.190784011604602711e+03 8.796110041988854391e+02
1.053782140964914812e+06 1.622317215793392679e+05 4.190175315162227489e+05 2.521682415101884981e+05 1.431871973480201559e+05 7.425723803144543490e+04 3.354149729263711197e+04 1.230483362209560255e+04 3.308224776852364812e+03 5.605994993390607988e+02
6.574612216180440737e+05 4.190175315162227489e+05 8.664721107644749281e+04 1.573293318149737897e+05 8.933538160201905703e+04 4.632955193701796088e+04 2.092674844984845186e+04 7.677062108475331115e+03 2.064021981986553783e+03 3.497615088982555562e+02
3.956656408065916039e+05 2.521682415101884981e+05 1.573293318149737606e+05 4.378195349332167825e+04 5.376277694564819103e+04 2.788151035026669706e+04 1.259389156828164596e+04 4.620119938308053861e+03 1.242145625154522349e+03 2.104893900922819228e+02
2.246684747243053571e+05 1.431871973480201559e+05 8.933538160201905703e+04 5.376277694564819103e+04 2.044701660724805697e+04 1.583179269909451614e+04 7.151114773881040492e+03 2.623415309621015695e+03 7.053201850431838693e+02 1.195209422816640910e+02
1.165136319081337424e+05 7.425723803144543490e+04 4.632955193701796088e+04 2.788151035026669706e+04 1.583179269909451250e+04 8.533773421179286743e+03 3.708585975487794258e+03 1.360509729290818314e+03 3.657808088933800263e+02 6.198385906793433264e+01
5.262842751499940641e+04 3.354149729263710469e+04 2.092674844984845186e+04 1.259389156828164596e+04 7.151114773881041401e+03 3.708585975487793348e+03 3.032433303174170305e+03 6.145331365851523060e+02 1.652207426029025896e+02 2.799769418078706806e+01
1.930695099013188519e+04 1.230483362209560255e+04 7.677062108475331115e+03 4.620119938308054770e+03 2.623415309621015695e+03 1.360509729290818314e+03 6.145331365851523060e+02 8.547522593455156539e+02 6.061189609129577605e+01 1.027106708120999023e+01
5.190784011604602711e+03 3.308224776852364812e+03 2.064021981986553783e+03 1.242145625154522349e+03 7.053201850431838693e+02 3.657808088933799127e+02 1.652207426029025896e+02 6.061189609129578315e+01 1.723184922762055749e+02 2.761435030032102222e+00
8.796110041988853254e+02 5.605994993390607988e+02 3.497615088982555562e+02 2.104893900922818943e+02 1.195209422816640910e+02 6.198385906793433264e+01 2.799769418078706806e+01 1.027106708120999023e+01 2.761435030032102222e+00 2.135386853384894934e+01
