2.339167229878746439e+05 6.626262392893721117e+05 4.094579885121303960e+05 2.403482867967160710e+05 1.309976181989433971e+05 6.425436793286020838e+04 2.715141754458289142e+04 9.299859606932521274e+03 2.372253946880631247e+03 4.000542499622757191e+02
6.626262392893719953e+05 1.297424089477178059e+05 2.620249702600467135e+05 1.538063842124721268e+05 8.382947207219580014e+04 4.111837922094176611e+04 1.737504108904857640e+04 5.951270961359967259e+03 1.518079479019032533e+03 2.560072239149026814e+02
4.094579885121303960e+05 2.620249702600467135e+05 6.850515127398430195e+04 9.504189385482551006e+04 5.180091728562737262e+04 2.540836424579516461e+04 1.073659470875642728e+04 3.677481048052706683e+03 9.380699601441900768e+02 1.581950679483933868e+02
2.403482867967160710e+05 1.538063842124721268e+05 9.504189385482551006e+04 3.385102196019544499e+04 3.040668902160176731e+04 1.491448936916487764e+04 6.302287943281500702e+03 2.158649469359846080e+03 5.506389279041759437e+02 9.285913238437166228e+01
1.309976181989433971e+05 8.382947207219580014e+04 5.180091728562737262e+04 3.040668902160176731e+04 1.529187217405807132e+04 8.128880842269251843e+03 3.434951506319928740e+03 1.176534032263451536e+03 3.001160898811628499e+02 5.061124143007314302e+01
6.425436793286020838e+04 4.111837922094176611e+04 2.540836424579516824e+04 1.491448936916487764e+04 8.128880842269250024e+03 6.117477179127295130e+03 1.684844663232154062e+03 5.770902680060879675e+02 1.472070250354454402e+02 2.482482790983269538e+01
2.715141754458289506e+04 1.737504108904857640e+04 1.073659470875642728e+04 6.302287943281500702e+03 3.434951506319928740e+03 1.684844663232154289e+03 2.073518750678566448e+03 2.438560884128685302e+02 6.220401088389213839e+01 1.049001476065533645e+01
9.299859606932521274e+03 5.951270961359967259e+03 3.677481048052706683e+03 2.158649469359846535e+03 1.176534032263451536e+03 5.770902680060879675e+02 2.438560884128685302e+02 5.600097192743475034e+02 2.130601716313395144e+01 3.593022883190432282e+00
2.372253946880631247e+03 1.518079479019032533e+03 9.380699601441900768e+02 5.506389279041760574e+02 3.001160898811628499e+02 1.472070250354454117e+02 6.220401088389213839e+01 2.130601716313395144e+01 1.106705008272615771e+02 9.165259558893867897e-01
4.000542499622757191e+02 2.560072239149026814e+02 1.581950679483933868e+02 9.285913238437167649e+01 5.061124143007312881e+01 2.482482790983269538e+01 1.049001476065533645e+01 3.593022883190432282e+00 9.165259558893870118e-01 1.419946270023192803e+01
