7.218747111112174025e+03 1.555288270709379276e+03 8.799939241645378161e+02 4.717949119969285334e+02 2.377500743830299825e+02 1.115193395239863463e+02 4.817133160439326645e+01 1.891386558355037906e+01 6.649631879996381834e+00 2.056105826380911772e+00
1.555288270709379276e+03 3.907779797060193232e+03 5.217251813648363168e+02 2.797147562834546761e+02 1.409557467055841755e+02 6.611687426600892081e+01 2.855951163725152497e+01 1.121353191302592300e+01 3.942391309001626709e+00 1.219010899640375900e+00
8.799939241645377024e+02 5.217251813648363168e+02 2.013254017469738983e+03 1.582647350104008979e+02 7.975383278651870000e+01 3.740942996522506547e+01 1.615918874410643014e+01 6.344701582162103115e+00 2.230634965837004380e+00 6.897256318178242029e-01
4.717949119969285334e+02 2.797147562834546193e+02 1.582647350104008979e+02 9.800254673186874470e+02 4.275876399562266528e+01 2.005647792972554555e+01 8.663495078906906954e+00 3.401612036634072300e+00 1.195919879109946349e+00 3.697855574110448518e-01
2.377500743830299257e+02 1.409557467055841755e+02 7.975383278651870000e+01 4.275876399562267238e+01 4.471013615922930740e+02 1.010699564238812620e+01 4.365766876774924476e+00 1.714163281899118374e+00 6.026560121453472529e-01 1.863448323512621185e-01
1.115193395239863179e+02 6.611687426600892081e+01 3.740942996522506547e+01 2.005647792972553844e+01 1.010699564238812620e+01 1.892979749368563773e+02 2.047811929721051971e+00 8.040475172499176315e-01 2.826825632295395518e-01 8.740713407324181283e-02
4.817133160439327355e+01 2.855951163725152497e+01 1.615918874410643014e+01 8.663495078906908731e+00 4.365766876774925365e+00 2.047811929721051971e+00 7.358281558239757203e+01 3.473123114292130942e-01 1.221061346869001113e-01 3.775594491506260864e-02
1.891386558355037906e+01 1.121353191302592656e+01 6.344701582162103115e+00 3.401612036634072300e+00 1.714163281899118374e+00 8.040475172499175205e-01 3.473123114292130942e-01 2.591840295572969310e+01 4.794343318888653893e-02 1.482439540945343359e-02
6.649631879996381834e+00 3.942391309001626709e+00 2.230634965837004824e+00 1.195919879109946349e+00 6.026560121453471419e-01 2.826825632295396074e-01 1.221061346869001113e-01 4.794343318888653893e-02 8.148528510348109322e+00 5.211878654890462689e-03
2.056105826380911772e+00 1.219010899640375900e+00 6.897256318178242029e-01 3.697855574110449073e-01 1.863448323512620908e-01 8.740713407324181283e-02 3.775594491506260864e-02 1.482439540945343533e-02 5.211878654890462689e-03 2.245754315858873085e+00
