2.530125000283420832e+03 2.370605144941996798e+02 1.364757882232244413e+02 7.513456998989994418e+01 3.935560243169918948e+01 1.948664196980909935e+01 9.059256721565555281e+00 3.923447521026306894e+00 1.568890278261042326e+00 5.734088855251358030e-01
2.370605144941996798e+02 1.402336730724061226e+03 8.176204800151930385e+01 4.501279236460429445e+01 2.357776933946821529e+01 1.167436200125072254e+01 5.427361091442899799e+00 2.350520255071919529e+00 9.399153059331244453e-01 3.435267561607356357e-01
1.364757882232244413e+02 8.176204800151928964e+01 7.455401092468158595e+02 2.591387406373835489e+01 1.357372678455074499e+01 6.720932667860788357e+00 3.124532925726239974e+00 1.353195006895354657e+00 5.411094399840886693e-01 1.977684260191333587e-01
7.513456998989994418e+01 4.501279236460429445e+01 2.591387406373835134e+01 3.783330122888598908e+02 7.472798936683892279e+00 3.700102358850918982e+00 1.720161801958182135e+00 7.449799431769129621e-01 2.978991777221443038e-01 1.088782548170569159e-01
3.935560243169918948e+01 2.357776933946821529e+01 1.357372678455074677e+01 7.472798936683892279e+00 1.823227117992677506e+02 1.938119262692316713e+00 9.010233771905779010e-01 3.902216312304935264e-01 1.560400439469983858e-01 5.703059604404923932e-02
1.948664196980910290e+01 1.167436200125072077e+01 6.720932667860788357e+00 3.700102358850918982e+00 1.938119262692316491e+00 8.289630545303079145e+01 4.461352100558604317e-01 1.932154190717896847e-01 7.726209945904143062e-02 2.823828725183147315e-02
9.059256721565557058e+00 5.427361091442899799e+00 3.124532925726239974e+00 1.720161801958182135e+00 9.010233771905779010e-01 4.461352100558604317e-01 3.531877415582700763e+01 8.982502406767234326e-02 3.591882043766232713e-02 1.312785927857632561e-02
3.923447521026306894e+00 2.350520255071919529e+00 1.353195006895354657e+00 7.449799431769129621e-01 3.902216312304935264e-01 1.932154190717897124e-01 8.982502406767234326e-02 1.399042780742681202e+01 1.555597896556590136e-02 5.685506937925863605e-03
1.568890278261042104e+00 9.399153059331244453e-01 5.411094399840886693e-01 2.978991777221443038e-01 1.560400439469983858e-01 7.726209945904143062e-02 3.591882043766232019e-02 1.555597896556590136e-02 5.106513791042951667e+00 2.273494551435797668e-03
5.734088855251358030e-01 3.435267561607356357e-01 1.977684260191333865e-01 1.088782548170569159e-01 5.703059604404924626e-02 2.823828725183147662e-02 1.312785927857632734e-02 5.685506937925863605e-03 2.273494551435797668e-03 1.700070114114074604e+00
