5.912975790610365220e+04 8.362659076013178856e+04 4.632559294092849450e+04 2.382180020101995979e+04 1.115593151763257447e+04 4.644868527841381365e+03 1.666983042310981318e+03 4.959023582829037764e+02 1.163323217754700352e+02 2.017494210277717315e+01
8.362659076013178856e+04 3.056932476390964803e+04 2.722287815325419433e+04 1.399869754695761367e+04 6.555697296261584597e+03 2.729521241801439373e+03 9.795897551109313781e+02 2.914132042014251738e+02 6.836179355582160611e+01 1.185564945306133566e+01
4.632559294092849450e+04 2.722287815325419797e+04 1.479250032187006036e+04 7.754686139527502746e+03 3.631578922805307684e+03 1.512039278678731307e+03 5.426512767277291687e+02 1.614305850894837988e+02 3.786954116140498172e+01 6.567528170414147937e+00
2.382180020101995979e+04 1.399869754695761367e+04 7.754686139527502746e+03 6.596091879168431660e+03 1.867450409617345258e+03 7.775291217256278742e+02 2.790451124828551883e+02 8.301171987672260855e+01 1.947348292771165390e+01 3.377190316585298557e+00
1.115593151763257447e+04 6.555697296261584597e+03 3.631578922805307684e+03 1.867450409617344803e+03 2.658424623541394340e+03 3.641228438547945530e+02 1.306789637609135468e+02 3.887502431768213995e+01 9.119581228879448886e+00 1.581564095740519260e+00
4.644868527841381365e+03 2.729521241801439373e+03 1.512039278678731307e+03 7.775291217256278742e+02 3.641228438547945530e+02 9.451619467874581915e+02 5.440931625159364415e+01 1.618595244035606839e+01 3.797016481336768390e+00 6.584978835212497161e-01
1.666983042310981318e+03 9.795897551109311507e+02 5.426512767277290550e+02 2.790451124828551883e+02 1.306789637609135184e+02 5.440931625159364415e+01 2.873252960417327699e+02 5.808928300122387256e+00 1.362699944643051664e+00 2.363263456539067275e-01
4.959023582829037764e+02 2.914132042014251738e+02 1.614305850894837988e+02 8.301171987672260855e+01 3.887502431768213285e+01 1.618595244035606839e+01 5.808928300122387256e+00 7.180139400510923053e+01 4.053827177771645029e-01 7.030352988575266915e-02
1.163323217754700352e+02 6.836179355582160611e+01 3.786954116140498172e+01 1.947348292771165390e+01 9.119581228879448886e+00 3.797016481336768390e+00 1.362699944643051442e+00 4.053827177771645029e-01 1.402785452778065256e+01 1.649230483383791121e-02
2.017494210277717315e+01 1.185564945306133566e+01 6.567528170414147937e+00 3.377190316585298113e+00 1.581564095740519260e+00 6.584978835212497161e-01 2.363263456539066998e-01 7.030352988575266915e-02 1.649230483383791121e-02 2.008105913116304375e+00
