2.407016586601526651e+05 7.030029639931721613e+05 4.366450049542279448e+05 2.583267393191717565e+05 1.423830506200798263e+05 7.087584143522169325e+04 3.052000185377192611e+04 1.070036949537769760e+04 2.805592941507678916e+03 4.880277746378834536e+02
7.030029639931721613e+05 1.340990872951580677e+05 2.802319466796151828e+05 1.657900679440900858e+05 9.137921880872032489e+04 4.548700842239096528e+04 1.958726066967036604e+04 6.867330073305649421e+03 1.800585745099044743e+03 3.132086060043920952e+02
4.366450049542278866e+05 2.802319466796151246e+05 7.125629472048130992e+04 1.029745374437881837e+05 5.675691496776490385e+04 2.825261917123411331e+04 1.216592243589891405e+04 4.265395065830742169e+03 1.118369070769551854e+03 1.945382599010249294e+02
2.583267393191717565e+05 1.657900679440900858e+05 1.029745374437881837e+05 3.551677577730447956e+04 3.357837284540825931e+04 1.671473829981474410e+04 7.197570195507379140e+03 2.523481516477314926e+03 6.616464911526820742e+02 1.150922002607710368e+02
1.423830506200798554e+05 9.137921880872032489e+04 5.675691496776490385e+04 3.357837284540826658e+04 1.623064528369683467e+04 9.212733593573004327e+03 3.967115460789808822e+03 1.390878069557856634e+03 3.646825183125706644e+02 6.343585886189967482e+01
7.087584143522167869e+04 4.548700842239096528e+04 2.825261917123412059e+04 1.671473829981474410e+04 9.212733593573004327e+03 6.588131071106685340e+03 1.974762060017992553e+03 6.923552563622873777e+02 1.815327051187224754e+02 3.157728293095749450e+01
3.052000185377192611e+04 1.958726066967036604e+04 1.216592243589891405e+04 7.197570195507379140e+03 3.967115460789808822e+03 1.974762060017992553e+03 2.273836556895877038e+03 2.981366186242534013e+02 7.817019712996813041e+01 1.359756320453324641e+01
1.070036949537769578e+04 6.867330073305649421e+03 4.265395065830742169e+03 2.523481516477314472e+03 1.390878069557856634e+03 6.923552563622872640e+02 2.981366186242534013e+02 6.277262258413378504e+02 2.740661671073248939e+01 4.767330985835957158e+00
2.805592941507678916e+03 1.800585745099044743e+03 1.118369070769551854e+03 6.616464911526820742e+02 3.646825183125706644e+02 1.815327051187225038e+02 7.817019712996813041e+01 2.740661671073248939e+01 1.272481088100960562e+02 1.249974607836670248e+00
4.880277746378834536e+02 3.132086060043920952e+02 1.945382599010249294e+02 1.150922002607710510e+02 6.343585886189967482e+01 3.157728293095749450e+01 1.359756320453324641e+01 4.767330985835957158e+00 1.249974607836670248e+00 1.679416493870871463e+01
