6.660406254671155475e+05 3.231246648649441777e+05 1.882453613762365712e+05 1.024486745378495543e+05 5.088020830838050460e+04 2.233896995769001296e+04 8.313352514760383201e+03 2.477360857107591983e+03 5.474125509615241754e+02 8.084768405617998610e+01
3.231246648649441777e+05 2.715482351874573505e+05 1.153057598867799534e+05 6.275279337890431634e+04 3.116560769043242180e+04 1.368326893809218018e+04 5.092170250109156768e+03 1.517455591225077342e+03 3.353061116551221517e+02 4.952155833764378912e+01
1.882453613762365712e+05 1.153057598867799679e+05 1.039858474357783125e+05 3.655840470091496536e+04 1.815640129065231304e+04 7.971573160891331099e+03 2.966586996142104908e+03 8.840364330031867439e+02 1.953420058062150133e+02 2.885017660004543316e+01
1.024486745378495543e+05 6.275279337890431634e+04 3.655840470091496536e+04 3.689312496771065344e+04 9.881248775564479729e+03 4.338365090880306525e+03 1.614504088887182888e+03 4.811186854337967134e+02 1.063108776232398327e+02 1.570111651755500404e+01
5.088020830838050460e+04 3.116560769043242180e+04 1.815640129065231304e+04 9.881248775564479729e+03 1.198432427194526099e+04 2.154609813524186848e+03 8.018288643350193752e+02 2.389432469122074281e+02 5.279833656528953867e+01 7.797817616392961781e+00
2.233896995769001296e+04 1.368326893809218018e+04 7.971573160891332009e+03 4.338365090880306525e+03 2.154609813524186848e+03 3.518856418115870838e+03 3.520431913923276852e+02 1.049081006511037799e+02 2.318112471551614107e+01 3.423634046707637602e+00
8.313352514760385020e+03 5.092170250109156768e+03 2.966586996142104908e+03 1.614504088887182888e+03 8.018288643350193752e+02 3.520431913923276852e+02 9.137938243866323091e+02 3.904110279115008098e+01 8.626756820646079404e+00 1.274090827183302466e+00
2.477360857107591983e+03 1.517455591225077114e+03 8.840364330031868576e+02 4.811186854337967134e+02 2.389432469122073996e+02 1.049081006511037799e+02 3.904110279115008098e+01 1.998324725400815112e+02 2.570754654432037878e+00 3.796762783798208751e-01
5.474125509615241754e+02 3.353061116551222085e+02 1.953420058062149849e+02 1.063108776232398185e+02 5.279833656528953867e+01 2.318112471551613751e+01 8.626756820646079404e+00 2.570754654432037434e+00 3.366289697833442318e+01 8.389555340360695113e-02
8.084768405617997189e+01 4.952155833764378912e+01 2.885017660004543316e+01 1.570111651755500404e+01 7.797817616392961781e+00 3.423634046707637602e+00 1.274090827183302466e+00 3.796762783798208751e-01 8.389555340360696500e-02 3.847576631620867271e+00
