1.934108085761052324e+06 9.946730277905368712e+05 6.103800254055282567e+05 3.591199475811144221e+05 1.967060424030763679e+05 9.586756358516865293e+04 3.882666198652159801e+04 1.177813683908067833e+04 2.287825723254421973e+03 2.241322364028097525e+02
9.946730277905368712e+05 8.136562687751365593e+05 3.831553446777051431e+05 2.254312421260224073e+05 1.234787646058107784e+05 6.017917992071047047e+04 2.437275539324308920e+04 7.393518615293569383e+03 1.436142431059522096e+03 1.406950763751609657e+02
6.103800254055282567e+05 3.831553446777052013e+05 3.331070425672078272e+05 1.383356373920470942e+05 7.577261006519377406e+04 3.692888853182248567e+04 1.495631493011916245e+04 4.537024684647900358e+03 8.812872462252644254e+02 8.633738112217912430e+01
3.591199475811144803e+05 2.254312421260224073e+05 1.383356373920470942e+05 1.288733911582022556e+05 4.458117012695113954e+04 2.172728457974338016e+04 8.799617959553212131e+03 2.669379729198162295e+03 5.185094801522237731e+02 5.079700267433890559e+01
1.967060424030763679e+05 1.234787646058107784e+05 7.577261006519377406e+04 4.458117012695113954e+04 4.529969848920461664e+04 1.190100463823822065e+04 4.819943963407321462e+03 1.462138557711183012e+03 2.840108116416536745e+02 2.782378820589124047e+01
9.586756358516866749e+04 6.017917992071047047e+04 3.692888853182248567e+04 2.172728457974338016e+04 1.190100463823822247e+04 1.375288886394273686e+04 2.349070108594054545e+03 7.125945875341926694e+02 1.384168183717460181e+02 1.356032967987173343e+01
3.882666198652160529e+04 2.437275539324308556e+04 1.495631493011916064e+04 8.799617959553212131e+03 4.819943963407322371e+03 2.349070108594054545e+03 3.398802633601492744e+03 2.886030284793349097e+02 5.605924276353436397e+01 5.491975775919582858e+00
1.177813683908067833e+04 7.393518615293569383e+03 4.537024684647901267e+03 2.669379729198162295e+03 1.462138557711183012e+03 7.125945875341926694e+02 2.886030284793349097e+02 6.355861302480103632e+02 1.700567080923310215e+01 1.666000601034210327e+00
2.287825723254421973e+03 1.436142431059522323e+03 8.812872462252645391e+02 5.185094801522237731e+02 2.840108116416536745e+02 1.384168183717460181e+02 5.605924276353437108e+01 1.700567080923310215e+01 7.958378188528131147e+01 3.236096746096979726e-01
2.241322364028097525e+02 1.406950763751609372e+02 8.633738112217912430e+01 5.079700267433890559e+01 2.782378820589123691e+01 1.356032967987173343e+01 5.491975775919582858e+00 1.666000601034210549e+00 3.236096746096979726e-01 5.226519453529845372e+00
