2.314202047435150016e+05 5.786716358418409945e+05 3.519421187796850572e+05 2.022635392686169071e+05 1.070286848564496468e+05 5.026182384397178976e+04 1.989041737375681987e+04 6.163860811867502889e+03 1.348552094917249178e+03 1.796854457379511132e+02
5.786716358418409945e+05 1.260928531482411199e+05 2.223223245767606422e+05 1.277701582954653277e+05 6.761016867257925333e+04 3.175046383537450311e+04 1.256480424300627055e+04 3.893719424130155858e+03 8.518822288006556391e+02 1.135075452963335039e+02
3.519421187796849990e+05 2.223223245767606713e+05 6.513685438828411861e+04 7.770849207409936935e+04 4.111980705441538885e+04 1.931030453601420959e+04 7.641784309857241169e+03 2.368119982359947244e+03 5.181059827110765355e+02 6.903411799501273549e+01
2.022635392686168780e+05 1.277701582954653277e+05 7.770849207409936935e+04 3.128524055655835764e+04 2.363183394390809917e+04 1.109776389751766146e+04 4.391785632815054669e+03 1.360974727053628612e+03 2.977590466942319267e+02 3.967437908362268217e+01
1.070286848564496468e+05 6.761016867257925333e+04 4.111980705441538885e+04 2.363183394390809917e+04 1.360296355248435430e+04 5.872432960946398453e+03 2.323933627144722323e+03 7.201660550692065499e+02 1.575605731365670579e+02 2.099388071211915019e+01
5.026182384397178976e+04 3.175046383537449583e+04 1.931030453601421323e+04 1.109776389751766146e+04 5.872432960946398453e+03 5.157318941667238505e+03 1.091344276062938889e+03 3.381977406042590815e+02 7.399214315645350837e+01 9.858952630961933750e+00
1.989041737375681987e+04 1.256480424300627055e+04 7.641784309857240260e+03 4.391785632815055578e+03 2.323933627144722323e+03 1.091344276062938889e+03 1.617846940918610926e+03 1.338370496932744516e+02 2.928136102520559447e+01 3.901543312608025449e+00
6.163860811867502889e+03 3.893719424130156312e+03 2.368119982359947244e+03 1.360974727053628612e+03 7.201660550692065499e+02 3.381977406042591383e+02 1.338370496932744516e+02 3.899799772226141386e+02 9.074029486155508195e+00 1.209053056981987950e+00
1.348552094917249178e+03 8.518822288006556391e+02 5.181059827110764218e+02 2.977590466942318699e+02 1.575605731365671147e+02 7.399214315645350837e+01 2.928136102520559447e+01 9.074029486155508195e+00 6.508537576832527805e+01 2.645210660370460598e-01
1.796854457379511700e+02 1.135075452963335039e+02 6.903411799501273549e+01 3.967437908362268217e+01 2.099388071211915019e+01 9.858952630961931973e+00 3.901543312608025449e+00 1.209053056981987950e+00 2.645210660370460598e-01 6.483702542185428186e+00
