2.739717677636792650e+05 7.586715229360890808e+05 4.920455880829392700e+05 3.091390350450638798e+05 1.848269811461092322e+05 1.025486480920103349e+05 5.092925202947459911e+04 2.150031905679006741e+04 7.168923488325085600e+03 1.698991849545960577e+03
7.586715229360890808e+05 1.589855503081560310e+05 3.254064622831698507e+05 2.044441453881924681e+05 1.222323612402672443e+05 6.781890458068282169e+04 3.368124444364652300e+04 1.421889136225762013e+04 4.741052632548690781e+03 1.123601025186918605e+03
4.920455880829392700e+05 3.254064622831698507e+05 8.907230266962200403e+04 1.325947220983557927e+05 7.927527559815910354e+04 4.398477045559799444e+04 2.184437826992930786e+04 9.221833890842968685e+03 3.074867001316332789e+03 7.287250285460684154e+02
3.091390350450638216e+05 2.044441453881924681e+05 1.325947220983557927e+05 4.754138603221665107e+04 4.980652767730026244e+04 2.763445059694390147e+04 1.372423649978349204e+04 5.793830692534380432e+03 1.931856398473820491e+03 4.578383743173516791e+02
1.848269811461092322e+05 1.222323612402672443e+05 7.927527559815910354e+04 4.980652767730026972e+04 2.372456941429471772e+04 1.652199010946609633e+04 8.205399232162515545e+03 3.463995532032051415e+03 1.155011647382745196e+03 2.737308297723808437e+02
1.025486480920103204e+05 6.781890458068283624e+04 4.398477045559798717e+04 2.763445059694390147e+04 1.652199010946609997e+04 1.078558000568876014e+04 4.552650230478531739e+03 1.921949147272152459e+03 6.408419497800125555e+02 1.518756967202284613e+02
5.092925202947459184e+04 3.368124444364651572e+04 2.184437826992930786e+04 1.372423649978349204e+04 8.205399232162515545e+03 4.552650230478531739e+03 4.305222868432863834e+03 9.545072931769194611e+02 3.182645678773116629e+02 7.542679283764444165e+01
2.150031905679006741e+04 1.421889136225762013e+04 9.221833890842968685e+03 5.793830692534380432e+03 3.463995532032050960e+03 1.921949147272152686e+03 9.545072931769196884e+02 1.431976990991629236e+03 1.343587325781546440e+02 3.184221340029158043e+01
7.168923488325085600e+03 4.741052632548690781e+03 3.074867001316332789e+03 1.931856398473820946e+03 1.155011647382745196e+03 6.408419497800125555e+02 3.182645678773116629e+02 1.343587325781546440e+02 3.685558584133582372e+02 1.061725600269723735e+01
1.698991849545960577e+03 1.123601025186918605e+03 7.287250285460684154e+02 4.578383743173516791e+02 2.737308297723809005e+02 1.518756967202284613e+02 7.542679283764444165e+01 3.184221340029158043e+01 1.061725600269723735e+01 6.601744319976329223e+01
