9.535300502012949437e+04 3.440493087393105088e+04 1.985907010347436517e+04 1.077386491142904015e+04 5.419760365247884693e+03 2.486726764448010726e+03 1.019808927970424179e+03 3.646054499948147622e+02 1.101644254686212605e+02 2.708072433567073034e+01
3.440493087393105088e+04 4.190843437722766976e+04 1.206549818579245220e+04 6.545726807222348725e+03 3.292808198652149713e+03 1.510825890068228546e+03 6.195910838810832502e+02 2.215182469532066989e+02 6.693106317188410515e+01 1.645305790449960526e+01
1.985907010347436153e+04 1.206549818579245220e+04 1.773278534503899573e+04 3.778297012691174587e+03 1.900660957405859108e+03 8.720725925870998481e+02 3.576377704512506170e+02 1.278638347381698708e+02 3.863366796175303364e+01 9.496965174534228282e+00
1.077386491142904015e+04 6.545726807222348725e+03 3.778297012691174587e+03 7.210376085986006728e+03 1.031139136466191076e+03 4.731134064454176382e+02 1.940242421216052833e+02 6.936818669497115764e+01 2.095938618898931338e+01 5.152256340596586881e+00
5.419760365247884693e+03 3.292808198652149713e+03 1.900660957405859108e+03 1.031139136466191076e+03 2.799221797500773846e+03 2.379982772756130771e+02 9.760331190271593016e+01 3.489545784630163183e+01 1.054355623361357175e+01 2.591827068180554861e+00
2.486726764448010272e+03 1.510825890068228546e+03 8.720725925870999617e+02 4.731134064454175814e+02 2.379982772756130771e+02 1.023151771507197509e+03 4.478293349712515692e+01 1.601094202254397203e+01 4.837657333838661700e+00 1.189197548399471005e+00
1.019808927970424065e+03 6.195910838810833638e+02 3.576377704512506170e+02 1.940242421216052549e+02 9.760331190271593016e+01 4.478293349712515692e+01 3.438308182149145296e+02 6.566102015406423575e+00 1.983927711738516120e+00 4.876910058301162643e-01
3.646054499948147622e+02 2.215182469532066705e+02 1.278638347381698708e+02 6.936818669497115764e+01 3.489545784630163183e+01 1.601094202254396848e+01 6.566102015406423575e+00 1.027788884102080686e+02 7.093003760372874611e-01 1.743608962053235512e-01
1.101644254686212463e+02 6.693106317188409093e+01 3.863366796175302653e+01 2.095938618898931338e+01 1.054355623361357353e+01 4.837657333838662588e+00 1.983927711738516342e+00 7.093003760372874611e-01 2.624232635874416886e+01 5.268261336994974064e-02
2.708072433567073034e+01 1.645305790449960526e+01 9.496965174534228282e+00 5.152256340596586881e+00 2.591827068180554861e+00 1.189197548399470783e+00 4.876910058301162643e-01 1.743608962053235512e-01 5.268261336994973371e-02 5.465844391042517181e+00
