5.562125184944183566e+05 2.634952980135974940e+05 1.519362629798262205e+05 8.159768454364969512e+04 3.991665318547294737e+04 1.727456330566592078e+04 6.367726343349795570e+03 1.901029133146217646e+03 4.302494115116522266e+02 6.757942389370242608e+01
2.634952980135974358e+05 2.257328232345866854e+05 9.248953461982414592e+04 4.967169602229484735e+04 2.429882507506132242e+04 1.051570105494745076e+04 3.876283610852113725e+03 1.157230646424198540e+03 2.619096130227292747e+02 4.113823351463024380e+01
1.519362629798262496e+05 9.248953461982413137e+04 8.579415002106715110e+04 2.864161875521561160e+04 1.401115201879161395e+04 6.063547748086508363e+03 2.235136833646363812e+03 6.672805972209343963e+02 1.510219276820355390e+02 2.372106642100997220e+01
8.159768454364969512e+04 4.967169602229484735e+04 2.864161875521561160e+04 3.025748534535166254e+04 7.524718194986015078e+03 3.256440869744276370e+03 1.200384863276414080e+03 3.583644260183069719e+02 8.110663887928349425e+01 1.273944782436524648e+01
3.991665318547294009e+04 2.429882507506132242e+04 1.401115201879161395e+04 7.524718194986015078e+03 9.826667753724606882e+03 1.593013595220922753e+03 5.872145336533934596e+02 1.753077748147584600e+02 3.967643926773302354e+01 6.231992040259314081e+00
1.727456330566592442e+04 1.051570105494744894e+04 6.063547748086507454e+03 3.256440869744275915e+03 1.593013595220922753e+03 2.912023177035467597e+03 2.541263814996981409e+02 7.586721361487033732e+01 1.717060693162776630e+01 2.696993170235149506e+00
6.367726343349795570e+03 3.876283610852113725e+03 2.235136833646363812e+03 1.200384863276414080e+03 5.872145336533934596e+02 2.541263814996981409e+02 7.709554263260675953e+02 2.796607046926058260e+01 6.329406084260828180e+00 9.941620030596082236e-01
1.901029133146218101e+03 1.157230646424198767e+03 6.672805972209343963e+02 3.583644260183069719e+02 1.753077748147584600e+02 7.586721361487033732e+01 2.796607046926058260e+01 1.736344140509201281e+02 1.889588954189105552e+00 2.967983906621685097e-01
4.302494115116522266e+02 2.619096130227292747e+02 1.510219276820355390e+02 8.110663887928349425e+01 3.967643926773301644e+01 1.717060693162776630e+01 6.329406084260829957e+00 1.889588954189105552e+00 3.065594722264400929e+01 6.717273854118341325e-02
6.757942389370242608e+01 4.113823351463024380e+01 2.372106642100996865e+01 1.273944782436524825e+01 6.231992040259314081e+00 2.696993170235149506e+00 9.941620030596082236e-01 2.967983906621685097e-01 6.717273854118341325e-02 3.801791927818674477e+00
