5.776329433379417605e+04 1.746300290553820378e+04 9.798112964304318666e+03 5.146174664537717035e+03 2.496669438622407597e+03 1.100796888559686295e+03 4.326892505370597632e+02 1.480622144863746428e+02 4.284057489043645717e+01 1.011979804143800266e+01
1.746300290553820378e+04 2.535881926760876377e+04 5.810058225966921782e+03 3.051564576861646401e+03 1.480468214873073975e+03 6.527475281000805580e+02 2.565748883003208789e+02 8.779752696926766475e+01 2.540348692183147961e+01 6.000810163138944553e+00
9.798112964304320485e+03 5.810058225966921782e+03 1.074800713228875975e+04 1.712166836579841629e+03 8.306586723860638131e+02 3.662425100706289527e+02 1.439586165660566337e+02 4.926129210908053579e+01 1.425334668348445000e+01 3.366924702116043555e+00
5.146174664537717035e+03 3.051564576861646401e+03 1.712166836579841629e+03 4.381108031840442891e+03 4.362793764763669628e+02 1.923582564590272455e+02 7.561008818872508641e+01 2.587306497870546096e+01 7.486156962533891956e+00 1.768379550486843144e+00
2.496669438622407597e+03 1.480468214873073748e+03 8.306586723860638131e+02 4.362793764763669628e+02 1.699896896822155668e+03 9.332271278652497415e+01 3.668227542550630460e+01 1.255233155239754517e+01 3.631913123719770820e+00 8.579303011243477606e-01
1.100796888559686295e+03 6.527475281000805580e+02 3.662425100706289527e+02 1.923582564590272739e+02 9.332271278652498836e+01 6.163837541590743285e+02 1.617344051600486665e+01 5.534400070468657340e+00 1.601332801316219800e+00 3.782667386675963028e-01
4.326892505370598769e+02 2.565748883003208789e+02 1.439586165660566337e+02 7.561008818872507220e+01 3.668227542550629749e+01 1.617344051600486665e+01 2.035710840731937594e+02 2.175401696308022270e+00 6.294344550414825434e-01 1.486849693691750240e-01
1.480622144863746144e+02 8.779752696926766475e+01 4.926129210908054290e+01 2.587306497870546096e+01 1.255233155239754517e+01 5.534400070468657340e+00 2.175401696308022270e+00 5.929875294964979560e+01 2.153865832622160748e-01 5.087860583158462097e-02
4.284057489043645717e+01 2.540348692183147961e+01 1.425334668348445355e+01 7.486156962533891956e+00 3.631913123719770820e+00 1.601332801316219800e+00 6.294344550414825434e-01 2.153865832622161303e-01 1.468408097221868580e+01 1.472130300772707227e-02
1.011979804143800266e+01 6.000810163138944553e+00 3.366924702116043555e+00 1.768379550486842700e+00 8.579303011243475385e-01 3.782667386675963028e-01 1.486849693691750240e-01 5.087860583158462097e-02 1.472130300772707227e-02 2.968049977853272736e+00
