2.590161387383918554e+04 1.665256425964174559e+04 8.900562433721332127e+03 4.408867356415959875e+03 1.991986482536636458e+03 8.047230877130571116e+02 2.836942765605286354e+02 8.468032500755862202e+01 2.062820260346036605e+01 3.916239883200866689e+00
1.665256425964174559e+04 1.310058230548052052e+04 5.064501719403066090e+03 2.508685992987638656e+03 1.133458592191064781e+03 4.578948231322212337e+02 1.614246472764633324e+02 4.818388217530685580e+01 1.173763661918836299e+01 2.228376439102525364e+00
8.900562433721333946e+03 5.064501719403066090e+03 6.191758491650608448e+03 1.340857537556744091e+03 6.058177472573521527e+02 2.447383716898985710e+02 8.627921376095119399e+01 2.575361036977120932e+01 6.273602426901390139e+00 1.191036005796043185e+00
4.408867356415959875e+03 2.508685992987638656e+03 1.340857537556743864e+03 2.697702485839443398e+03 3.000900347264525863e+02 1.212304307554697544e+02 4.273815412458709773e+01 1.275697495688110727e+01 3.107610463166317505e+00 5.899761734579200834e-01
1.991986482536636231e+03 1.133458592191064781e+03 6.058177472573521527e+02 3.000900347264525863e+02 1.066217208499729168e+03 5.477356423199361757e+01 1.930968169882787322e+01 5.763775504650964443e+00 1.404060847194307904e+00 2.665592923399323633e-01
8.047230877130569979e+02 4.578948231322212337e+02 2.447383716898985710e+02 1.212304307554697544e+02 5.477356423199361757e+01 3.746720462277936576e+02 7.800728978667296865e+00 2.328451152480299324e+00 5.672127748840954942e-01 1.076846749066494580e-01
2.836942765605286354e+02 1.614246472764633324e+02 8.627921376095119399e+01 4.273815412458709062e+01 1.930968169882787322e+01 7.800728978667297753e+00 1.142304165782121714e+02 8.208640652857329689e-01 1.999632175136641099e-01 3.796278050268987042e-02
8.468032500755860781e+01 4.818388217530685580e+01 2.575361036977120577e+01 1.275697495688110905e+01 5.763775504650963555e+00 2.328451152480298880e+00 8.208640652857330799e-01 2.931222514816348479e+01 5.968731711441990773e-02 1.133156660801545521e-02
2.062820260346036250e+01 1.173763661918836299e+01 6.273602426901391027e+00 3.107610463166317061e+00 1.404060847194307682e+00 5.672127748840954942e-01 1.999632175136641099e-01 5.968731711441990773e-02 6.100924119463264184e+00 2.760379719656062044e-03
3.916239883200866689e+00 2.228376439102525364e+00 1.191036005796043407e+00 5.899761734579200834e-01 2.665592923399323633e-01 1.076846749066494718e-01 3.796278050268987042e-02 1.133156660801545521e-02 2.760379719656062044e-03 9.833764214081521793e-01
