1.785352210970985238e+06 9.157177617473145947e+05 5.626159201008055825e+05 3.319997706040277844e+05 1.829082007171434234e+05 9.010582656403498549e+04 3.716914855927934696e+04 1.162784771363214350e+04 2.374289221086833550e+03 2.520609823098256186e+02
9.157177617473145947e+05 7.526805157020331826e+05 3.533119571315008798e+05 2.084894588448572322e+05 1.148628257074497669e+05 5.658472288979437872e+04 2.334150910631454826e+04 7.302064314487104639e+03 1.491007882158958637e+03 1.582894400862610667e+02
5.626159201008055825e+05 3.533119571315008798e+05 3.094112928243188653e+05 1.280956792794920912e+05 7.057158555870376586e+04 3.476558745736717538e+04 1.434099585152990767e+04 4.486379760824233017e+03 9.160734961586279042e+02 9.725284656097724678e+01
3.319997706040277844e+05 2.084894588448572031e+05 1.280956792794920912e+05 1.206216570191485516e+05 4.164430720775585360e+04 2.051518033597791509e+04 8.462624612698771671e+03 2.647413623079355148e+03 5.405751592073704614e+02 5.738892483356679719e+01
1.829082007171433943e+05 1.148628257074497669e+05 7.057158555870376586e+04 4.164430720775585360e+04 4.293883387419380597e+04 1.130240155230974051e+04 4.662302743273540727e+03 1.458536135342811122e+03 2.978183675943898834e+02 3.161720552788763072e+01
9.010582656403498549e+04 5.658472288979437872e+04 3.476558745736717538e+04 2.051518033597791145e+04 1.130240155230974051e+04 1.329918153149287537e+04 2.296784073799351972e+03 7.185167397268008926e+02 1.467138710720964525e+02 1.557554241179670029e+01
3.716914855927934696e+04 2.334150910631454826e+04 1.434099585152990949e+04 8.462624612698771671e+03 4.662302743273541637e+03 2.296784073799352427e+03 3.382093731940969974e+03 2.963921031483469619e+02 6.052027796127361370e+01 6.424996827302872582e+00
1.162784771363214350e+04 7.302064314487103729e+03 4.486379760824233017e+03 2.647413623079355148e+03 1.458536135342811349e+03 7.185167397268008926e+02 2.963921031483469619e+02 6.577276410169770315e+02 1.893292160292683945e+01 2.009970299677372729e+00
2.374289221086833550e+03 1.491007882158958637e+03 9.160734961586279042e+02 5.405751592073704614e+02 2.978183675943898834e+02 1.467138710720964525e+02 6.052027796127361370e+01 1.893292160292684301e+01 8.696133979019020899e+01 4.104156620174697623e-01
2.520609823098256186e+02 1.582894400862610667e+02 9.725284656097724678e+01 5.738892483356680430e+01 3.161720552788762362e+01 1.557554241179670029e+01 6.424996827302872582e+00 2.009970299677372285e+00 4.104156620174697623e-01 6.208604104522687628e+00
