8.402763630572351758e+03 2.428796740753746235e+03 1.423248632656337122e+03 7.950070778130253757e+02 4.204217015969739464e+02 2.087537153634861511e+02 9.646013874889118256e+01 4.103140211436584650e+01 1.586855630476126677e+01 5.499829841794801943e+00
2.428796740753745780e+03 4.701789441002682906e+03 8.695790683385979492e+02 4.857348872044697146e+02 2.568700248119622529e+02 1.275447291167947981e+02 5.893539305814782381e+01 2.506944156106002097e+01 9.695399729011954904e+00 3.360296156352288843e+00
1.423248632656337122e+03 8.695790683385978355e+02 2.516884946604370271e+03 2.846353926811920019e+02 1.505230575492984428e+02 7.473983239193012196e+01 3.453550318872779457e+01 1.469042173210582192e+01 5.681399425416947757e+00 1.969097219870503457e+00
7.950070778130252620e+02 4.857348872044698282e+02 2.846353926811920019e+02 1.280971604146378240e+03 8.408010615995077330e+01 4.174864066810673080e+01 1.929105627850093541e+01 8.205867186596105256e+00 3.173551445230835544e+00 1.099910578362733204e+00
4.204217015969740032e+02 2.568700248119622529e+02 1.505230575492984428e+02 8.408010615995075909e+01 6.155893981253699394e+02 2.207783432234304399e+01 1.020164339734067127e+01 4.339489222105872734e+00 1.678261660738668004e+00 5.816630944115045443e-01
2.087537153634861511e+02 1.275447291167947981e+02 7.473983239193010775e+01 4.174864066810673080e+01 2.207783432234305110e+01 2.770183419648942618e+02 5.065463923291371628e+00 2.154704418095922058e+00 8.333141598079034651e-01 2.888155668153971622e-01
9.646013874889119677e+01 5.893539305814783802e+01 3.453550318872780167e+01 1.929105627850093541e+01 1.020164339734067127e+01 5.065463923291371628e+00 1.156910561820941581e+02 9.956377867118721969e-01 3.850547011176496115e-01 1.334548206691501537e-01
4.103140211436584650e+01 2.506944156106002097e+01 1.469042173210582547e+01 8.205867186596107032e+00 4.339489222105872734e+00 2.154704418095922058e+00 9.956377867118721969e-01 4.435353996717215352e+01 1.637913285477919922e-01 5.676788860143981014e-02
1.586855630476126855e+01 9.695399729011954904e+00 5.681399425416946869e+00 3.173551445230835100e+00 1.678261660738668004e+00 8.333141598079034651e-01 3.850547011176495560e-01 1.637913285477919922e-01 1.541579625411323740e+01 2.195451264530314667e-02
5.499829841794801943e+00 3.360296156352288843e+00 1.969097219870503679e+00 1.099910578362733204e+00 5.816630944115045443e-01 2.888155668153971622e-01 1.334548206691501260e-01 5.676788860143980320e-02 2.195451264530313973e-02 4.787640004662833348e+00
