3.570588744133231230e+05 1.053398166026852094e+06 6.720308357546250336e+05 4.179905296305831871e+05 2.481609648405815824e+05 1.361972845373810851e+05 6.579742514859599760e+04 2.598028821357369452e+04 7.499054566425516896e+03 1.336539692603941148e+03
1.053398166026852094e+06 2.019231856902648869e+05 4.339193207954277168e+05 2.698896495018093265e+05 1.602334767729028245e+05 8.794035936502825643e+04 4.248432142032149568e+04 1.677504723878404184e+04 4.842016900038974200e+03 8.629818228200855401e+02
6.720308357546250336e+05 4.339193207954277168e+05 1.105020533382715803e+05 1.721800669165018480e+05 1.022233005376414076e+05 5.610284421089026728e+04 2.710349699796134882e+04 1.070188783242668433e+04 3.089035816669784708e+03 5.505519321514068452e+02
4.179905296305831871e+05 2.698896495018093265e+05 1.721800669165018771e+05 5.763082334207786334e+04 6.358096869816280378e+04 3.489491302755407378e+04 1.685786494052377384e+04 6.656372781019873401e+03 1.921322130416480832e+03 3.424329382902481598e+02
2.481609648405815533e+05 1.602334767729027953e+05 1.022233005376413930e+05 6.358096869816279650e+04 2.799592503264925472e+04 2.071710881248732767e+04 1.000851390697752504e+04 3.951888319422861969e+03 1.140688890906464621e+03 2.033024251396476814e+02
1.361972845373810851e+05 8.794035936502825643e+04 5.610284421089026728e+04 3.489491302755407378e+04 2.071710881248732767e+04 1.224978019052160744e+04 5.492936478791613808e+03 2.168900569217850261e+03 6.260401572149743288e+02 1.115777344824225565e+02
6.579742514859601215e+04 4.248432142032150296e+04 2.710349699796134519e+04 1.685786494052377384e+04 1.000851390697752504e+04 5.492936478791613808e+03 4.591647872832183566e+03 1.047804097876053675e+03 3.024423763240442895e+02 5.390362706418088834e+01
2.598028821357369452e+04 1.677504723878404184e+04 1.070188783242668433e+04 6.656372781019873401e+03 3.951888319422861969e+03 2.168900569217849807e+03 1.047804097876053675e+03 1.367736968969863256e+03 1.194201762022058944e+02 2.128399042548693032e+01
7.499054566425518715e+03 4.842016900038974200e+03 3.089035816669784708e+03 1.921322130416480832e+03 1.140688890906464621e+03 6.260401572149743288e+02 3.024423763240442895e+02 1.194201762022059086e+02 2.893711388134377103e+02 6.143496341530760851e+00
1.336539692603941148e+03 8.629818228200855401e+02 5.505519321514067315e+02 3.424329382902481598e+02 2.033024251396476814e+02 1.115777344824225565e+02 5.390362706418088123e+01 2.128399042548693387e+01 6.143496341530761740e+00 3.670872011271109869e+01
