3.373222836618864094e+05 1.167665409415382193e+06 7.352225945865263930e+05 4.482240565123198903e+05 2.587061115189333796e+05 1.367059352408144332e+05 6.288673568280912878e+04 2.336838703759095006e+04 6.275414365404730233e+03 1.031186282737423198e+03
1.167665409415382193e+06 1.882575914012307476e+05 4.710164597232079250e+05 2.871523669371693977e+05 1.657386996178129921e+05 8.757993309018274886e+04 4.028805401651717693e+04 1.497083334072157413e+04 4.020310963581565375e+03 6.606240284049847560e+02
7.352225945865266258e+05 4.710164597232078668e+05 1.012483776228206407e+05 1.808059967854236311e+05 1.043576659664986946e+05 5.514486009525383270e+04 2.536744461728650640e+04 9.426411747007767190e+03 2.531395923742398281e+03 4.159630903627567591e+02
4.482240565123199485e+05 2.871523669371694559e+05 1.808059967854236311e+05 5.161190468395793869e+04 6.362102676396572497e+04 3.361873406733301090e+04 1.546511085680954420e+04 5.746755530514315069e+03 1.543250381493868645e+03 2.535894096489893741e+02
2.587061115189333213e+05 1.657386996178129630e+05 1.043576659664986946e+05 6.362102676396571769e+04 2.434893054792852126e+04 1.940407222321804147e+04 8.926157879847012737e+03 3.316914287728372983e+03 8.907337736465634634e+02 1.463668206547247337e+02
1.367059352408144332e+05 8.757993309018273430e+04 5.514486009525383270e+04 3.361873406733301090e+04 1.940407222321803783e+04 1.026773221799299245e+04 4.716775935083956938e+03 1.752729640421896420e+03 4.706830962051770939e+02 7.734341097838473900e+01
6.288673568280912878e+04 4.028805401651717693e+04 2.536744461728650640e+04 1.546511085680954420e+04 8.926157879847012737e+03 4.716775935083956028e+03 3.676235493064930324e+03 8.062813470861575524e+02 2.165211291615084406e+02 3.557910367561289888e+01
2.336838703759095006e+04 1.497083334072157413e+04 9.426411747007767190e+03 5.746755530514315979e+03 3.316914287728372983e+03 1.752729640421896420e+03 8.062813470861576661e+02 1.036106711004509862e+03 8.045813625281707004e+01 1.322101165078564833e+01
6.275414365404729324e+03 4.020310963581565375e+03 2.531395923742398281e+03 1.543250381493868645e+03 8.907337736465634634e+02 4.706830962051770371e+02 2.165211291615084122e+02 8.045813625281707004e+01 2.054981658582103989e+02 3.550408776825730861e+00
1.031186282737423198e+03 6.606240284049846423e+02 4.159630903627568159e+02 2.535894096489893741e+02 1.463668206547247337e+02 7.734341097838475321e+01 3.557910367561289178e+01 1.322101165078564833e+01 3.550408776825730861e+00 2.426994765154101685e+01
