3.049236886216074927e+05 8.887836285599439871e+05 5.705124848127457080e+05 3.557265361537612043e+05 2.113206014511411486e+05 1.162478289921255782e+05 5.676888991397580685e+04 2.313573085308964073e+04 7.185064544337015832e+03 1.488004812536980580e+03
8.887836285599438706e+05 1.742965123631581664e+05 3.721692679714161786e+05 2.320553679062889714e+05 1.378533084603121097e+05 7.583334382851562987e+04 3.703273243839497445e+04 1.509240944727826354e+04 4.687119533713565943e+03 9.706880682928401711e+02
5.705124848127457080e+05 3.721692679714161204e+05 9.628308815156726632e+04 1.489569342910367704e+05 8.848839134984835982e+04 4.867761739644579211e+04 2.377140568741848256e+04 9.687856232825908592e+03 3.008674019036493064e+03 6.230871542009756467e+02
3.557265361537612043e+05 2.320553679062889714e+05 1.489569342910367704e+05 5.066922164795238496e+04 5.517437353720951796e+04 3.035151847788078521e+04 1.482197152524483681e+04 6.040582164630299303e+03 1.875971544354460320e+03 3.885079485308149287e+02
2.113206014511411486e+05 1.378533084603121388e+05 8.848839134984835982e+04 5.517437353720951069e+04 2.488295040984965090e+04 1.803042643107404001e+04 8.805044378394512023e+03 3.588429106095559291e+03 1.114427501936079807e+03 2.307945149096033504e+02
1.162478289921255637e+05 7.583334382851562987e+04 4.867761739644579211e+04 3.035151847788078885e+04 1.803042643107404001e+04 1.107052299567261980e+04 4.843670168165493124e+03 1.974001068571679752e+03 6.130484996709606094e+02 1.269604625261077189e+02
5.676888991397580685e+04 3.703273243839497445e+04 2.377140568741848256e+04 1.482197152524483681e+04 8.805044378394512023e+03 4.843670168165493124e+03 4.273467615692665277e+03 9.639909005045346930e+02 2.993783461720066157e+02 6.200033654873913491e+01
2.313573085308964073e+04 1.509240944727826354e+04 9.687856232825908592e+03 6.040582164630299303e+03 3.588429106095559746e+03 1.974001068571679525e+03 9.639909005045348067e+02 1.344456780879104599e+03 1.220093760997335437e+02 2.526776728180249521e+01
7.185064544337016741e+03 4.687119533713565943e+03 3.008674019036493064e+03 1.875971544354460320e+03 1.114427501936079807e+03 6.130484996709607231e+02 2.993783461720066157e+02 1.220093760997335579e+02 3.145546560935826506e+02 7.847192723837940420e+00
1.488004812536980580e+03 9.706880682928401711e+02 6.230871542009756467e+02 3.885079485308148719e+02 2.307945149096033788e+02 1.269604625261077331e+02 6.200033654873913491e+01 2.526776728180249521e+01 7.847192723837940420e+00 4.786515257602915341e+01
