3.359687543890625238e+04 8.630015049294719574e+03 4.474331825379442307e+03 2.143383622332972209e+03 9.334052668527098149e+02 3.623309351267824923e+02 1.224022752124313200e+02 3.494550533593966435e+01 8.131450624409172434e+00 1.475647564254403576e+00
8.630015049294721393e+03 1.366966038492300504e+04 2.478082946020334475e+03 1.187100690913148810e+03 5.169611382850672499e+02 2.006749043645494908e+02 6.779179609288151198e+01 1.935436713071919002e+01 4.503557157843546044e+00 8.172789158312308011e-01
4.474331825379442307e+03 2.478082946020334020e+03 5.371797168176493869e+03 6.154661806431846571e+02 2.680245237466059507e+02 1.040422416443710176e+02 3.514744632835864024e+01 1.003449708006381691e+01 2.334921666260772355e+00 4.237277736397607186e-01
2.143383622332972209e+03 1.187100690913148810e+03 6.154661806431847708e+02 2.022321830454677865e+03 1.283944501665009170e+02 4.984038857074325790e+01 1.683703036947698095e+01 4.806924818977382330e+00 1.118520720905481269e+00 2.029825247192201809e-01
9.334052668527098149e+02 5.169611382850672499e+02 2.680245237466058938e+02 1.283944501665009170e+02 7.163212089307641008e+02 2.170459861183465122e+01 7.332225860680490648e+00 2.093329862488552795e+00 4.870957868198531604e-01 8.839526236827206784e-02
3.623309351267824923e+02 2.006749043645494908e+02 1.040422416443710176e+02 4.984038857074325790e+01 2.170459861183465122e+01 2.322969398080059023e+02 2.846236620904306847e+00 8.125925506739007931e-01 1.890817185228109432e-01 3.431343191652178742e-02
1.224022752124313342e+02 6.779179609288151198e+01 3.514744632835864024e+01 1.683703036947698450e+01 7.332225860680490648e+00 2.846236620904307291e+00 6.665067362104566939e+01 2.745092052058855092e-01 6.387539761177249420e-02 1.159172935498730024e-02
3.494550533593966435e+01 1.935436713071919002e+01 1.003449708006381513e+01 4.806924818977381442e+00 2.093329862488552795e+00 8.125925506739006821e-01 2.745092052058855092e-01 1.627754776860685126e+01 1.823624637861929673e-02 3.309406130927351839e-03
8.131450624409172434e+00 4.503557157843546044e+00 2.334921666260772355e+00 1.118520720905481269e+00 4.870957868198531604e-01 1.890817185228109709e-01 6.387539761177249420e-02 1.823624637861929673e-02 3.241540181957386579e+00 7.700639121128093024e-04
1.475647564254403576e+00 8.172789158312308011e-01 4.237277736397608296e-01 2.029825247192201809e-01 8.839526236827206784e-02 3.431343191652178742e-02 1.159172935498730198e-02 3.309406130927351839e-03 7.700639121128095193e-04 5.017322744847341198e-01
