2.680539282577047125e+06 1.470111610055491794e+06 9.252638217964906944e+05 5.716004618309035432e+05 3.401535425146970083e+05 1.892283415847702126e+05 9.393566373881176696e+04 3.872700551155539142e+04 1.186782306256676202e+04 2.280445703372452044e+03
1.470111610055491561e+06 1.132895877134111244e+06 5.862621539517526980e+05 3.621753169838171452e+05 2.155267976670626085e+05 1.198981441971972090e+05 5.951915903236951272e+04 2.453805837044776490e+04 7.519645043366879690e+03 1.444927358592012069e+03
9.252638217964905780e+05 5.862621539517526980e+05 4.784398499169260613e+05 2.279471270485055284e+05 1.356489855225739884e+05 7.546189987712421862e+04 3.746036979758604139e+04 1.544384624406092917e+04 4.732739653090725369e+03 9.094132723560279601e+02
5.716004618309035432e+05 3.621753169838171452e+05 2.279471270485055284e+05 1.978353465213749150e+05 8.379990759938186966e+04 4.661811669741135120e+04 2.314190198756762038e+04 9.540748743867263329e+03 2.923745755215639747e+03 5.618084639520168366e+02
3.401535425146969501e+05 2.155267976670625794e+05 1.356489855225739884e+05 8.379990759938186966e+04 7.774584825277778145e+04 2.774196068560748972e+04 1.377150731541526329e+04 5.677601227042318897e+03 1.739890959610730761e+03 3.343264255173962738e+02
1.892283415847701835e+05 1.198981441971972090e+05 7.546189987712421862e+04 4.661811669741135120e+04 2.774196068560749336e+04 2.782475398340071843e+04 7.661127005037632443e+03 3.158465016798861598e+03 9.679060767425280574e+02 1.859867005380009175e+02
9.393566373881176696e+04 5.951915903236951272e+04 3.746036979758604139e+04 2.314190198756762038e+04 1.377150731541526147e+04 7.661127005037632443e+03 8.575803729727382233e+03 1.567907350791353110e+03 4.804824636425195763e+02 9.232646661336508487e+01
3.872700551155539870e+04 2.453805837044776490e+04 1.544384624406092917e+04 9.540748743867263329e+03 5.677601227042319806e+03 3.158465016798861598e+03 1.567907350791353110e+03 2.126872132282700477e+03 1.980892695816592379e+02 3.806357925292341093e+01
1.186782306256676202e+04 7.519645043366879690e+03 4.732739653090725369e+03 2.923745755215639747e+03 1.739890959610730761e+03 9.679060767425280574e+02 4.804824636425195763e+02 1.980892695816592379e+02 3.914181049299135680e+02 1.166451724667671641e+01
2.280445703372452044e+03 1.444927358592012069e+03 9.094132723560279601e+02 5.618084639520168366e+02 3.343264255173962169e+02 1.859867005380008891e+02 9.232646661336508487e+01 3.806357925292341804e+01 1.166451724667671641e+01 4.708782376841383410e+01
