2.363951676488415396e+05 7.789460786738365423e+05 4.875624873151125503e+05 2.922850611800757470e+05 1.644130778880095459e+05 8.434961091291021148e+04 3.792490524447146163e+04 1.412969426240250687e+04 4.031300340484574463e+03 7.880500924215853047e+02
7.789460786738365423e+05 1.327145417939487961e+05 3.140836110301916488e+05 1.882875525784388301e+05 1.059135075957546360e+05 5.433730254845495801e+04 2.443090167325150833e+04 9.102228969924286503e+03 2.596929421414472017e+03 5.076551727009286310e+02
4.875624873151125503e+05 3.140836110301916488e+05 7.135173684221388248e+04 1.178540466137430049e+05 6.629400239304224669e+04 3.401112234831813112e+04 1.529193292485797065e+04 5.697320415610201962e+03 1.625485258546131035e+03 3.177544960773693106e+02
2.922850611800756888e+05 1.882875525784388301e+05 1.178540466137430049e+05 3.618197276097434224e+04 3.974207829651835345e+04 2.038906444817678857e+04 9.167242490530272335e+03 3.415442511603386720e+03 9.744495743668765044e+02 1.904881830381524139e+02
1.644130778880095459e+05 1.059135075957546360e+05 6.629400239304224669e+04 3.974207829651835345e+04 1.694172356481952738e+04 1.146903925793333838e+04 5.156659555327854832e+03 1.921218325066232865e+03 5.481369903801304417e+02 1.071513827910000742e+02
8.434961091291021148e+04 5.433730254845495801e+04 3.401112234831813112e+04 2.038906444817678857e+04 1.146903925793333838e+04 7.114908683751639728e+03 2.645545188312337359e+03 9.856516299054592309e+02 2.812132858252969072e+02 5.497237545396200176e+01
3.792490524447146163e+04 2.443090167325150833e+04 1.529193292485797065e+04 9.167242490530272335e+03 5.156659555327855742e+03 2.645545188312337359e+03 2.573539741177259657e+03 4.431643994993465867e+02 1.264378946504246528e+02 2.471644039126116965e+01
1.412969426240250687e+04 9.102228969924286503e+03 5.697320415610201962e+03 3.415442511603386720e+03 1.921218325066232865e+03 9.856516299054592309e+02 4.431643994993465867e+02 7.576299268049921238e+02 4.710700746847061993e+01 9.208612222816999093e+00
4.031300340484574463e+03 2.596929421414472017e+03 1.625485258546131035e+03 9.744495743668765044e+02 5.481369903801305554e+02 2.812132858252969072e+02 1.264378946504246528e+02 4.710700746847062703e+01 1.676647157518377185e+02 2.627281305584352022e+00
7.880500924215853047e+02 5.076551727009286310e+02 3.177544960773693106e+02 1.904881830381524139e+02 1.071513827910000742e+02 5.497237545396199465e+01 2.471644039126116610e+01 9.208612222817000870e+00 2.627281305584352022e+00 2.494209304816581252e+01
