1.717236677892286330e+06 8.875047032180640381e+05 5.672262731620870763e+05 3.536213362763882615e+05 2.106093489152853144e+05 1.160603868840324430e+05 5.633946607667734497e+04 2.236402165700232581e+04 6.486637981711087377e+03 1.159298779968132749e+03
8.875047032180639217e+05 7.691240249291720102e+05 3.666922014983406989e+05 2.286039847433514951e+05 1.361516725580334896e+05 7.502903301006610855e+04 3.642151963753351447e+04 1.445756785920134826e+04 4.193387496979884418e+03 7.494466352043948518e+02
5.672262731620871928e+05 3.666922014983406989e+05 3.416941609817519784e+05 1.461064778877158533e+05 8.701791160074864456e+04 4.795291632702278730e+04 2.327789675027990597e+04 9.240190284093403534e+03 2.680097979437929553e+03 4.789899369315281774e+02
3.536213362763882615e+05 2.286039847433515242e+05 1.461064778877158533e+05 1.472991462831107201e+05 5.424888027258977672e+04 2.989490288484231860e+04 1.451195289077446796e+04 5.760537884632682108e+03 1.670832035965422619e+03 2.986128632872206481e+02
2.106093489152852853e+05 1.361516725580334896e+05 8.701791160074864456e+04 5.424888027258977672e+04 5.974886917326327239e+04 1.780476850961644232e+04 8.643010577355196801e+03 3.430853879065929050e+03 9.951120340952528522e+02 1.778474720357248771e+02
1.160603868840324430e+05 7.502903301006610855e+04 4.795291632702278730e+04 2.989490288484232224e+04 1.780476850961644232e+04 2.188306607138906111e+04 4.762899446852742585e+03 1.890638903722835494e+03 5.483758829552577936e+02 9.800631604020554732e+01
5.633946607667733770e+04 3.642151963753351447e+04 2.327789675027990597e+04 1.451195289077446796e+04 8.643010577355196801e+03 4.762899446852742585e+03 6.862751411004028341e+03 9.177772816316003173e+02 2.661993922689248393e+02 4.757543608194659868e+01
2.236402165700232945e+04 1.445756785920134826e+04 9.240190284093403534e+03 5.760537884632683017e+03 3.430853879065929050e+03 1.890638903722835266e+03 9.177772816316004310e+02 1.727592661653561208e+03 1.056681823303177339e+02 1.888512896856214596e+01
6.486637981711087377e+03 4.193387496979884418e+03 2.680097979437929553e+03 1.670832035965422619e+03 9.951120340952529659e+02 5.483758829552576799e+02 2.661993922689248393e+02 1.056681823303177339e+02 3.204354755849703906e+02 5.477592390840475112e+00
1.159298779968132749e+03 7.494466352043948518e+02 4.789899369315281774e+02 2.986128632872206481e+02 1.778474720357248771e+02 9.800631604020554732e+01 4.757543608194659868e+01 1.888512896856214596e+01 5.477592390840475112e+00 3.781628553117806746e+01
