1.625834306316528004e+06 8.516168067798971897e+05 5.334137395957029657e+05 3.197917234686823213e+05 1.791364839805306692e+05 9.056989139363096911e+04 3.930485780683949997e+04 1.362073940452885290e+04 3.395242563259729195e+03 5.232034358004436854e+02
8.516168067798970733e+05 7.168068350282022730e+05 3.432995860423868871e+05 2.058146578110086848e+05 1.152903951109628542e+05 5.828984878961661161e+04 2.529620145287231935e+04 8.766167520750623225e+03 2.185143126166949969e+03 3.367283397356526393e+02
5.334137395957029657e+05 3.432995860423868871e+05 3.049835432259874069e+05 1.289128695119261538e+05 7.221261993188803899e+04 3.651008995572046115e+04 1.584438130755476777e+04 5.490725596229933217e+03 1.368673512783087290e+03 2.109112003148488839e+02
3.197917234686823213e+05 2.058146578110086848e+05 1.289128695119261538e+05 1.223481330042746122e+05 4.329284469070962223e+04 2.188849616019626046e+04 9.499009173401371299e+03 3.291794851109088086e+03 8.205459084173260180e+02 1.264452923515908651e+02
1.791364839805306401e+05 1.152903951109628688e+05 7.221261993188803899e+04 4.329284469070962223e+04 4.493442296821124910e+04 1.226119362699171506e+04 5.321022965087995544e+03 1.843951898494473426e+03 4.596420050654788838e+02 7.083036684647818504e+01
9.056989139363096911e+04 5.828984878961661161e+04 3.651008995572046115e+04 2.188849616019626046e+04 1.226119362699171688e+04 1.459476714848702250e+04 2.690264212751958439e+03 9.322864860955688755e+02 2.323911106977834606e+02 3.581123448506329510e+01
3.930485780683950725e+04 2.529620145287232663e+04 1.584438130755476413e+04 9.499009173401371299e+03 5.321022965087995544e+03 2.690264212751957984e+03 4.031565936906454681e+03 4.045868578109083273e+02 1.008513913509252546e+02 1.554109713133410864e+01
1.362073940452885290e+04 8.766167520750625044e+03 5.490725596229933217e+03 3.291794851109088086e+03 1.843951898494473426e+03 9.322864860955688755e+02 4.045868578109084410e+02 9.036387447349745798e+02 3.494912834759253428e+01 5.385625235604791783e+00
3.395242563259729650e+03 2.185143126166949514e+03 1.368673512783087517e+03 8.205459084173260180e+02 4.596420050654788838e+02 2.323911106977834606e+02 1.008513913509252831e+02 3.494912834759252718e+01 1.518631172081319676e+02 1.342475139316682053e+00
5.232034358004435717e+02 3.367283397356526962e+02 2.109112003148489407e+02 1.264452923515908651e+02 7.083036684647817083e+01 3.581123448506329510e+01 1.554109713133410864e+01 5.385625235604790895e+00 1.342475139316682053e+00 1.642635399215740577e+01
