7.458877544061878871e+04 9.512384459843747027e+04 5.325882627213645173e+04 2.761606753399734953e+04 1.298301943175716769e+04 5.385604362240527735e+03 1.903161701813402487e+03 5.477733398713672841e+02 1.211133371368034091e+02 1.906541008009656224e+01
9.512384459843747027e+04 3.877324325312388828e+04 3.166648870125903341e+04 1.641988665071370269e+04 7.719408536028046910e+03 3.202158057613156416e+03 1.131576730947838769e+03 3.256935890636131603e+02 7.201124002278004355e+01 1.133585989674926786e+01
5.325882627213645173e+04 3.166648870125903704e+04 1.882863378594337337e+04 9.193319448243773877e+03 4.322014526216050399e+03 1.792854151409502947e+03 6.335577455006795162e+02 1.823523676015562103e+02 4.031832542308072220e+01 6.346827080369762619e+00
2.761606753399735680e+04 1.641988665071370633e+04 9.193319448243773877e+03 8.398393945396699564e+03 2.241075393382154289e+03 9.296408649890852303e+02 3.285159420718869683e+02 9.455438001838783180e+01 2.090608591432660646e+01 3.290992640027317062e+00
1.298301943175716769e+04 7.719408536028046001e+03 4.322014526216049489e+03 2.241075393382154289e+03 3.367643249277044561e+03 4.370479395681649066e+02 1.544437438208985895e+02 4.445243160074169708e+01 9.828485512412102665e+00 1.547179783748880100e+00
5.385604362240527735e+03 3.202158057613155961e+03 1.792854151409502720e+03 9.296408649890852303e+02 4.370479395681649066e+02 1.181108544984421087e+03 6.406621393541384180e+01 1.843971741701009393e+01 4.077043458811212773e+00 6.417997166473141668e-01
1.903161701813402715e+03 1.131576730947838769e+03 6.335577455006795162e+02 3.285159420718869683e+02 1.544437438208985611e+02 6.406621393541382758e+01 3.497071988886798977e+02 6.516216494914493396e+00 1.440743219431426025e+00 2.267988063738334004e-01
5.477733398713672841e+02 3.256935890636132171e+02 1.823523676015562103e+02 9.455438001838783180e+01 4.445243160074169708e+01 1.843971741701009393e+01 6.516216494914493396e+00 8.354993251814487110e+01 4.146787550700494207e-01 6.527786867918748681e-02
1.211133371368034091e+02 7.201124002278004355e+01 4.031832542308072220e+01 2.090608591432660646e+01 9.828485512412100888e+00 4.077043458811212773e+00 1.440743219431426025e+00 4.146787550700494207e-01 1.518657827071996635e+01 1.443301442668051653e-02
1.906541008009656224e+01 1.133585989674926608e+01 6.346827080369762619e+00 3.290992640027317062e+00 1.547179783748880100e+00 6.417997166473141668e-01 2.267988063738334004e-01 6.527786867918748681e-02 1.443301442668051826e-02 1.945820695441540238e+00
