8.811342193372906186e+05 4.310084705283998628e+05 2.605443416172605939e+05 1.480309227575278492e+05 7.713793980487830413e+04 3.566047996497681743e+04 1.397062082699250095e+04 4.357182483965552819e+03 9.927971251095887055e+02 1.467142573839378201e+02
4.310084705283998046e+05 3.806213359461275395e+05 1.645527933543510735e+05 9.349234641355823260e+04 4.871824653608830704e+04 2.252219930845376439e+04 8.823468081119102862e+03 2.751879178955397492e+03 6.270239420932762187e+02 9.266077600296200956e+01
2.605443416172605939e+05 1.645527933543510735e+05 1.553492853093933081e+05 5.651606292727914115e+04 2.945014851548290972e+04 1.361465491246569945e+04 5.333780747180494473e+03 1.663509183502086898e+03 3.790355673768305564e+02 5.601337915201234807e+01
1.480309227575278492e+05 9.349234641355823260e+04 5.651606292727914115e+04 5.881485606319949147e+04 1.673240198974393206e+04 7.735304928165405727e+03 3.030441885210212149e+03 9.451396945368242086e+02 2.153529201533741002e+02 3.182457216752830931e+01
7.713793980487831868e+04 4.871824653608830704e+04 2.945014851548291335e+04 1.673240198974393206e+04 2.026115802972644451e+04 4.030816499729333827e+03 1.579143326063201130e+03 4.925060758001329759e+02 1.122189896688391286e+02 1.658357515068564325e+01
3.566047996497681743e+04 2.252219930845376439e+04 1.361465491246570127e+04 7.735304928165405727e+03 4.030816499729333827e+03 6.225338007281745377e+03 7.300299837323673273e+02 2.276830713022139037e+02 5.187827213039593488e+01 7.666503032160489006e+00
1.397062082699250095e+04 8.823468081119102862e+03 5.333780747180494473e+03 3.030441885210212149e+03 1.579143326063201130e+03 7.300299837323673273e+02 1.662221561637040850e+03 8.919885153010716294e+01 2.032422642110013911e+01 3.003487531196836535e+00
4.357182483965553729e+03 2.751879178955397492e+03 1.663509183502086898e+03 9.451396945368242086e+02 4.925060758001329759e+02 2.276830713022139321e+02 8.919885153010716294e+01 3.682160727972127461e+02 6.338756484684527237e+00 9.367331218706492768e-01
9.927971251095887055e+02 6.270239420932762187e+02 3.790355673768305564e+02 2.153529201533741002e+02 1.122189896688391286e+02 5.187827213039593488e+01 2.032422642110013555e+01 6.338756484684527237e+00 6.199003754094031393e+01 2.134374573042240597e-01
1.467142573839378485e+02 9.266077600296200956e+01 5.601337915201234097e+01 3.182457216752830931e+01 1.658357515068564325e+01 7.666503032160489006e+00 3.003487531196836091e+00 9.367331218706492768e-01 2.134374573042240875e-01 6.903483039965458090e+00
