2.484120387053115410e+05 1.094937108353826916e+05 6.503085035239359422e+04 3.636936378080912255e+04 1.887031933477240455e+04 8.910354656971896475e+03 3.739573122857496401e+03 1.353131882786892675e+03 4.064080271158516098e+02 9.648282212373204914e+01
1.094937108353826916e+05 1.082778835948270862e+05 4.051350442548783030e+04 2.265771356981424105e+04 1.175600137068684853e+04 5.551052936748352295e+03 2.329712919965626043e+03 8.429862784277385117e+02 2.531877303755079254e+02 6.010773686506930602e+01
6.503085035239357967e+04 4.051350442548783758e+04 4.498286313468452136e+04 1.345694076165920342e+04 6.982161441482743612e+03 3.296898881896729563e+03 1.383670451082789896e+03 5.006690713403098130e+02 1.503740560027781328e+02 3.569937680685705317e+01
3.636936378080912982e+04 2.265771356981424105e+04 1.345694076165920342e+04 1.774224767588361647e+04 3.904866199128179687e+03 1.843834336080331923e+03 7.738360134534825647e+02 2.800058047942376902e+02 8.409868110788904971e+01 1.996534898130815350e+01
1.887031933477240455e+04 1.175600137068684853e+04 6.982161441482744522e+03 3.904866199128180142e+03 6.621724356465861092e+03 9.566772443958284384e+02 4.015064100274336738e+02 1.452815887542495830e+02 4.363477397359496024e+01 1.035906245646939894e+01
8.910354656971896475e+03 5.551052936748352295e+03 3.296898881896729563e+03 1.843834336080331923e+03 9.566772443958284384e+02 2.319443755251967559e+03 1.895868557878414435e+02 6.860034840763422892e+01 2.060385436960213212e+01 4.891433937250756259e+00
3.739573122857496401e+03 2.329712919965626043e+03 1.383670451082790123e+03 7.738360134534825647e+02 4.015064100274337875e+02 1.895868557878414435e+02 7.491780238638123137e+02 2.879077533946673384e+01 8.647200138946963932e+00 2.052878430564319956e+00
1.353131882786892675e+03 8.429862784277385117e+02 5.006690713403097561e+02 2.800058047942376902e+02 1.452815887542495830e+02 6.860034840763424313e+01 2.879077533946673384e+01 2.158045229268371088e+02 3.128913868090785755e+00 7.428161355913013297e-01
4.064080271158516098e+02 2.531877303755079254e+02 1.503740560027781612e+02 8.409868110788906392e+01 4.363477397359496024e+01 2.060385436960213568e+01 8.647200138946963932e+00 3.128913868090785755e+00 5.281674058070485955e+01 2.231020080272739514e-01
9.648282212373204914e+01 6.010773686506930602e+01 3.569937680685705317e+01 1.996534898130815705e+01 1.035906245646939894e+01 4.891433937250756259e+00 2.052878430564320400e+00 7.428161355913013297e-01 2.231020080272739514e-01 1.032570593454270913e+01
