2.697195541241966421e+05 8.329395410837628879e+05 5.254222815130412346e+05 3.179993091385449516e+05 1.807832301046713546e+05 9.372379615046530671e+04 4.247014494210973498e+04 1.584567663384077787e+04 4.469025705911461955e+03 8.438256517329252802e+02
8.329395410837628879e+05 1.521288241349653108e+05 3.404295799665673985e+05 2.060368869929748471e+05 1.171323738161740621e+05 6.072516084490255889e+04 2.751709265569622221e+04 1.026666974459205267e+04 2.895553914352736228e+03 5.467282646583475980e+02
5.254222815130412346e+05 3.404295799665673403e+05 8.224161217425562791e+04 1.299690624590085354e+05 7.388766657596283767e+04 3.830572446454010060e+04 1.735791481930344162e+04 6.476264812360489486e+03 1.826529380444236040e+03 3.448788273524485248e+02
3.179993091385450098e+05 2.060368869929748471e+05 1.299690624590085208e+05 4.195673491008772544e+04 4.471874861750065611e+04 2.318362647411417493e+04 1.050546410922849645e+04 3.919604875146101676e+03 1.105463360689444016e+03 2.087296878974632364e+02
1.807832301046713837e+05 1.171323738161740475e+05 7.388766657596283767e+04 4.471874861750064883e+04 1.975937879237710513e+04 1.317993705987744579e+04 5.972376922956078488e+03 2.228303048778666835e+03 6.284580858027379691e+02 1.186632364047154056e+02
9.372379615046530671e+04 6.072516084490255889e+04 3.830572446454009332e+04 2.318362647411417493e+04 1.317993705987744579e+04 8.333532676637765690e+03 3.096270804193442018e+03 1.155223416377024250e+03 3.258127288066718279e+02 6.151880886800597636e+01
4.247014494210973498e+04 2.751709265569622221e+04 1.735791481930344162e+04 1.050546410922849645e+04 5.972376922956078488e+03 3.096270804193442018e+03 3.014829219189468404e+03 5.234797132553813981e+02 1.476392803615109131e+02 2.787672753988409724e+01
1.584567663384077787e+04 1.026666974459205267e+04 6.476264812360489486e+03 3.919604875146102586e+03 2.228303048778666380e+03 1.155223416377024250e+03 5.234797132553813981e+02 8.807717528535018801e+02 5.508444339547966706e+01 1.040085007500669079e+01
4.469025705911461955e+03 2.895553914352736228e+03 1.826529380444236040e+03 1.105463360689444016e+03 6.284580858027380827e+02 3.258127288066718279e+02 1.476392803615109131e+02 5.508444339547966706e+01 1.906645291049008506e+02 2.933397381672400606e+00
8.438256517329252802e+02 5.467282646583475980e+02 3.448788273524485248e+02 2.087296878974632364e+02 1.186632364047154056e+02 6.151880886800597636e+01 2.787672753988409724e+01 1.040085007500668901e+01 2.933397381672401050e+00 2.707141114686626437e+01
