1.793793594077232992e+05 4.824265052843393059e+05 2.949298496054963325e+05 1.704086567909593286e+05 9.119339136408752529e+04 4.401364028096741822e+04 1.848416507959219598e+04 6.438199325307219624e+03 1.743597425555369227e+03 3.364135891911828935e+02
4.824265052843393642e+05 9.960280416837010125e+04 1.879202415796645219e+05 1.085791621101021010e+05 5.810562802826197731e+04 2.804413973513825840e+04 1.177754225895292620e+04 4.102222864752779969e+03 1.110966726041214997e+03 2.143524062961138554e+02
2.949298496054963325e+05 1.879202415796644927e+05 5.248118415885040304e+04 6.637951190627246979e+04 3.552268365832784912e+04 1.714469214232940794e+04 7.200161535710137287e+03 2.507880390685989823e+03 6.791858362652085361e+02 1.310436351630975196e+02
1.704086567909593286e+05 1.085791621101021010e+05 6.637951190627246979e+04 2.583663549584802968e+04 2.052478857573390997e+04 9.906097883875985644e+03 4.160209139968414092e+03 1.449037896099145883e+03 3.924294072784205696e+02 7.571620803732920990e+01
9.119339136408752529e+04 5.810562802826197731e+04 3.552268365832784912e+04 2.052478857573390997e+04 1.164150288586743409e+04 5.301201700823383362e+03 2.226316358581384520e+03 7.754458162443185074e+02 2.100067519728052901e+02 4.051917268864448118e+01
4.401364028096741822e+04 2.804413973513825840e+04 1.714469214232940794e+04 9.906097883875985644e+03 5.301201700823383362e+03 4.673157780170256046e+03 1.074510837819577773e+03 3.742616948775879564e+02 1.013578012577938665e+02 1.955620099794544942e+01
1.848416507959219598e+04 1.177754225895292620e+04 7.200161535710138196e+03 4.160209139968414092e+03 2.226316358581384520e+03 1.074510837819577773e+03 1.611797308748499972e+03 1.571766140433691419e+02 4.256667520781535785e+01 8.212909572308703332e+00
6.438199325307219624e+03 4.102222864752779969e+03 2.507880390685990278e+03 1.449037896099145883e+03 7.754458162443185074e+02 3.742616948775879564e+02 1.571766140433691419e+02 4.551018108521435579e+02 1.482635209237022345e+01 2.860629551811689097e+00
1.743597425555369227e+03 1.110966726041214770e+03 6.791858362652085361e+02 3.924294072784206264e+02 2.100067519728052616e+02 1.013578012577938665e+02 4.256667520781535785e+01 1.482635209237022345e+01 9.858271271385962109e+01 7.747175988168808480e-01
3.364135891911828935e+02 2.143524062961138554e+02 1.310436351630975196e+02 7.571620803732920990e+01 4.051917268864448118e+01 1.955620099794544586e+01 8.212909572308701556e+00 2.860629551811689097e+00 7.747175988168808480e-01 1.500530080578442593e+01
