1.771538079089695588e+06 9.550002944902647287e+05 6.073480867194265593e+05 3.726334236923755961e+05 2.160542987863223534e+05 1.148798920167610777e+05 5.365479945106619562e+04 2.067552183875394257e+04 6.004024036450950916e+03 1.151849125102715107e+03
9.550002944902648451e+05 7.923735162770992611e+05 3.947875993542271317e+05 2.422186847961861931e+05 1.404393292958814418e+05 7.467407533683645306e+04 3.487662171380870132e+04 1.343947533646932061e+04 3.902727756365763980e+03 7.487234435425820038e+02
6.073480867194265593e+05 3.947875993542271317e+05 3.447614940681367298e+05 1.540429417953014199e+05 8.931469282272833516e+04 4.749020188268881611e+04 2.218035909656450531e+04 8.547054570778222114e+03 2.482003670041496662e+03 4.761629431332110016e+02
3.726334236923755961e+05 2.422186847961861640e+05 1.540429417953014199e+05 1.429711615877870645e+05 5.479829524504792789e+04 2.913722279916157277e+04 1.360857690936855397e+04 5.243975039746814218e+03 1.522812939413877075e+03 2.921458577297449892e+02
2.160542987863223825e+05 1.404393292958814418e+05 8.931469282272834971e+04 5.479829524504792789e+04 5.500707909184672462e+04 1.689387435532531890e+04 7.890305470989127571e+03 3.040476988990659720e+03 8.829328259061786639e+02 1.693872970644640930e+02
1.148798920167610922e+05 7.467407533683645306e+04 4.749020188268880884e+04 2.913722279916157277e+04 1.689387435532531890e+04 1.899478170298158511e+04 4.195414974746494408e+03 1.616675391958487580e+03 4.694709999659435766e+02 9.006622180205636141e+01
5.365479945106619562e+04 3.487662171380870132e+04 2.218035909656450531e+04 1.360857690936855397e+04 7.890305470989127571e+03 4.195414974746494408e+03 5.670054129946233843e+03 7.550702948114773108e+02 2.192670267098532690e+02 4.206554326669732546e+01
2.067552183875394257e+04 1.343947533646932243e+04 8.547054570778223933e+03 5.243975039746814218e+03 3.040476988990659720e+03 1.616675391958487353e+03 7.550702948114773108e+02 1.401101435048847407e+03 8.449309746079255490e+01 1.620967867493104109e+01
6.004024036450951826e+03 3.902727756365763980e+03 2.482003670041496662e+03 1.522812939413877075e+03 8.829328259061787776e+02 4.694709999659435766e+02 2.192670267098532406e+02 8.449309746079255490e+01 2.692718839657616741e+02 4.707175042373574314e+00
1.151849125102715334e+03 7.487234435425818901e+02 4.761629431332111153e+02 2.921458577297449892e+02 1.693872970644640645e+02 9.006622180205636141e+01 4.206554326669732546e+01 1.620967867493104109e+01 4.707175042373574314e+00 3.573460780858354724e+01
