1.204382608191699364e+04 2.479384826593022353e+03 1.392955499757511689e+03 7.412654454719529440e+02 3.705020809314928556e+02 1.722002386216888681e+02 7.360055269554717938e+01 2.854257743701976224e+01 9.884253402921464371e+00 3.001833524686702948e+00
2.479384826593022353e+03 5.671060634150635451e+03 8.205212191617271174e+02 4.366428268146314622e+02 2.182444587790400305e+02 1.014346472363296527e+02 4.335444688594879636e+01 1.681302126357835647e+01 5.822325016183514279e+00 1.768231722998511612e+00
1.392955499757511689e+03 8.205212191617271174e+02 2.613012117924770337e+03 2.453124744967007587e+02 1.226130029865533828e+02 5.698750279437809496e+01 2.435717706303449148e+01 9.445806953986691568e+00 3.271069325616963841e+00 9.934190436992527129e-01
7.412654454719528303e+02 4.366428268146314622e+02 2.453124744967007587e+02 1.169313386136476993e+03 6.524887715027757906e+01 3.032607046855592969e+01 1.296174480032748200e+01 5.026614490418330305e+00 1.740709348751773522e+00 5.286509225142078661e-01
3.705020809314928556e+02 2.182444587790399737e+02 1.226130029865533828e+02 6.524887715027759327e+01 5.021368277503784157e+02 1.515769051924623945e+01 6.478588001585181111e+00 2.512421346653549215e+00 8.700478889837014451e-01 2.642322909752823357e-01
1.722002386216888681e+02 1.014346472363296527e+02 5.698750279437809496e+01 3.032607046855592969e+01 1.515769051924623945e+01 2.037794339592579149e+02 3.011088080800442768e+00 1.167711539768551798e+00 4.043768221722695566e-01 1.228086585724532803e-01
7.360055269554716517e+01 4.335444688594879636e+01 2.435717706303449148e+01 1.296174480032748200e+01 6.478588001585181111e+00 3.011088080800442324e+00 7.685457743362105987e+01 4.990946319461663783e-01 1.728357512589382416e-01 5.248996876589032828e-02
2.854257743701975514e+01 1.681302126357835647e+01 9.445806953986693344e+00 5.026614490418330305e+00 2.512421346653549215e+00 1.167711539768552020e+00 4.990946319461663783e-01 2.644452617847696274e+01 6.702636914426576831e-02 2.035581178805215274e-02
9.884253402921466147e+00 5.822325016183514279e+00 3.271069325616963841e+00 1.740709348751773522e+00 8.700478889837014451e-01 4.043768221722695566e-01 1.728357512589382416e-01 6.702636914426576831e-02 8.139364939499216689e+00 7.049188265469120279e-03
3.001833524686702948e+00 1.768231722998511612e+00 9.934190436992527129e-01 5.286509225142079771e-01 2.642322909752823912e-01 1.228086585724532942e-01 5.248996876589032828e-02 2.035581178805215621e-02 7.049188265469120279e-03 2.195281582464752912e+00
