2.045798354209760670e+06 1.072775874434238765e+06 6.713046940910492558e+05 4.072344624189913739e+05 2.336586774265007407e+05 1.220640807555943466e+05 5.477838271986517066e+04 1.932044999400514280e+04 4.679333384398190901e+03 6.336600594929817589e+02
1.072775874434238765e+06 8.790235202710491139e+05 4.264743711597309448e+05 2.587127168980510905e+05 1.484414430565054645e+05 7.754631025173820672e+04 3.480025766128939722e+04 1.227412356005188303e+04 2.972742154380479406e+03 4.025590432779758885e+02
6.713046940910493722e+05 4.264743711597308866e+05 3.721104836829340202e+05 1.618931460089959146e+05 9.288933494522748515e+04 4.852570170715916902e+04 2.177675400830766739e+04 7.680706621093446302e+03 1.860235497568775145e+03 2.519070216263264115e+02
4.072344624189913739e+05 2.587127168980511487e+05 1.618931460089958855e+05 1.512849057941132342e+05 5.634958121676228620e+04 2.943721118318154186e+04 1.321046134469750541e+04 4.659357307301573201e+03 1.128477142336797215e+03 1.528146926940043500e+02
2.336586774265007116e+05 1.484414430565054645e+05 9.288933494522748515e+04 5.634958121676229348e+04 5.700555605480527447e+04 1.689017130654811263e+04 7.579758617825613328e+03 2.673396695394254493e+03 6.474856646910253630e+02 8.768039613867667015e+01
1.220640807555943320e+05 7.754631025173820672e+04 4.852570170715916902e+04 2.943721118318154549e+04 1.689017130654811263e+04 1.898585323727764990e+04 3.959691453467257816e+03 1.396591445746720865e+03 3.382486939214831523e+02 4.580453451518199870e+01
5.477838271986517066e+04 3.480025766128939722e+04 2.177675400830766739e+04 1.321046134469750541e+04 7.579758617825612419e+03 3.959691453467258270e+03 5.271356154677459017e+03 6.267447413263500948e+02 1.517949940345275763e+02 2.055558282539983850e+01
1.932044999400514280e+04 1.227412356005188485e+04 7.680706621093446302e+03 4.659357307301574110e+03 2.673396695394254493e+03 1.396591445746721092e+03 6.267447413263503222e+02 1.137921299342080147e+03 5.353841143106346578e+01 7.249996994375410786e+00
4.679333384398189992e+03 2.972742154380478496e+03 1.860235497568774917e+03 1.128477142336797215e+03 6.474856646910253630e+02 3.382486939214831523e+02 1.517949940345275763e+02 5.353841143106345868e+01 1.732361026080348836e+02 1.755919400588179302e+00
6.336600594929816452e+02 4.025590432779758885e+02 2.519070216263264399e+02 1.528146926940043215e+02 8.768039613867664173e+01 4.580453451518199870e+01 2.055558282539983495e+01 7.249996994375410786e+00 1.755919400588179524e+00 1.542521217057856475e+01
