1.491203715739998966e+06 7.741356263897437602e+05 4.832669727798544336e+05 2.889771290003700415e+05 1.615944323676437198e+05 8.160386327606615669e+04 3.537617375998275384e+04 1.223148191385738755e+04 3.030983154241380362e+03 4.606543333652384717e+02
7.741356263897437602e+05 6.537827437006576220e+05 3.097542675661737449e+05 1.852224629007727199e+05 1.035753897124121286e+05 5.230472248961799050e+04 2.267467344040678290e+04 7.839877200136559622e+03 1.942735630260283642e+03 2.952604950674619886e+02
4.832669727798544336e+05 3.097542675661737449e+05 2.772260940080054570e+05 1.156281869552144635e+05 6.465865067371384066e+04 3.265208839119118056e+04 1.415504004565772993e+04 4.894173052266067316e+03 1.212784859580631746e+03 1.843212491048634831e+02
2.889771290003700415e+05 1.852224629007727199e+05 1.156281869552144635e+05 1.110878451253685344e+05 3.866366271472747030e+04 1.952483263003996763e+04 8.464230050214502626e+03 2.926548175513522892e+03 7.252038863751989766e+02 1.102178058510723844e+02
1.615944323676437489e+05 1.035753897124121286e+05 6.465865067371384066e+04 3.866366271472746303e+04 4.085653633475079550e+04 1.091817977719792907e+04 4.733151219008110274e+03 1.636509757206652694e+03 4.055300527588099726e+02 6.163319510759067299e+01
8.160386327606617124e+04 5.230472248961799050e+04 3.265208839119118056e+04 1.952483263003997126e+04 1.091817977719792907e+04 1.331600947805203759e+04 2.390202553898272527e+03 8.264240080574702461e+02 2.047893513086905557e+02 3.112425813894566318e+01
3.537617375998276111e+04 2.267467344040678654e+04 1.415504004565773357e+04 8.464230050214504445e+03 4.733151219008110274e+03 2.390202553898272981e+03 3.694836722723478488e+03 3.582639122066796062e+02 8.877843995671705102e+01 1.349270879920254096e+01
1.223148191385738755e+04 7.839877200136560532e+03 4.894173052266068225e+03 2.926548175513522892e+03 1.636509757206652694e+03 8.264240080574702461e+02 3.582639122066796062e+02 8.304232509416933681e+02 3.069557182861338518e+01 4.665168844039247809e+00
3.030983154241380362e+03 1.942735630260283642e+03 1.212784859580631974e+03 7.252038863751988629e+02 4.055300527588099726e+02 2.047893513086905557e+02 8.877843995671706523e+01 3.069557182861338163e+01 1.391144000063583235e+02 1.156037206084982616e+00
4.606543333652384717e+02 2.952604950674619886e+02 1.843212491048634831e+02 1.102178058510723559e+02 6.163319510759067299e+01 3.112425813894566318e+01 1.349270879920254274e+01 4.665168844039247809e+00 1.156037206084982616e+00 1.483693606909616491e+01
