8.770867379410995636e+05 4.291001258063875139e+05 2.599611204518457816e+05 1.484758195951594680e+05 7.800279976396245183e+04 3.642064365648788953e+04 1.441515908548371954e+04 4.528353030689911066e+03 1.030073488218053853e+03 1.492603815385088524e+02
4.291001258063875139e+05 3.785153965234589996e+05 1.640779071974614635e+05 9.371248172133593471e+04 4.923250107003734593e+04 2.298737203299588509e+04 9.098318743024357900e+03 2.858130042813512773e+03 6.501445366624141116e+02 9.420766839197266052e+01
2.599611204518457525e+05 1.640779071974614926e+05 1.550597652712563577e+05 5.677369985110119160e+04 2.982645627698644967e+04 1.392640698650682680e+04 5.512021536278544772e+03 1.731536869001361310e+03 3.938761422844853541e+02 5.707369808925045618e+01
1.484758195951594680e+05 9.371248172133592016e+04 5.677369985110118432e+04 5.915527674202014168e+04 1.703526871113433299e+04 7.954015153278953221e+03 3.148170441036103966e+03 9.889607928191556994e+02 2.249608823928016079e+02 3.259742874780327071e+01
7.800279976396248094e+04 4.923250107003734593e+04 2.982645627698644967e+04 1.703526871113433299e+04 2.057987475514333346e+04 4.178696928647688765e+03 1.653913136863198815e+03 5.195573993598422931e+02 1.181847570321954919e+02 1.712528487377905506e+01
3.642064365648788953e+04 2.298737203299588509e+04 1.392640698650682862e+04 7.954015153278953221e+03 4.178696928647688765e+03 6.378481287973409053e+03 7.722361399687622452e+02 2.425889193520806373e+02 5.518218492827514865e+01 7.996045011090831878e+00
1.441515908548371954e+04 9.098318743024359719e+03 5.512021536278544772e+03 3.148170441036103512e+03 1.653913136863198588e+03 7.722361399687622452e+02 1.711260953178292993e+03 9.601581723317190153e+01 2.184090929112305446e+01 3.164805706804961538e+00
4.528353030689911066e+03 2.858130042813512318e+03 1.731536869001361538e+03 9.889607928191558130e+02 5.195573993598422931e+02 2.425889193520806657e+02 9.601581723317190153e+01 3.784362261321599021e+02 6.861065299034935450e+00 9.941865663062202652e-01
1.030073488218053853e+03 6.501445366624141116e+02 3.938761422844853541e+02 2.249608823928016079e+02 1.181847570321954919e+02 5.518218492827514154e+01 2.184090929112305091e+01 6.861065299034935450e+00 6.297079416406526775e+01 2.261495995020853245e-01
1.492603815385088524e+02 9.420766839197267473e+01 5.707369808925045618e+01 3.259742874780327071e+01 1.712528487377905506e+01 7.996045011090830990e+00 3.164805706804961538e+00 9.941865663062202652e-01 2.261495995020853245e-01 6.808053681704500093e+00
