1.672218393199699349e+05 3.470491292501051212e+05 2.193103182529301266e+05 1.318566750227791490e+05 7.416349307644662622e+04 3.815222553087138658e+04 1.742464632596029696e+04 6.791537190203875070e+03 2.143373560889242526e+03 5.105679822584778549e+02
3.470491292501051212e+05 9.611185089641671220e+04 1.437646716752544162e+05 8.643611364868965757e+04 4.861645506404668413e+04 2.500995949857778396e+04 1.142239260817652757e+04 4.452061909799791465e+03 1.405047417346246903e+03 3.346930455530745121e+02
2.193103182529301557e+05 1.437646716752544453e+05 5.271080942656535626e+04 5.462146421113610995e+04 3.072213509212291319e+04 1.580451214206388795e+04 7.218138145230204827e+03 2.813385863925617286e+03 8.878898412005440832e+02 2.115021538762871387e+02
1.318566750227791490e+05 8.643611364868965757e+04 5.462146421113611723e+04 2.721425984078252077e+04 1.847117187699328497e+04 9.502199613819777369e+03 4.339785301790872836e+03 1.691501378177241804e+03 5.338289743038251345e+02 1.271621462795028634e+02
7.416349307644662622e+04 4.861645506404667685e+04 3.072213509212290592e+04 1.847117187699328497e+04 1.300113808709949626e+04 5.344563065531510802e+03 2.440935486406203836e+03 9.513940096515847245e+02 3.002549657266025633e+02 7.152303024140998389e+01
3.815222553087138658e+04 2.500995949857778032e+04 1.580451214206388795e+04 9.502199613819777369e+03 5.344563065531510802e+03 5.616906822403153456e+03 1.255700309149175609e+03 4.894294661597461413e+02 1.544613757250801314e+02 3.679388156122637099e+01
1.742464632596029696e+04 1.142239260817652757e+04 7.218138145230203918e+03 4.339785301790872836e+03 2.440935486406204291e+03 1.255700309149175609e+03 2.129458067910029513e+03 2.235291711209997914e+02 7.054463548536584483e+01 1.680427194594113871e+01
6.791537190203875980e+03 4.452061909799791465e+03 2.813385863925617286e+03 1.691501378177242032e+03 9.513940096515847245e+02 4.894294661597460276e+02 2.235291711209998198e+02 6.807643134879134550e+02 2.749591047678460853e+01 6.549736260937806698e+00
2.143373560889242526e+03 1.405047417346246675e+03 8.878898412005440832e+02 5.338289743038251345e+02 3.002549657266025633e+02 1.544613757250801314e+02 7.054463548536584483e+01 2.749591047678460498e+01 1.740603287104123069e+02 2.067062454246861858e+00
5.105679822584778549e+02 3.346930455530744553e+02 2.115021538762871387e+02 1.271621462795028492e+02 7.152303024140998389e+01 3.679388156122636389e+01 1.680427194594113871e+01 6.549736260937806698e+00 2.067062454246861858e+00 3.316881223350966224e+01
