3.361080909144575126e+05 9.665555644283363363e+05 6.111110602785943775e+05 3.719888890465009608e+05 2.129177014500697260e+05 1.106825786643200263e+05 4.966651904413057491e+04 1.785045169967183756e+04 4.605092576245696364e+03 7.257345167430929678e+02
9.665555644283362199e+05 1.886003004212985979e+05 3.949798024031883106e+05 2.404278165490682295e+05 1.376152341418117285e+05 7.153754185103198688e+04 3.210099301616587763e+04 1.153729386264063578e+04 2.976412429820371017e+03 4.690644543230513932e+02
6.111110602785942610e+05 3.949798024031883106e+05 1.015849057164667465e+05 1.520120552807206986e+05 8.700812942567761638e+04 4.523007746188379679e+04 2.029606222349710879e+04 7.294529300355387022e+03 1.881856173358955630e+03 2.965690608691472221e+02
3.719888890465009026e+05 2.404278165490682295e+05 1.520120552807206695e+05 5.162233491123183194e+04 5.296264379230330087e+04 2.753196163535820597e+04 1.235439861797866979e+04 4.440246670252247895e+03 1.145503056275837253e+03 1.805242985260078967e+02
2.129177014500697260e+05 1.376152341418117285e+05 8.700812942567763093e+04 5.296264379230329359e+04 2.414423631588641001e+04 1.575864806832759859e+04 7.071367543478189873e+03 2.541492885243819273e+03 6.556590396327466124e+02 1.033278676590766878e+02
1.106825786643200263e+05 7.153754185103198688e+04 4.523007746188379679e+04 2.753196163535820597e+04 1.575864806832759859e+04 1.002856416873798298e+04 3.675961129887014067e+03 1.321162985886238175e+03 3.408360729844815182e+02 5.371368731910787631e+01
4.966651904413057491e+04 3.210099301616587763e+04 2.029606222349711243e+04 1.235439861797866979e+04 7.071367543478189873e+03 3.675961129887014067e+03 3.513030800547237504e+03 5.928445776270292527e+02 1.529431416767979215e+02 2.410290676598535953e+01
1.785045169967183756e+04 1.153729386264063578e+04 7.294529300355387022e+03 4.440246670252248805e+03 2.541492885243818819e+03 1.321162985886238175e+03 5.928445776270293663e+02 9.623312161824658233e+02 5.496870358222503938e+01 8.662732587834952369e+00
4.605092576245696364e+03 2.976412429820371017e+03 1.881856173358955175e+03 1.145503056275837253e+03 6.556590396327466124e+02 3.408360729844815751e+02 1.529431416767979215e+02 5.496870358222503938e+01 1.846351956310229525e+02 2.234827790434781747e+00
7.257345167430929678e+02 4.690644543230513932e+02 2.965690608691472221e+02 1.805242985260078967e+02 1.033278676590766878e+02 5.371368731910786209e+01 2.410290676598535597e+01 8.662732587834952369e+00 2.234827790434781747e+00 2.110388296727782986e+01
