1.878899839797587192e+05 4.072637361402829411e+05 2.605905531096106861e+05 1.593180225266073830e+05 9.152710700036968046e+04 4.830135065683527500e+04 2.272667808099359172e+04 9.155240087747504731e+03 2.991511477568931241e+03 7.367004423486851010e+02
4.072637361402829411e+05 1.089975182983706909e+05 1.723216168142084207e+05 1.053527800675094477e+05 6.052444677070327452e+04 3.194040129303870708e+04 1.502854905905033775e+04 6.054117294034482256e+03 1.978207146734544494e+03 4.871604508236718516e+02
2.605905531096107152e+05 1.723216168142083916e+05 6.051059397290047491e+04 6.741071397520863684e+04 3.872699104051340692e+04 2.043728940459574369e+04 9.616122340889856787e+03 3.873769339727025454e+03 1.265769693659574841e+03 3.117130254129475020e+02
1.593180225266073830e+05 1.053527800675094477e+05 6.741071397520863684e+04 3.173037161031777214e+04 2.367663584636939413e+04 1.249480648814853339e+04 5.879037353591621468e+03 2.368317897809281476e+03 7.738573872366355317e+02 1.905729206679570780e+02
9.152710700036968046e+04 6.052444677070325997e+04 3.872699104051340692e+04 2.367663584636939413e+04 1.544956709520091317e+04 7.178180297829717347e+03 3.377466481116316118e+03 1.360582325878914389e+03 4.445757407816498699e+02 1.094828307854249090e+02
4.830135065683527500e+04 3.194040129303871072e+04 2.043728940459574369e+04 1.249480648814853339e+04 7.178180297829718256e+03 6.825372783242114565e+03 1.782381178457304486e+03 7.180164016273836296e+02 2.346147436838579665e+02 5.777707581917137247e+01
2.272667808099359172e+04 1.502854905905033957e+04 9.616122340889858606e+03 5.879037353591621468e+03 3.377466481116316118e+03 1.782381178457304486e+03 2.654491242766928735e+03 3.378399857302897544e+02 1.103905725253940489e+02 2.718518187891809390e+01
9.155240087747504731e+03 6.054117294034482256e+03 3.873769339727025454e+03 2.368317897809281476e+03 1.360582325878914162e+03 7.180164016273836296e+02 3.378399857302897544e+02 8.723890665747288722e+02 4.446986010415213997e+01 1.095130867976358502e+01
2.991511477568931241e+03 1.978207146734544494e+03 1.265769693659574841e+03 7.738573872366354180e+02 4.445757407816498699e+02 2.346147436838579381e+02 1.103905725253940489e+02 4.446986010415213997e+01 2.294484849776790156e+02 3.578384105268540782e+00
7.367004423486851010e+02 4.871604508236717948e+02 3.117130254129475020e+02 1.905729206679570780e+02 1.094828307854249232e+02 5.777707581917137247e+01 2.718518187891809390e+01 1.095130867976358502e+01 3.578384105268540338e+00 4.485779966888548387e+01
