7.127956571971679296e+03 1.866904462903575677e+03 1.132957561137765424e+03 6.597093824068856520e+02 3.665240204722200019e+02 1.930492748542454535e+02 9.568482255267147707e+01 4.425259617159341730e+01 1.891065775176337027e+01 7.383196764389591493e+00
1.866904462903575677e+03 4.135411221381231371e+03 7.130586801138458668e+02 4.152066393425773754e+02 2.306821925487475369e+02 1.215009863090226361e+02 6.022193206232460483e+01 2.785161501198582101e+01 1.190195389403237947e+01 4.646822370424418480e+00
1.132957561137765197e+03 7.130586801138458668e+02 2.308166067352573464e+03 2.519740623181909314e+02 1.399927738463176752e+02 7.373460391776518463e+01 3.654653713249999214e+01 1.690214922334630998e+01 7.222870224213244761e+00 2.819990333971565288e+00
6.597093824068856520e+02 4.152066393425773754e+02 2.519740623181909314e+02 1.233270265045599672e+03 8.151633348281342251e+01 4.293489154505961380e+01 2.128066775650402676e+01 9.841945371974031076e+00 4.205802069086849393e+00 1.642050987108025328e+00
3.665240204722200019e+02 2.306821925487475369e+02 1.399927738463176752e+02 8.151633348281342251e+01 6.272422661635458780e+02 2.385394157988213948e+01 1.182319990052332415e+01 5.468028018402531387e+00 2.336676610612963945e+00 9.122973625438151046e-01
1.930492748542454535e+02 1.215009863090226361e+02 7.373460391776518463e+01 4.293489154505961380e+01 2.385394157988213948e+01 3.017049758548915293e+02 6.227314008812171231e+00 2.880026369009319520e+00 1.230734413167604346e+00 4.805096922805164317e-01
9.568482255267149128e+01 6.022193206232460483e+01 3.654653713249999214e+01 2.128066775650403031e+01 1.182319990052332415e+01 6.227314008812171231e+00 1.362294595110641922e+02 1.427484315979606233e+00 6.100131897533452863e-01 2.381645032099372894e-01
4.425259617159342440e+01 2.785161501198581746e+01 1.690214922334630998e+01 9.841945371974031076e+00 5.468028018402531387e+00 2.880026369009319520e+00 1.427484315979606233e+00 5.725190293936692143e+01 2.821206814763194126e-01 1.101470149788479902e-01
1.891065775176337027e+01 1.190195389403237947e+01 7.222870224213244761e+00 4.205802069086849393e+00 2.336676610612963945e+00 1.230734413167604346e+00 6.100131897533451752e-01 2.821206814763194126e-01 2.217516097101207606e+01 4.706961134136655733e-02
7.383196764389591493e+00 4.646822370424419368e+00 2.819990333971564844e+00 1.642050987108025328e+00 9.122973625438149936e-01 4.805096922805163762e-01 2.381645032099372894e-01 1.101470149788479763e-01 4.706961134136655733e-02 7.826626587920395117e+00
