3.419941270552806673e+05 1.214288643022561213e+06 7.474607533246421954e+05 4.458860970972262439e+05 2.513356628476732003e+05 1.287275645672149112e+05 5.640223021364808665e+04 1.927856076387185021e+04 4.462936035377075314e+03 5.637795387228377422e+02
1.214288643022561213e+06 1.859463902074009238e+05 4.671888842451405944e+05 2.786942689321343787e+05 1.570935027351437602e+05 8.045919065884518204e+04 3.525334926984064805e+04 1.204976883811526386e+04 2.789489745851125917e+03 3.523817571486119959e+02
7.474607533246419625e+05 4.671888842451405944e+05 9.738184737254321226e+04 1.715514918139633082e+05 9.669960150869631616e+04 4.952701123190364160e+04 2.170035530997074602e+04 7.417288586926270909e+03 1.717082770069609523e+03 2.169101516098663467e+02
4.458860970972262439e+05 2.786942689321343787e+05 1.715514918139633082e+05 4.823767973725232150e+04 5.768464459945067210e+04 2.954456891664062277e+04 1.294500974365329603e+04 4.424668244262883491e+03 1.024299043573598283e+03 1.293943802291972247e+02
2.513356628476732003e+05 1.570935027351437602e+05 9.669960150869631616e+04 5.768464459945067210e+04 2.199480155341371210e+04 1.665358902319276967e+04 7.296802088407005613e+03 2.494082980592174863e+03 5.773736403686795029e+02 7.293661438512576467e+01
1.287275645672149112e+05 8.045919065884519659e+04 4.952701123190364160e+04 2.954456891664062277e+04 1.665358902319276967e+04 8.862735949263726070e+03 3.737231522686384778e+03 1.277404186427590048e+03 2.957157043607160176e+02 3.735622963807444563e+01
5.640223021364808665e+04 3.525334926984064805e+04 2.170035530997074966e+04 1.294500974365329967e+04 7.296802088407005613e+03 3.737231522686385233e+03 2.967364166269798261e+03 5.596971032660748051e+02 1.295684051136947801e+02 1.636770392607268576e+01
1.927856076387185021e+04 1.204976883811526386e+04 7.417288586926270909e+03 4.424668244262883491e+03 2.494082980592174863e+03 1.277404186427590048e+03 5.596971032660746914e+02 7.519803471063738698e+02 4.428712059080766039e+01 5.594562014810204431e+00
4.462936035377074404e+03 2.789489745851125008e+03 1.717082770069609523e+03 1.024299043573598055e+03 5.773736403686795029e+02 2.957157043607160176e+02 1.295684051136947801e+02 4.428712059080766750e+01 1.251152253790951079e+02 1.295126369850116310e+00
5.637795387228377422e+02 3.523817571486119959e+02 2.169101516098663467e+02 1.293943802291972247e+02 7.293661438512577888e+01 3.735622963807444563e+01 1.636770392607268576e+01 5.594562014810204431e+00 1.295126369850116310e+00 1.100382203265199266e+01
