1.966963403454625513e+05 4.245801231968900538e+05 2.620542018744487432e+05 1.531197553832736739e+05 8.284204668021872931e+04 4.024717845533220679e+04 1.683598279385691058e+04 5.723134410214731361e+03 1.459547994088645737e+03 2.499739414070360226e+02
4.245801231968901120e+05 1.094803127885934518e+05 1.680581939288974099e+05 9.819735520545610052e+04 5.312750052037401474e+04 2.581095083977230388e+04 1.079709785653112522e+04 3.670307996258824005e+03 9.360239144595051357e+02 1.603109922361853990e+02
2.620542018744487723e+05 1.680581939288974099e+05 5.788444917148810055e+04 6.060818238684808603e+04 3.279071248466053657e+04 1.593072250063991305e+04 6.664053983614063327e+03 2.265343053157930626e+03 5.777213450129770536e+02 9.894520922420379350e+01
1.531197553832736448e+05 9.819735520545610052e+04 6.060818238684808603e+04 2.857960525791707914e+04 1.915979915063532098e+04 9.308411446672700549e+03 3.893844512063168168e+03 1.323652785101789505e+03 3.375658562058268899e+02 5.781424653520941348e+01
8.284204668021872931e+04 5.312750052037401474e+04 3.279071248466053657e+04 1.915979915063531735e+04 1.288080140380202465e+04 5.036109505620185701e+03 2.106678188104573110e+03 7.161329740720201471e+02 1.826325175837231427e+02 3.127911547574662521e+01
4.024717845533220679e+04 2.581095083977230388e+04 1.593072250063991305e+04 9.308411446672698730e+03 5.036109505620185701e+03 5.136539391696974235e+03 1.023488148619662070e+03 3.479191154762556266e+02 8.872841535787240730e+01 1.519634283465766345e+01
1.683598279385690694e+04 1.079709785653112522e+04 6.664053983614063327e+03 3.893844512063168168e+03 2.106678188104573110e+03 1.023488148619662070e+03 1.736875484794195472e+03 1.455396494020839953e+02 3.711639254287693035e+01 6.356852239413349537e+00
5.723134410214731361e+03 3.670307996258824005e+03 2.265343053157930626e+03 1.323652785101789505e+03 7.161329740720201471e+02 3.479191154762556835e+02 1.455396494020839953e+02 4.697799058099661238e+02 1.261714899249509081e+01 2.160914526790310042e+00
1.459547994088645737e+03 9.360239144595051357e+02 5.777213450129770536e+02 3.375658562058268899e+02 1.826325175837231427e+02 8.872841535787242151e+01 3.711639254287693035e+01 1.261714899249509081e+01 9.378465513202226589e+01 5.510893571439773320e-01
2.499739414070360226e+02 1.603109922361853990e+02 9.894520922420380771e+01 5.781424653520942059e+01 3.127911547574662166e+01 1.519634283465766345e+01 6.356852239413349537e+00 2.160914526790310042e+00 5.510893571439773320e-01 1.236429094767064818e+01
