2.022931804810628819e+05 6.145290305883670226e+05 3.823341704875181895e+05 2.267676418616741139e+05 1.257437268949402205e+05 6.347312910459565319e+04 2.812141130422572314e+04 1.040238719483714885e+04 2.997933549954545924e+03 6.119244287955327763e+02
6.145290305883669062e+05 1.136763120100054221e+05 2.459769019041809661e+05 1.458922751427797193e+05 8.089795462452023639e+04 4.083580505348068982e+04 1.809207275657952050e+04 6.692436020905694932e+03 1.928737904310586146e+03 3.936851236777556551e+02
3.823341704875181313e+05 2.459769019041809661e+05 6.099983386138398055e+04 9.076805036182998447e+04 5.033131200634987908e+04 2.540632398824885240e+04 1.125612832832961976e+04 4.163752804556605952e+03 1.199979773170998669e+03 2.449343606281698555e+02
2.267676418616741139e+05 1.458922751427797193e+05 9.076805036182998447e+04 3.079469707967493378e+04 2.985219165980023172e+04 1.506883931363640113e+04 6.676164137390453106e+03 2.469578912029414823e+03 7.117244663136317513e+02 1.452739296090728374e+02
1.257437268949402205e+05 8.089795462452023639e+04 5.033131200634987908e+04 2.985219165980023172e+04 1.433466040277185311e+04 8.355742467143745671e+03 3.701964500340382074e+03 1.369393153760239102e+03 3.946545732092559433e+02 8.055507910983560294e+01
6.347312910459565319e+04 4.083580505348068982e+04 2.540632398824885240e+04 1.506883931363640113e+04 8.355742467143745671e+03 5.987598169543875883e+03 1.868683841914901677e+03 6.912445701263098954e+02 1.992143965794780343e+02 4.066272777680216421e+01
2.812141130422572314e+04 1.809207275657952050e+04 1.125612832832961976e+04 6.676164137390453106e+03 3.701964500340382529e+03 1.868683841914901677e+03 2.162658261986242451e+03 3.062520021078845502e+02 8.826081308679367510e+01 1.801539184682208017e+01
1.040238719483715067e+04 6.692436020905694932e+03 4.163752804556605952e+03 2.469578912029414369e+03 1.369393153760239102e+03 6.912445701263100091e+02 3.062520021078846071e+02 6.422023040429277216e+02 3.264854462414601244e+01 6.664070996649981815e+00
2.997933549954545924e+03 1.928737904310586600e+03 1.199979773170998669e+03 7.117244663136318650e+02 3.946545732092559433e+02 1.992143965794780343e+02 8.826081308679366089e+01 3.264854462414601244e+01 1.462262662932913599e+02 1.920563198229305213e+00
6.119244287955327763e+02 3.936851236777556551e+02 2.449343606281698555e+02 1.452739296090728374e+02 8.055507910983558872e+01 4.066272777680216421e+01 1.801539184682208017e+01 6.664070996649980927e+00 1.920563198229305213e+00 2.319657692136016536e+01
