2.961994033878217451e+05 1.040622542611351353e+06 6.464983043520731153e+05 3.864902592231896706e+05 2.172099410397575994e+05 1.108876191592053074e+05 4.889302920108592662e+04 1.728998475290040005e+04 4.397674639026069599e+03 6.852409758815543910e+02
1.040622542611351586e+06 1.636234991660136147e+05 4.108594732462835964e+05 2.456204188785976730e+05 1.380402104053329094e+05 7.047076301761611830e+04 3.107226126927877704e+04 1.098804742439716574e+04 2.794788901278883714e+03 4.354810283371502919e+02
6.464983043520731153e+05 4.108594732462835964e+05 8.675394792559345660e+04 1.525944113422544906e+05 8.575901280737605703e+04 4.378074367191651982e+04 1.930398718113854557e+04 6.826446417532605665e+03 1.736293623973125705e+03 2.705474222103341617e+02
3.864902592231896706e+05 2.456204188785976730e+05 1.525944113422544906e+05 4.339855496116430004e+04 5.126853832024491567e+04 2.617304772005744962e+04 1.154032881363340312e+04 4.080992985943832537e+03 1.037992780954759382e+03 1.617389289938398065e+02
2.172099410397575994e+05 1.380402104053329094e+05 8.575901280737605703e+04 5.126853832024491567e+04 1.998669694778119811e+04 1.470941638614868862e+04 6.485736914112439990e+03 2.293543562112464315e+03 5.833584297933824701e+02 9.089828887588582518e+01
1.108876191592053074e+05 7.047076301761611830e+04 4.378074367191652709e+04 2.617304772005745690e+04 1.470941638614869044e+04 8.179033212190069207e+03 3.311026748850603326e+03 1.170874518095941994e+03 2.978097000836642110e+02 4.640439010684013965e+01
4.889302920108592662e+04 3.107226126927878067e+04 1.930398718113854557e+04 1.154032881363340312e+04 6.485736914112439990e+03 3.311026748850602871e+03 2.825125061823442138e+03 5.162668514135908708e+02 1.313114888114943710e+02 2.046081625483225963e+01
1.728998475290039642e+04 1.098804742439716574e+04 6.826446417532605665e+03 4.080992985943832991e+03 2.293543562112464315e+03 1.170874518095941994e+03 5.162668514135908708e+02 7.641947252496189549e+02 4.643552826505916187e+01 7.235534530351602100e+00
4.397674639026069599e+03 2.794788901278883259e+03 1.736293623973125477e+03 1.037992780954759382e+03 5.833584297933824701e+02 2.978097000836642110e+02 1.313114888114943994e+02 4.643552826505916187e+01 1.450677324676314015e+02 1.840344405080340806e+00
6.852409758815543910e+02 4.354810283371502919e+02 2.705474222103341617e+02 1.617389289938398065e+02 9.089828887588581097e+01 4.640439010684013965e+01 2.046081625483225963e+01 7.235534530351602100e+00 1.840344405080340806e+00 1.644930602069696235e+01
