3.354233849490181310e+05 9.994137004634049954e+05 6.342418484258186072e+05 3.884948847555039101e+05 2.245407520890700980e+05 1.183774002404502826e+05 5.416549822794232023e+04 1.999510396891890559e+04 5.345579308515720186e+03 8.828917927104361070e+02
9.994137004634049954e+05 1.886611793434551801e+05 4.105894742843988934e+05 2.515001349876979657e+05 1.453610631094424170e+05 7.663403897506326030e+04 3.506514667387886584e+04 1.294424082428003203e+04 3.460570448759562623e+03 5.715581176466430406e+02
6.342418484258186072e+05 4.105894742843988934e+05 1.020575868145085551e+05 1.596054871170752158e+05 9.224815440585474425e+04 4.863302805369145062e+04 2.225283026583616083e+04 8.214595440360308203e+03 2.196126185794065350e+03 3.627187388474890213e+02
3.884948847555039101e+05 2.515001349876979657e+05 1.596054871170752158e+05 5.220910658632059494e+04 5.650515840883068449e+04 2.978939765000363332e+04 1.363062174321495695e+04 5.031721443226598240e+03 1.345202609345634301e+03 2.221776677098253288e+02
2.245407520890700980e+05 1.453610631094424170e+05 9.224815440585475881e+04 5.650515840883069177e+04 2.466128253601079268e+04 1.721755939417791888e+04 7.878173375665683125e+03 2.908214654810316915e+03 7.774949361424482959e+02 1.284133783031822134e+02
1.183774002404502826e+05 7.663403897506326030e+04 4.863302805369145062e+04 2.978939765000363332e+04 1.721755939417791888e+04 1.038687776725310323e+04 4.153356013009592971e+03 1.533204493948881009e+03 4.098936535322046097e+02 6.769925609581183323e+01
5.416549822794231295e+04 3.506514667387886584e+04 2.225283026583616083e+04 1.363062174321495695e+04 7.878173375665683125e+03 4.153356013009592971e+03 3.708511672260684463e+03 7.015425675118324307e+02 1.875534850313163133e+02 3.097689194594835271e+01
1.999510396891890559e+04 1.294424082428003021e+04 8.214595440360308203e+03 5.031721443226598240e+03 2.908214654810317370e+03 1.533204493948881009e+03 7.015425675118324307e+02 1.042588549688899775e+03 6.923505839737030954e+01 1.143506836190572606e+01
5.345579308515720186e+03 3.460570448759563078e+03 2.196126185794064895e+03 1.345202609345634301e+03 7.774949361424484096e+02 4.098936535322045529e+02 1.875534850313162849e+02 6.923505839737030954e+01 2.070524167094278880e+02 3.057101624571898491e+00
8.828917927104361070e+02 5.715581176466430406e+02 3.627187388474890213e+02 2.221776677098253288e+02 1.284133783031821849e+02 6.769925609581183323e+01 3.097689194594834916e+01 1.143506836190572606e+01 3.057101624571898935e+00 2.476495309958152902e+01
