5.007941423590687009e+03 6.170377428359486203e+02 3.564056914074685096e+02 1.965939793264416835e+02 1.028827820514528355e+02 5.074634649815018150e+01 2.339445843923142831e+01 9.988515862118893196e+00 3.909287875333526507e+00 1.384981790767602083e+00
6.170377428359486203e+02 2.581174959882546773e+03 2.144780007525547774e+02 1.183064262509718247e+02 6.191285363349848581e+01 3.053816256255100114e+01 1.407832926270140206e+01 6.010894225993688167e+00 2.352533273407113157e+00 8.334550562014503283e-01
3.564056914074684528e+02 2.144780007525547774e+02 1.298275864761164939e+03 6.833469124940496897e+01 3.576133496281624247e+01 1.763907486825060289e+01 8.131750015280854171e+00 3.471938203887176222e+00 1.358841104296365732e+00 4.814099769606871027e-01
1.965939793264416835e+02 1.183064262509718247e+02 6.833469124940496897e+01 6.323833570419253647e+02 1.972601256338559139e+01 9.729743389596581693e+00 4.485486996794956660e+00 1.915126957659395668e+00 7.495390404990623923e-01 2.655465536602506504e-01
1.028827820514528213e+02 6.191285363349848581e+01 3.576133496281624247e+01 1.972601256338559139e+01 2.953789990817841726e+02 5.091829729466147647e+00 2.347372908707447969e+00 1.002236131853060819e+00 3.922534250892406593e-01 1.389674714268701872e-01
5.074634649815019571e+01 3.053816256255100114e+01 1.763907486825060644e+01 9.729743389596581693e+00 5.091829729466147647e+00 1.309967256445893327e+02 1.157828322780630970e+00 4.943472659452930462e-01 1.934767686852585100e-01 6.854491408944317354e-02
2.339445843923142831e+01 1.407832926270140028e+01 8.131750015280854171e+00 4.485486996794956660e+00 2.347372908707447969e+00 1.157828322780630748e+00 5.453361284220075333e+01 2.278979151361450739e-01 8.919428759524718198e-02 3.159973583407862940e-02
9.988515862118893196e+00 6.010894225993689055e+00 3.471938203887176222e+00 1.915126957659395668e+00 1.002236131853061041e+00 4.943472659452931017e-01 2.278979151361450739e-01 2.106560024367862738e+01 3.808246122771927200e-02 1.349184737220318619e-02
3.909287875333526063e+00 2.352533273407112713e+00 1.358841104296365510e+00 7.495390404990625033e-01 3.922534250892406038e-01 1.934767686852585100e-01 8.919428759524718198e-02 3.808246122771927200e-02 7.459967679586330114e+00 5.280415636924841102e-03
1.384981790767601639e+00 8.334550562014501063e-01 4.814099769606871027e-01 2.655465536602506504e-01 1.389674714268701872e-01 6.854491408944317354e-02 3.159973583407862940e-02 1.349184737220318619e-02 5.280415636924841970e-03 2.388705929590216659e+00
