1.071203285521978745e+06 5.391010608623337466e+05 3.259126086424317909e+05 1.858709508799556643e+05 9.751738250746321864e+04 4.544592849914525141e+04 1.791584925986586313e+04 5.580322447913181350e+03 1.248002892084672112e+03 1.751371877394007583e+02
5.391010608623338630e+05 4.558905784998894669e+05 2.050698658042057359e+05 1.169532259357028233e+05 6.135962836075216910e+04 2.859536640048202753e+04 1.127296307679805977e+04 3.511235666225049044e+03 7.852650643653068983e+02 1.101993560072684346e+02
3.259126086424318491e+05 2.050698658042057359e+05 1.841077682748869993e+05 7.070386931326436752e+04 3.709485659774947999e+04 1.728727901918768111e+04 6.815050220105712469e+03 2.122711414641379633e+03 4.747306287872780217e+02 6.662082899557924520e+01
1.858709508799556643e+05 1.169532259357028233e+05 7.070386931326436752e+04 6.912144957182696089e+04 2.115553705424094005e+04 9.859093831343052443e+03 3.886685667001779166e+03 1.210601795145647884e+03 2.707432331387331033e+02 3.799447000654353701e+01
9.751738250746323320e+04 6.135962836075218365e+04 3.709485659774947999e+04 2.115553705424094005e+04 2.358867526812489814e+04 5.172583557443524114e+03 2.039153569080712259e+03 6.351434571273334768e+02 1.420457112975599898e+02 1.993383714483383073e+01
4.544592849914524413e+04 2.859536640048203117e+04 1.728727901918768111e+04 9.859093831343050624e+03 5.172583557443524114e+03 7.143598684653677083e+03 9.503047038011560517e+02 2.959952717875670487e+02 6.619742114945601941e+01 9.289746241172872843e+00
1.791584925986585949e+04 1.127296307679805977e+04 6.815050220105712469e+03 3.886685667001778711e+03 2.039153569080712259e+03 9.503047038011560517e+02 1.866336941864773962e+03 1.166882677087083096e+02 2.609657361776240236e+01 3.662235514065665942e+00
5.580322447913180440e+03 3.511235666225049044e+03 2.122711414641379179e+03 1.210601795145647884e+03 6.351434571273332494e+02 2.959952717875670487e+02 1.166882677087083096e+02 4.013260938225402015e+02 8.128405941606406060e+00 1.140691392981641572e+00
1.248002892084672112e+03 7.852650643653068983e+02 4.747306287872780217e+02 2.707432331387331033e+02 1.420457112975599898e+02 6.619742114945601941e+01 2.609657361776240236e+01 8.128405941606406060e+00 6.478437380801311463e+01 2.551082255021924206e-01
1.751371877394007583e+02 1.101993560072684346e+02 6.662082899557924520e+01 3.799447000654352991e+01 1.993383714483383073e+01 9.289746241172874619e+00 3.662235514065666386e+00 1.140691392981641794e+00 2.551082255021923650e-01 6.725795850037084023e+00
