1.333389510592200531e+04 2.703143443527560066e+03 1.569169724066405024e+03 8.663995449609309389e+02 4.516904164497519787e+02 2.203618322210753036e+02 9.956644826346506250e+01 4.116427621093885136e+01 1.535356528292646594e+01 5.081135842289906890e+00
2.703143443527560066e+03 6.558516893405630981e+03 9.511814506479947795e+02 5.251842190028298774e+02 2.738005576918014867e+02 1.335764283651334949e+02 6.035405682547020945e+01 2.495249262121156875e+01 9.306849523318145856e+00 3.080025116011164243e+00
1.569169724066405024e+03 9.511814506479950069e+02 3.156834562456987442e+03 3.048684589750290570e+02 1.589407127436045641e+02 7.754086737104944405e+01 3.503541734785693507e+01 1.448487539754800757e+01 5.402608778827755920e+00 1.787948831565423280e+00
8.663995449609309389e+02 5.251842190028297637e+02 3.048684589750291138e+02 1.476110685996832444e+03 8.775734013014738366e+01 4.281332425408820797e+01 1.934441455385547926e+01 7.997662241869950783e+00 2.982990122603342176e+00 9.871959867205261085e-01
4.516904164497519787e+02 2.738005576918015436e+02 1.589407127436045641e+02 8.775734013014738366e+01 6.639174965152445793e+02 2.232038136954401608e+01 1.008505454166834703e+01 4.169516719699562834e+00 1.555157846724122050e+00 5.146666673046623730e-01
2.203618322210752467e+02 1.335764283651334665e+02 7.754086737104944405e+01 4.281332425408820797e+01 2.232038136954401608e+01 2.834917942921003942e+02 4.920097960720710262e+00 2.034141771373214169e+00 7.586998085783670520e-01 2.510854462704468770e-01
9.956644826346506250e+01 6.035405682547021655e+01 3.503541734785692796e+01 1.934441455385548281e+01 1.008505454166834703e+01 4.920097960720710262e+00 1.132136997071024069e+02 9.190896145608208334e-01 3.428045795268810370e-01 1.134483492164598539e-01
4.116427621093885136e+01 2.495249262121156875e+01 1.448487539754800757e+01 7.997662241869950783e+00 4.169516719699562834e+00 2.034141771373214169e+00 9.190896145608208334e-01 4.159835642944010203e+01 1.417274859567054790e-01 4.690354295318396871e-02
1.535356528292646949e+01 9.306849523318145856e+00 5.402608778827755920e+00 2.982990122603342176e+00 1.555157846724122050e+00 7.586998085783670520e-01 3.428045795268810370e-01 1.417274859567054790e-01 1.381732585978504879e+01 1.749421282283809484e-02
5.081135842289906890e+00 3.080025116011164243e+00 1.787948831565422836e+00 9.871959867205261085e-01 5.146666673046624840e-01 2.510854462704469325e-01 1.134483492164598539e-01 4.690354295318396871e-02 1.749421282283809484e-02 4.070571891396014053e+00
