2.687300966583246482e+05 6.202565223868736066e+05 3.950974325754578458e+05 2.415015385487296735e+05 1.386537668931334629e+05 7.250627455804892816e+04 3.305539312685516779e+04 1.234013737138733086e+04 3.450432065071253419e+03 6.357454140188458496e+02
6.202565223868736066e+05 1.528688821495090087e+05 2.583183568504901195e+05 1.578959402700210048e+05 9.065311561629710195e+04 4.740527313249143481e+04 2.161192185409968442e+04 8.068095984089443846e+03 2.255924407464283831e+03 4.156562335879475540e+02
3.950974325754578458e+05 2.583183568504901195e+05 8.336770056134322658e+04 1.005781936394731019e+05 5.774516178747258527e+04 3.019670254028121417e+04 1.376658612910205375e+04 5.139299457616733889e+03 1.437002126222723291e+03 2.647690186192845658e+02
2.415015385487296735e+05 1.578959402700210048e+05 1.005781936394731019e+05 4.288728788486450503e+04 3.529647187154662970e+04 1.845759936995661337e+04 8.414764198972075974e+03 3.141373807434326864e+03 8.783611225170494663e+02 1.618388784249628429e+02
1.386537668931334629e+05 9.065311561629710195e+04 5.774516178747258527e+04 3.529647187154662970e+04 2.035358715745375957e+04 1.059709886664932492e+04 4.831185592921335228e+03 1.803563299172552661e+03 5.042952482263209504e+02 9.291688267589715622e+01
7.250627455804892816e+04 4.740527313249144208e+04 3.019670254028121053e+04 1.845759936995661337e+04 1.059709886664932492e+04 8.634267023773591063e+03 2.526373980962447149e+03 9.431381395747838496e+02 2.637113332405817800e+02 4.858906582443709254e+01
3.305539312685516779e+04 2.161192185409968442e+04 1.376658612910205375e+04 8.414764198972075974e+03 4.831185592921335228e+03 2.526373980962447604e+03 3.131596742144176005e+03 4.299738493889346955e+02 1.202252059619418958e+02 2.215160939219865810e+01
1.234013737138733086e+04 8.068095984089443846e+03 5.139299457616733889e+03 3.141373807434326864e+03 1.803563299172552661e+03 9.431381395747838496e+02 4.299738493889346955e+02 9.115518114265975100e+02 4.488210294096854369e+01 8.269570470634169723e+00
3.450432065071253419e+03 2.255924407464283377e+03 1.437002126222723291e+03 8.783611225170496937e+02 5.042952482263209504e+02 2.637113332405817232e+02 1.202252059619418958e+02 4.488210294096855080e+01 1.946685159339349980e+02 2.312258790765361560e+00
6.357454140188459633e+02 4.156562335879475540e+02 2.647690186192845658e+02 1.618388784249628429e+02 9.291688267589715622e+01 4.858906582443709254e+01 2.215160939219865810e+01 8.269570470634169723e+00 2.312258790765361560e+00 2.682022094745260432e+01
