3.861046760409384733e+05 1.366630503594364272e+06 8.419996989338234998e+05 5.148089345338065177e+05 3.062603757091437583e+05 1.712554074496426911e+05 8.488517290418062476e+04 3.382682949724711943e+04 9.233949169173571136e+03 1.330919581292858766e+03
1.366630503594364505e+06 2.105056647595737304e+05 5.171911983163375407e+05 3.162170367669246625e+05 1.881178472039724293e+05 1.051921865401932591e+05 5.213999998954051989e+04 2.077784410739875602e+04 5.671875229936837059e+03 8.175061036044756975e+02
8.419996989338233834e+05 5.171911983163374825e+05 1.121681427038450347e+05 1.948256306699009147e+05 1.159019722545559198e+05 6.481034132055545342e+04 3.212416536740306401e+04 1.280151323778473125e+04 3.494519713584945748e+03 5.036766641027946321e+02
5.148089345338065759e+05 3.162170367669246625e+05 1.948256306699009147e+05 5.755588201872731588e+04 7.086388620125179295e+04 3.962583692637375498e+04 1.964110838343702926e+04 7.827002074596157399e+03 2.136592177807227927e+03 3.079540849297630984e+02
3.062603757091437583e+05 1.881178472039724293e+05 1.159019722545559343e+05 7.086388620125179295e+04 2.777408267691398214e+04 2.357345199505963319e+04 1.168451600068418338e+04 4.656291752614587494e+03 1.271060930022552384e+03 1.832022084798556989e+02
1.712554074496426620e+05 1.051921865401932591e+05 6.481034132055545342e+04 3.962583692637375498e+04 2.357345199505963319e+04 1.213337117150389713e+04 6.533775529778061355e+03 2.603716329453371600e+03 7.107548828682346311e+02 1.024434479525630479e+02
8.488517290418062476e+04 5.213999998954051989e+04 3.212416536740306401e+04 1.964110838343703290e+04 1.168451600068418156e+04 6.533775529778062264e+03 4.512265021389863250e+03 1.290568946759112350e+03 3.522957436687154313e+02 5.077754870257609809e+01
3.382682949724711943e+04 2.077784410739875239e+04 1.280151323778473125e+04 7.827002074596158309e+03 4.656291752614589313e+03 2.603716329453371145e+03 1.290568946759112350e+03 1.292971710127548477e+03 1.403902194690657552e+02 2.023490585557384591e+01
9.233949169173571136e+03 5.671875229936837059e+03 3.494519713584945748e+03 2.136592177807228381e+03 1.271060930022552384e+03 7.107548828682345174e+02 3.522957436687154882e+02 1.403902194690657552e+02 2.429203203683074435e+02 5.523665530894272813e+00
1.330919581292858766e+03 8.175061036044756975e+02 5.036766641027946889e+02 3.079540849297630984e+02 1.832022084798556989e+02 1.024434479525630621e+02 5.077754870257609809e+01 2.023490585557384591e+01 5.523665530894272813e+00 2.305087261016962330e+01
