1.405504290901012952e+06 7.188990611658954294e+05 4.561904283260616357e+05 2.787147858605492511e+05 1.602772641285636928e+05 8.391736668223471497e+04 3.812289444057671062e+04 1.400375944689255448e+04 3.753011532586898738e+03 6.313543551696756140e+02
7.188990611658954294e+05 6.349926525789741427e+05 2.961168516491270275e+05 1.809159942262021941e+05 1.040372526421428338e+05 5.447143315086751682e+04 2.474587535498860234e+04 9.089952136614443589e+03 2.436109769576698909e+03 4.098171559929867840e+02
4.561904283260616357e+05 2.961168516491270275e+05 2.792255952536804834e+05 1.148035229914441297e+05 6.601872419712846749e+04 3.456583512618382520e+04 1.570294369168822050e+04 5.768193871251454766e+03 1.545877605445980180e+03 2.600569037113637592e+02
2.787147858605492511e+05 1.809159942262021650e+05 1.148035229914441297e+05 1.169212500102357299e+05 4.033489839957286313e+04 2.111839428686890460e+04 9.593893945711952256e+03 3.524144348067937699e+03 9.444716921165628492e+02 1.588847545430392074e+02
1.602772641285636637e+05 1.040372526421428338e+05 6.601872419712846749e+04 4.033489839957286313e+04 4.529452151241996035e+04 1.214430891650351805e+04 5.517048796713853335e+03 2.026588624491127348e+03 5.431263303521226362e+02 9.136800436069451337e+01
8.391736668223471497e+04 5.447143315086751682e+04 3.456583512618383247e+04 2.111839428686890460e+04 1.214430891650351805e+04 1.566203301274388286e+04 2.888595643273831229e+03 1.061073644101212494e+03 2.843680397637447186e+02 4.783811582165625254e+01
3.812289444057671062e+04 2.474587535498860234e+04 1.570294369168822050e+04 9.593893945711950437e+03 5.517048796713853335e+03 2.888595643273831229e+03 4.635601712497733388e+03 4.820360805758231209e+02 1.291858073101570312e+02 2.173241978160364241e+01
1.400375944689255448e+04 9.089952136614443589e+03 5.768193871251453857e+03 3.524144348067937699e+03 2.026588624491127348e+03 1.061073644101212494e+03 4.820360805758231209e+02 1.115084176083820694e+03 4.745408227971591941e+01 7.983013443400619025e+00
3.753011532586898738e+03 2.436109769576698909e+03 1.545877605445979725e+03 9.444716921165628492e+02 5.431263303521226362e+02 2.843680397637447186e+02 1.291858073101570028e+02 4.745408227971591941e+01 2.013576005935024966e+02 2.139449883547307252e+00
6.313543551696756140e+02 4.098171559929868408e+02 2.600569037113637592e+02 1.588847545430392074e+02 9.136800436069451337e+01 4.783811582165625254e+01 2.173241978160364241e+01 7.983013443400619025e+00 2.139449883547307252e+00 2.360271948605666026e+01
