2.407972104542811285e+05 9.917461831626397907e+04 5.933750305395384930e+04 3.337854125519243826e+04 1.736941539103679315e+04 8.192211100452894243e+03 3.412381271380936141e+03 1.214613591657929419e+03 3.542234077674504533e+02 8.020309114275579532e+01
9.917461831626396452e+04 1.082813505956580339e+05 3.727913160260667792e+04 2.097026278682351040e+04 1.091243629908111507e+04 5.146804297653522553e+03 2.143848391773602543e+03 7.630880572874659720e+02 2.225429172993603402e+02 5.038805874470351398e+01
5.933750305395384930e+04 3.727913160260667792e+04 4.640061281005556521e+04 1.254678922168631470e+04 6.529056861685084186e+03 3.079401977189513218e+03 1.282693219835850641e+03 4.565658098661433542e+02 1.331504094402048679e+02 3.014785073446888219e+01
3.337854125519243826e+04 2.097026278682351403e+04 1.254678922168631289e+04 1.884419937140378897e+04 3.672726060230324947e+03 1.732225669210939031e+03 7.215407853801441433e+02 2.568274689022653661e+02 7.489978859751667528e+01 1.695877358676286306e+01
1.736941539103679315e+04 1.091243629908111507e+04 6.529056861685082367e+03 3.672726060230324947e+03 7.204171724244670258e+03 9.014098899502080258e+02 3.754730180394876129e+02 1.336470325975698188e+02 3.897610536376352997e+01 8.824950758002469087e+00
8.192211100452894243e+03 5.146804297653522553e+03 3.079401977189513218e+03 1.732225669210938577e+03 9.014098899502080258e+02 2.562749641605719262e+03 1.770902564683285902e+02 6.303405608880702715e+01 1.838291478584909200e+01 4.162250595835545575e+00
3.412381271380935232e+03 2.143848391773602543e+03 1.282693219835850641e+03 7.215407853801441433e+02 3.754730180394876129e+02 1.770902564683286187e+02 8.300915785243837490e+02 2.625618771527130590e+01 7.657214073152390554e+00 1.733742674091754754e+00
1.214613591657929419e+03 7.630880572874658583e+02 4.565658098661432973e+02 2.568274689022654229e+02 1.336470325975698188e+02 6.303405608880702715e+01 2.625618771527130946e+01 2.361386924513020631e+02 2.725532567385556160e+00 6.171137539789084414e-01
3.542234077674504533e+02 2.225429172993603402e+02 1.331504094402048679e+02 7.489978859751667528e+01 3.897610536376352997e+01 1.838291478584909200e+01 7.657214073152391443e+00 2.725532567385556160e+00 5.604310983097729348e+01 1.799717526758386477e-01
8.020309114275578111e+01 5.038805874470350687e+01 3.014785073446888219e+01 1.695877358676286306e+01 8.824950758002467310e+00 4.162250595835545575e+00 1.733742674091754754e+00 6.171137539789084414e-01 1.799717526758386477e-01 1.039894232733812451e+01
