3.561525040201814845e+05 1.226431802717817249e+06 7.666842254842618713e+05 4.652756609360030852e+05 2.677570206971038715e+05 1.408932449557364453e+05 6.414355348077790404e+04 2.321650919017535125e+04 5.877384385366561219e+03 8.561203796141492148e+02
1.226431802717817016e+06 1.969940679168547213e+05 4.863078670980772004e+05 2.951243898875294253e+05 1.698383001861008233e+05 8.936859682964431704e+04 4.068626123307250964e+04 1.472623368324257535e+04 3.728025397624185644e+03 5.430372269970480374e+02
7.666842254842618713e+05 4.863078670980772004e+05 1.051078158822559490e+05 1.844922920141336217e+05 1.061716969073935034e+05 5.586734891505086125e+04 2.543436545937784467e+04 9.205869450480013256e+03 2.330515449965698281e+03 3.394710369273961419e+02
4.652756609360030852e+05 2.951243898875294253e+05 1.844922920141335926e+05 5.318095367971151427e+04 6.443214143356409477e+04 3.390407266404123220e+04 1.543528718374915661e+04 5.586742038884654903e+03 1.414313846902821524e+03 2.060139048449312327e+02
2.677570206971038715e+05 1.698383001861008524e+05 1.061716969073935034e+05 6.443214143356409477e+04 2.487973557918748702e+04 1.951112909658614808e+04 8.882705150771535045e+03 3.215060509990383707e+03 8.139098899253342552e+02 1.185569631398422104e+02
1.408932449557364453e+05 8.936859682964431704e+04 5.586734891505086125e+04 3.390407266404123220e+04 1.951112909658614808e+04 1.036116100593296687e+04 4.674062885144629035e+03 1.691758844650491255e+03 4.282778662333201964e+02 6.238445290951312217e+01
6.414355348077790404e+04 4.068626123307250964e+04 2.543436545937784467e+04 1.543528718374915297e+04 8.882705150771535045e+03 4.674062885144629945e+03 3.629762362601183668e+03 7.701960726542242810e+02 1.949792853873221361e+02 2.840136511035408873e+01
2.321650919017535125e+04 1.472623368324257535e+04 9.205869450480015075e+03 5.586742038884654903e+03 3.215060509990383707e+03 1.691758844650491255e+03 7.701960726542242810e+02 9.819115122709935122e+02 7.057199243638923747e+01 1.027976341060773890e+01
5.877384385366561219e+03 3.728025397624185644e+03 2.330515449965697826e+03 1.414313846902821524e+03 8.139098899253342552e+02 4.282778662333201964e+02 1.949792853873221361e+02 7.057199243638923747e+01 1.802988321258241342e+02 2.602377491803800957e+00
8.561203796141491011e+02 5.430372269970480374e+02 3.394710369273960850e+02 2.060139048449312327e+02 1.185569631398421961e+02 6.238445290951312217e+01 2.840136511035408873e+01 1.027976341060773890e+01 2.602377491803800957e+00 1.847398778655792384e+01
