2.793293981819286011e+06 1.481124072224851698e+06 9.068769591311147669e+05 5.448827756322247442e+05 3.137515976894599153e+05 1.665514213881028409e+05 7.654442029616463697e+04 2.753166134670382235e+04 6.601674102043916719e+03 8.182886484133706517e+02
1.481124072224851698e+06 1.120646433616422582e+06 5.581232211871374166e+05 3.353395704270810238e+05 1.930935068885510846e+05 1.025014638010940835e+05 4.710806464917689300e+04 1.694392978092427074e+04 4.062896932115957043e+03 5.036029328067971846e+02
9.068769591311147669e+05 5.581232211871373001e+05 4.514557836177505087e+05 2.053249525871441001e+05 1.182291582716698467e+05 6.276058673382522102e+04 2.884378103140567328e+04 1.037459305645732093e+04 2.487669793608685723e+03 3.083508700437934067e+02
5.448827756322247442e+05 3.353395704270810238e+05 2.053249525871441001e+05 1.782838145450261363e+05 7.103613259890438349e+04 3.770871269306280738e+04 1.733033275338531894e+04 6.233411273424996580e+03 1.494677319067238841e+03 1.852677766772793575e+02
3.137515976894599153e+05 1.930935068885510846e+05 1.182291582716698467e+05 7.103613259890439804e+04 6.643439547268820752e+04 2.171323701787714890e+04 9.979063081147332923e+03 3.589290822825781561e+03 8.606574071705897495e+02 1.066799383875270308e+02
1.665514213881028118e+05 1.025014638010940689e+05 6.276058673382522102e+04 3.770871269306280738e+04 2.171323701787714890e+04 2.210413870149529976e+04 5.297270683324597485e+03 1.905333686646560182e+03 4.568700702978965182e+02 5.662981639897078878e+01
7.654442029616462241e+04 4.710806464917689300e+04 2.884378103140566600e+04 1.733033275338531530e+04 9.979063081147332923e+03 5.297270683324597485e+03 6.095222775276333778e+03 8.756614701910498297e+02 2.099703166154938003e+02 2.602617516926873975e+01
2.753166134670382235e+04 1.694392978092427074e+04 1.037459305645732093e+04 6.233411273424997489e+03 3.589290822825782016e+03 1.905333686646560182e+03 8.756614701910498297e+02 1.270060368002080622e+03 7.552257404982411515e+01 9.361150533740504542e+00
6.601674102043916719e+03 4.062896932115957043e+03 2.487669793608685723e+03 1.494677319067238841e+03 8.606574071705897495e+02 4.568700702978965182e+02 2.099703166154938287e+02 7.552257404982411515e+01 1.779807950790050768e+02 2.244661673906870103e+00
8.182886484133706517e+02 5.036029328067971846e+02 3.083508700437934067e+02 1.852677766772793575e+02 1.066799383875270451e+02 5.662981639897078878e+01 2.602617516926874330e+01 9.361150533740504542e+00 2.244661673906870103e+00 1.358132214997488596e+01
