2.528094117977014277e+06 1.349678201756586088e+06 8.371346396350938594e+05 5.052566565030592610e+05 2.895291815418605693e+05 1.515945394791832077e+05 6.831247112751881650e+04 2.415097785779763217e+04 5.809891382293644710e+03 7.634439732339970988e+02
1.349678201756585855e+06 1.054052927556250477e+06 5.254538498195005814e+05 3.171402098737521446e+05 1.817320845098166028e+05 9.515307408097817097e+04 4.287846810434800864e+04 1.515911980158524602e+04 3.646760806827991928e+03 4.791995885299435258e+02
8.371346396350938594e+05 5.254538498195005814e+05 4.352955780416124617e+05 1.967054479808087053e+05 1.127188857894121320e+05 5.901846401407392841e+04 2.659526611448667245e+04 9.402407385530228566e+03 2.261894568561694086e+03 2.972223855547217681e+02
5.052566565030592610e+05 3.171402098737520864e+05 1.967054479808087053e+05 1.735864584699781844e+05 6.803202813771256479e+04 3.562087911294102378e+04 1.605170136272465243e+04 5.674868406787549247e+03 1.365177395564556946e+03 1.793900068795414313e+02
2.895291815418605693e+05 1.817320845098166028e+05 1.127188857894121320e+05 6.803202813771257934e+04 6.440237676524152630e+04 2.041197051564014691e+04 9.198168689294441720e+03 3.251891853432737662e+03 7.822928978964609996e+02 1.027965514162560652e+02
1.515945394791831786e+05 9.515307408097817097e+04 5.901846401407392841e+04 3.562087911294102378e+04 2.041197051564014691e+04 2.113689465789864335e+04 4.816067724433605690e+03 1.702657553659989617e+03 4.096006176748837788e+02 5.382323049099091605e+01
6.831247112751880195e+04 4.287846810434800864e+04 2.659526611448667245e+04 1.605170136272465606e+04 9.198168689294441720e+03 4.816067724433605690e+03 5.755788429926546996e+03 7.672621017488679627e+02 1.845767694856295691e+02 2.425415777862170330e+01
2.415097785779763217e+04 1.515911980158524602e+04 9.402407385530228566e+03 5.674868406787550157e+03 3.251891853432737662e+03 1.702657553659989389e+03 7.672621017488679627e+02 1.206360879396683458e+03 6.525469507010009806e+01 8.574739250430313930e+00
5.809891382293644710e+03 3.646760806827991928e+03 2.261894568561693632e+03 1.365177395564556946e+03 7.822928978964609996e+02 4.096006176748837788e+02 1.845767694856295975e+02 6.525469507010011228e+01 1.763333895556301343e+02 2.062786193164650950e+00
7.634439732339970988e+02 4.791995885299434690e+02 2.972223855547217681e+02 1.793900068795414313e+02 1.027965514162560652e+02 5.382323049099091605e+01 2.425415777862171041e+01 8.574739250430313930e+00 2.062786193164650950e+00 1.485192266815012196e+01
