3.364479642384435283e+05 9.526398115436405642e+05 5.948676349551733583e+05 3.586258549482441740e+05 2.033702708015848475e+05 1.042610993351675424e+05 4.549494112790990766e+04 1.542266025925335634e+04 3.537270849260448813e+03 4.453396593972083224e+02
9.526398115436405642e+05 1.854138140493144747e+05 3.783746044719588826e+05 2.281094281246035243e+05 1.293567530896238313e+05 6.631685757408602512e+04 2.893774907765010357e+04 9.809817567130086900e+03 2.249934909637451256e+03 2.832650619709600051e+02
5.948676349551733583e+05 3.783746044719589408e+05 9.818685309075292025e+04 1.424409460691994173e+05 8.077569805865682429e+04 4.141098424055147916e+04 1.806992542843081537e+04 6.125655158211977323e+03 1.404952262419487852e+03 1.768824013422793655e+02
3.586258549482441740e+05 2.281094281246034952e+05 1.424409460691994173e+05 4.904455170115713554e+04 4.869697403777892032e+04 2.496530111044812656e+04 1.089375530761620030e+04 3.692953169989547405e+03 8.469988559885709947e+02 1.066364997508286621e+02
2.033702708015848766e+05 1.293567530896238313e+05 8.077569805865680974e+04 4.869697403777892032e+04 2.247651127803074996e+04 1.415737314368388070e+04 6.177652660530677167e+03 2.094207307910727650e+03 4.803178140513251719e+02 6.047164065956405210e+01
1.042610993351675279e+05 6.631685757408602512e+04 4.141098424055148644e+04 2.496530111044813020e+04 1.415737314368388070e+04 9.070124145679028516e+03 3.167074790032347209e+03 1.073629667197220442e+03 2.462427921537953921e+02 3.100177675388249909e+01
4.549494112790990766e+04 2.893774907765010721e+04 1.806992542843081537e+04 1.089375530761620030e+04 6.177652660530676258e+03 3.167074790032347209e+03 3.030722697616064124e+03 4.684845912212590520e+02 1.074494840707126855e+02 1.352780679728312840e+01
1.542266025925335998e+04 9.809817567130086900e+03 6.125655158211978232e+03 3.692953169989547860e+03 2.094207307910727650e+03 1.073629667197220442e+03 4.684845912212590520e+02 7.646381532516868447e+02 3.642508038851019592e+01 4.585889400334318466e+00
3.537270849260448813e+03 2.249934909637451256e+03 1.404952262419487852e+03 8.469988559885711084e+02 4.803178140513251719e+02 2.462427921537953921e+02 1.074494840707126855e+02 3.642508038851019592e+01 1.267535552156687402e+02 1.051798627542378517e+00
4.453396593972083792e+02 2.832650619709600051e+02 1.768824013422793655e+02 1.066364997508286621e+02 6.047164065956405210e+01 3.100177675388249909e+01 1.352780679728312663e+01 4.585889400334318466e+00 1.051798627542378517e+00 1.119366344275910841e+01
