2.872982561325329007e+05 8.607401470196744194e+05 5.484824052962642163e+05 3.376508894335002406e+05 1.967985470734465052e+05 1.054399820462545613e+05 4.976899578928891424e+04 1.945237503590472261e+04 5.754624776873479277e+03 1.130457457892796583e+03
8.607401470196744194e+05 1.633270164165640599e+05 3.567833205829290673e+05 2.196391431458815350e+05 1.280158459647098207e+05 6.858784630720650603e+04 3.237432487955370743e+04 1.265361092993629609e+04 3.743336371004827924e+03 7.353533344189403351e+02
5.484824052962642163e+05 3.567833205829290673e+05 8.942537206440133741e+04 1.399588551167115511e+05 8.157449069138769119e+04 4.370567243426980713e+04 2.062962630622414144e+04 8.063157019648024288e+03 2.385335625055707624e+03 4.685831920368290753e+02
3.376508894335002406e+05 2.196391431458815350e+05 1.399588551167115511e+05 4.644829614540767216e+04 5.021801806414197199e+04 2.690561999477310019e+04 1.269979055611604963e+04 4.963754740419689369e+03 1.468434880718605655e+03 2.884641877971679378e+02
1.967985470734465343e+05 1.280158459647098207e+05 8.157449069138769119e+04 5.021801806414197199e+04 2.240399359743636887e+04 1.568183910892512540e+04 7.402025013984004545e+03 2.893105724028956047e+03 8.558717303610320641e+02 1.681302635880812488e+02
1.054399820462545613e+05 6.858784630720650603e+04 4.370567243426980713e+04 2.690561999477310019e+04 1.568183910892512904e+04 9.733472093607142597e+03 3.965828997147649261e+03 1.550057254669076428e+03 4.585557222101073194e+02 9.008019742921811712e+01
4.976899578928891424e+04 3.237432487955370743e+04 2.062962630622414144e+04 1.269979055611604963e+04 7.402025013984004545e+03 3.965828997147649261e+03 3.647113716304847003e+03 7.316464920009185562e+02 2.164440600702837116e+02 4.251898454028921037e+01
1.945237503590472625e+04 1.265361092993629791e+04 8.063157019648024288e+03 4.963754740419689369e+03 2.893105724028956047e+03 1.550057254669076428e+03 7.316464920009185562e+02 1.106918681396217607e+03 8.459786989889768449e+01 1.661868438988163987e+01
5.754624776873478368e+03 3.743336371004827924e+03 2.385335625055708078e+03 1.468434880718605882e+03 8.558717303610320641e+02 4.585557222101073194e+02 2.164440600702837401e+02 8.459786989889768449e+01 2.485608381574732277e+02 4.916329896608201189e+00
1.130457457892796356e+03 7.353533344189402214e+02 4.685831920368291321e+02 2.884641877971679378e+02 1.681302635880812204e+02 9.008019742921813133e+01 4.251898454028920327e+01 1.661868438988164343e+01 4.916329896608200301e+00 3.620704828747026482e+01
