2.549019602169699501e+05 1.085714758006327465e+05 6.318429611889985244e+04 3.441320158365015232e+04 1.723861791948866812e+04 7.764088320582799497e+03 3.056108172646210278e+03 1.013525379321663536e+03 2.701633756565577755e+02 5.450111414664956300e+01
1.085714758006327611e+05 1.085805836558040464e+05 3.873866297982144897e+04 2.109893597132142168e+04 1.056909787464147848e+04 4.760208141444464673e+03 1.873717866655263833e+03 6.213983616617875896e+02 1.656387520619975930e+02 3.341495312345971769e+01
6.318429611889985244e+04 3.873866297982145625e+04 4.391681652359238069e+04 1.227874456320056379e+04 6.150796099034792860e+03 2.770252486471884822e+03 1.090429541064869227e+03 3.616292198434755960e+02 9.639518926930986709e+01 1.944617844956595576e+01
3.441320158365015232e+04 2.109893597132142531e+04 1.227874456320056379e+04 1.678472895421792418e+04 3.350018898013780472e+03 1.508812523212531232e+03 5.939002871665737757e+02 1.969606374595527711e+02 5.250144867921699188e+01 1.059132252984570499e+01
1.723861791948866812e+04 1.056909787464147848e+04 6.150796099034792860e+03 3.350018898013780472e+03 6.030922422250281670e+03 7.558100206566607540e+02 2.975026926179193083e+02 9.866356566944044459e+01 2.629957029138081737e+01 5.305515149768181615e+00
7.764088320582798588e+03 4.760208141444464673e+03 2.770252486471884822e+03 1.508812523212530778e+03 7.558100206566607540e+02 2.013836371794550814e+03 1.339920167547420533e+02 4.443701005839558604e+01 1.184504392923588156e+01 2.389547027573547755e+00
3.056108172646210278e+03 1.873717866655263833e+03 1.090429541064869227e+03 5.939002871665737757e+02 2.975026926179193083e+02 1.339920167547420249e+02 6.102934774390535040e+02 1.749134012906626623e+01 4.662457981257724704e+00 9.405758794023881819e-01
1.013525379321663536e+03 6.213983616617875896e+02 3.616292198434756529e+02 1.969606374595528280e+02 9.866356566944041617e+01 4.443701005839558604e+01 1.749134012906626623e+01 1.609608344810709752e+02 1.546254002499473312e+00 3.119318659871503363e-01
2.701633756565577755e+02 1.656387520619975930e+02 9.639518926930988130e+01 5.250144867921699188e+01 2.629957029138081737e+01 1.184504392923588156e+01 4.662457981257724704e+00 1.546254002499473312e+00 3.480843619541340672e+01 8.314795821525439168e-02
5.450111414664956300e+01 3.341495312345971769e+01 1.944617844956595931e+01 1.059132252984570677e+01 5.305515149768181615e+00 2.389547027573547755e+00 9.405758794023881819e-01 3.119318659871503918e-01 8.314795821525439168e-02 5.734382776545498217e+00
