1.954846860367954243e+06 1.027748136754158302e+06 6.462789293716045795e+05 3.961263988070595078e+05 2.315631715011944761e+05 1.247440770308705250e+05 5.875734993782307720e+04 2.231482687110998813e+04 6.039247074769513347e+03 9.641948691773235396e+02
1.027748136754158419e+06 8.430082473212466575e+05 4.111274347010391648e+05 2.519940272805412824e+05 1.473078702458866173e+05 7.935538364791990898e+04 3.737822394002039800e+04 1.419547676765144934e+04 3.841839869032925435e+03 6.133682301884957724e+02
6.462789293716046959e+05 4.111274347010391648e+05 3.606324400809784420e+05 1.584614209793148621e+05 9.263161787010428088e+04 4.990105119122038013e+04 2.350455105280999487e+04 8.926542602442861607e+03 2.415864421041188507e+03 3.857043850925504103e+02
3.961263988070595078e+05 2.519940272805413115e+05 1.584614209793148621e+05 1.495779381353146455e+05 5.677707803074210096e+04 3.058605627802996605e+04 1.440674102307409339e+04 5.471382423594837746e+03 1.480765702888772921e+03 2.364113730573934617e+02
2.315631715011944761e+05 1.473078702458866173e+05 9.263161787010428088e+04 5.677707803074210096e+04 5.823756347461370751e+04 1.787965714172043954e+04 8.421732690237326096e+03 3.198399981215625303e+03 8.656095717017103652e+02 1.381987352748641342e+02
1.247440770308705396e+05 7.935538364791990898e+04 4.990105119122037286e+04 3.058605627802996605e+04 1.787965714172043954e+04 2.035632317642138150e+04 4.536823643560030177e+03 1.722991834348056955e+03 4.663076014678785555e+02 7.444825343743232793e+01
5.875734993782307720e+04 3.737822394002039800e+04 2.350455105280999851e+04 1.440674102307409339e+04 8.421732690237326096e+03 4.536823643560030177e+03 6.037530486447394651e+03 8.115690665276791833e+02 2.196416821564572786e+02 3.506685193879321361e+01
2.231482687110998813e+04 1.419547676765144934e+04 8.926542602442859788e+03 5.471382423594837746e+03 3.198399981215625303e+03 1.722991834348057409e+03 8.115690665276791833e+02 1.418182437592396354e+03 8.341537043769370996e+01 1.331766546239865256e+01
6.039247074769513347e+03 3.841839869032925435e+03 2.415864421041188507e+03 1.480765702888772921e+03 8.656095717017103652e+02 4.663076014678785555e+02 2.196416821564572786e+02 8.341537043769370996e+01 2.407949994573695278e+02 3.604270499211332801e+00
9.641948691773234259e+02 6.133682301884957724e+02 3.857043850925504103e+02 2.364113730573934617e+02 1.381987352748641342e+02 7.444825343743232793e+01 3.506685193879321361e+01 1.331766546239865256e+01 3.604270499211332801e+00 2.509556019595833121e+01
