3.465417074361023842e+05 1.292255606463560835e+06 8.189091106073013507e+05 5.097577483023603563e+05 3.060577701982529252e+05 1.721575312013302464e+05 8.673299539037329669e+04 3.650441888048511464e+04 1.153230086084460345e+04 2.320506134455619758e+03
1.292255606463560835e+06 1.950005001589626190e+05 5.222861964617935009e+05 3.251147557514966466e+05 1.951984006819498609e+05 1.097991230024467368e+05 5.531681804905352328e+04 2.328189275730188092e+04 7.355103851020574439e+03 1.479979044233971081e+03
8.189091106073013507e+05 5.222861964617935591e+05 1.067562416518236860e+05 2.060269146027307725e+05 1.236982435169111268e+05 6.958027631194554851e+04 3.505455580428445683e+04 1.475385674147916870e+04 4.660967631277550026e+03 9.378704311818054293e+02
5.097577483023603563e+05 3.251147557514966466e+05 2.060269146027307725e+05 5.608533026300464553e+04 7.700016676743938297e+04 4.331260272917177645e+04 2.182089709721219697e+04 9.184038489612776175e+03 2.901377373696844188e+03 5.838092567367492620e+02
3.060577701982529252e+05 1.951984006819498609e+05 1.236982435169111268e+05 7.700016676743939752e+04 2.770353866994928103e+04 2.600482024436095526e+04 1.310123314758719607e+04 5.514082622396112129e+03 1.741982524943618273e+03 3.505181822797248401e+02
1.721575312013302464e+05 1.097991230024467368e+05 6.958027631194554851e+04 4.331260272917177645e+04 2.600482024436095890e+04 1.247355153688647624e+04 7.369445163638977647e+03 3.101672114048782078e+03 9.798653721351097374e+02 1.971665181490620284e+02
8.673299539037329669e+04 5.531681804905353783e+04 3.505455580428444955e+04 2.182089709721219697e+04 1.310123314758719607e+04 7.369445163638979466e+03 4.886188771151797482e+03 1.562622972651943428e+03 4.936563518978030061e+02 9.933252754281137697e+01
3.650441888048511464e+04 2.328189275730188456e+04 1.475385674147916507e+04 9.184038489612776175e+03 5.514082622396112129e+03 3.101672114048782532e+03 1.562622972651943655e+03 1.551264074416609901e+03 2.077714273741054001e+02 4.180734422418643703e+01
1.153230086084460345e+04 7.355103851020576258e+03 4.660967631277550026e+03 2.901377373696844188e+03 1.741982524943618500e+03 9.798653721351097374e+02 4.936563518978030061e+02 2.077714273741054285e+02 3.582745368548422675e+02 1.320757559145685534e+01
2.320506134455619758e+03 1.479979044233970853e+03 9.378704311818054293e+02 5.838092567367492620e+02 3.505181822797248401e+02 1.971665181490620284e+02 9.933252754281139119e+01 4.180734422418643703e+01 1.320757559145685534e+01 5.104150227521063954e+01
