1.627038195896897931e+06 8.543911133883489529e+05 5.401333400081644068e+05 3.299228261386019294e+05 1.905010238077066315e+05 1.006842662888833584e+05 4.644039251109184988e+04 1.743180001520007499e+04 4.802665058146412775e+03 8.340951274116054037e+02
8.543911133883489529e+05 7.211005754534534644e+05 3.483159696570192464e+05 2.127574444797543401e+05 1.228484596548571863e+05 6.492829685552800947e+04 2.994803162587413317e+04 1.124125077165182847e+04 3.097096240422534265e+03 5.378832069247509935e+02
5.401333400081645232e+05 3.483159696570192464e+05 3.124019655220308923e+05 1.345020884436769411e+05 7.766296698134772305e+04 4.104670249031195272e+04 1.893269966795762230e+04 7.106551355715982027e+03 1.957938127460121905e+03 3.400417543417419779e+02
3.299228261386019876e+05 2.127574444797543401e+05 1.345020884436769411e+05 1.294875714317456004e+05 4.743788923010725557e+04 2.507203885816308684e+04 1.156442181627138962e+04 4.340805008151301990e+03 1.195942617440355434e+03 2.077034100428978434e+02
1.905010238077066315e+05 1.228484596548571863e+05 7.766296698134770850e+04 4.743788923010726285e+04 4.987845572051982163e+04 1.447686759757613800e+04 6.677422782558169274e+03 2.506427966445241964e+03 6.905502589928245243e+02 1.199302052683720063e+02
1.006842662888833584e+05 6.492829685552800947e+04 4.104670249031195272e+04 2.507203885816308684e+04 1.447686759757613800e+04 1.721446869769018303e+04 3.529174805071808350e+03 1.324706060699229283e+03 3.649720341265598904e+02 6.338593085730554577e+01
4.644039251109184261e+04 2.994803162587412953e+04 1.893269966795762230e+04 1.156442181627138962e+04 6.677422782558169274e+03 3.529174805071808350e+03 5.095075050986233691e+03 6.110177060255039123e+02 1.683425339941167920e+02 2.923661876075280475e+01
1.743180001520007499e+04 1.124125077165183029e+04 7.106551355715981117e+03 4.340805008151301990e+03 2.506427966445241964e+03 1.324706060699229283e+03 6.110177060255037986e+02 1.227891616975940451e+03 6.318881533864259836e+01 1.097421584531967831e+01
4.802665058146412775e+03 3.097096240422534265e+03 1.957938127460121905e+03 1.195942617440355434e+03 6.905502589928246380e+02 3.649720341265598904e+02 1.683425339941167920e+02 6.318881533864260547e+01 2.232816110903673916e+02 3.023524990816536473e+00
8.340951274116055174e+02 5.378832069247509935e+02 3.400417543417419779e+02 2.077034100428978718e+02 1.199302052683719921e+02 6.338593085730554577e+01 2.923661876075280119e+01 1.097421584531967831e+01 3.023524990816536473e+00 2.660511799932737986e+01
