2.943245001754306486e+03 2.727552584917910394e+02 1.580403287505665162e+02 8.770031287257617691e+01 4.636792594236295173e+01 2.322032689434161057e+01 1.094197667774982285e+01 4.813840964807248213e+00 1.961156993313113439e+00 7.325918891017209056e-01
2.727552584917909826e+02 1.553580334990031588e+03 9.517552131120503134e+01 5.281514574660931771e+01 2.792383158509421293e+01 1.398381498353871777e+01 6.589510049194665875e+00 2.899005759839142549e+00 1.181053853072435711e+00 4.411836871312939112e-01
1.580403287505665446e+02 9.517552131120503134e+01 7.995352533375429402e+02 3.060224408855690470e+01 1.617967531803446590e+01 8.102526526549334918e+00 3.818105433561163498e+00 1.679746985880944843e+00 6.843282884583090642e-01 2.556314233469315633e-01
8.770031287257616270e+01 5.281514574660931771e+01 3.060224408855690470e+01 3.982543894603801391e+02 8.978484155192157701e+00 4.496283430024042183e+00 2.118756925849515138e+00 9.321312944180875082e-01 3.797499377520950348e-01 1.418559173144437469e-01
4.636792594236295173e+01 2.792383158509421293e+01 1.617967531803446590e+01 8.978484155192157701e+00 1.904591530820887613e+02 2.377224553373526561e+00 1.120205401894058816e+00 4.928260049759979333e-01 2.007771285364725322e-01 7.500046981678316904e-02
2.322032689434161057e+01 1.398381498353871955e+01 8.102526526549334918e+00 4.496283430024042183e+00 2.377224553373526117e+00 8.670700925427694017e+01 5.609812190676949362e-01 2.467994999776330356e-01 1.005460231997288567e-01 3.755905382827991190e-02
1.094197667774982641e+01 6.589510049194664987e+00 3.818105433561163498e+00 2.118756925849515138e+00 1.120205401894058816e+00 5.609812190676949362e-01 3.724628033819188744e+01 1.162978620035550609e-01 4.737970511345465652e-02 1.769872977660513769e-02
4.813840964807248213e+00 2.899005759839142549e+00 1.679746985880944843e+00 9.321312944180875082e-01 4.928260049759978778e-01 2.467994999776330356e-01 1.162978620035550748e-01 1.495288289782604529e+01 2.084434760671953143e-02 7.786424055986607834e-03
1.961156993313113439e+00 1.181053853072435489e+00 6.843282884583091752e-01 3.797499377520949793e-01 2.007771285364725045e-01 1.005460231997288567e-01 4.737970511345465652e-02 2.084434760671953143e-02 5.557708777694597480e+00 3.172186223420665231e-03
7.325918891017209056e-01 4.411836871312939112e-01 2.556314233469315633e-01 1.418559173144437469e-01 7.500046981678316904e-02 3.755905382827991190e-02 1.769872977660513769e-02 7.786424055986607834e-03 3.172186223420665231e-03 1.892049900128165207e+00
