1.034127413843218237e+05 3.942047396076352015e+04 2.300630082792993198e+04 1.265696562258091035e+04 6.483334722530471481e+03 3.045887250221467184e+03 1.288521751305100224e+03 4.799232639375744043e+02 1.530587511350308603e+02 4.040966391424825588e+01
3.942047396076352015e+04 4.558658414462080691e+04 1.409905661199055248e+04 7.756626160088475444e+03 3.973211685403575757e+03 1.866625021371449066e+03 7.896506810593785985e+02 2.941135699422209200e+02 9.379969484679405411e+01 2.476443924904384630e+01
2.300630082792993198e+04 1.409905661199055066e+04 1.936029516094220162e+04 4.526867815602745395e+03 2.318817966989016895e+03 1.089386617151188602e+03 4.608503980828328395e+02 1.716485010911341647e+02 5.474272073342608991e+01 1.445284853159240868e+01
1.265696562258091035e+04 7.756626160088475444e+03 4.526867815602744486e+03 7.914290575467754024e+03 1.275702665661602623e+03 5.993283781738219886e+02 2.535378324969935591e+02 9.443279011811085866e+01 3.011682493381815107e+01 7.951265541597011932e+00
6.483334722530471481e+03 3.973211685403575757e+03 2.318817966989016895e+03 1.275702665661602623e+03 3.101220939092602748e+03 3.069966846935216154e+02 1.298708301751465228e+02 4.837173500936928150e+01 1.542687739290701465e+01 4.072912695751175427e+00
3.045887250221467184e+03 1.866625021371449066e+03 1.089386617151188602e+03 5.993283781738219886e+02 3.069966846935216154e+02 1.151998929819709247e+03 6.101364849041186744e+01 2.272516494083216543e+01 7.247586492564347616e+00 1.913464811271025079e+00
1.288521751305100452e+03 7.896506810593785985e+02 4.608503980828328395e+02 2.535378324969935591e+02 1.298708301751465228e+02 6.101364849041186744e+01 3.973793390457008741e+02 9.613576249787065819e+00 3.065994264710614203e+00 8.094656259847945456e-01
4.799232639375744611e+02 2.941135699422209200e+02 1.716485010911341647e+02 9.443279011811085866e+01 4.837173500936928150e+01 2.272516494083216188e+01 9.613576249787064043e+00 1.235230839379964038e+02 1.141961300415322844e+00 3.014938512868833298e-01
1.530587511350308603e+02 9.379969484679405411e+01 5.474272073342608991e+01 3.011682493381814751e+01 1.542687739290701288e+01 7.247586492564347616e+00 3.065994264710613759e+00 1.141961300415322844e+00 3.332540600632316341e+01 9.615343914410351411e-02
4.040966391424825588e+01 2.476443924904384275e+01 1.445284853159240868e+01 7.951265541597011932e+00 4.072912695751175427e+00 1.913464811271025079e+00 8.094656259847945456e-01 3.014938512868833853e-01 9.615343914410350024e-02 7.479499860396045641e+00
