1.657782365396269597e+06 8.803224047393047949e+05 5.646643240083229030e+05 3.522356696056950022e+05 2.096115504936021753e+05 1.156639423362036905e+05 5.674737930447344843e+04 2.325682218129376997e+04 7.264095057938175160e+03 1.509508537741618511e+03
8.803224047393047949e+05 7.485942686610955279e+05 3.677837076702546328e+05 2.294222160551936249e+05 1.365266228682644432e+05 7.533557858622659114e+04 3.696136035833900678e+04 1.514790279248802835e+04 4.731334528650504581e+03 9.831905845043854697e+02
5.646643240083230194e+05 3.677837076702546910e+05 3.328622518889328931e+05 1.471580637319582165e+05 8.757213584025214368e+04 4.832242520144078298e+04 2.370808859209951697e+04 9.716304213564842939e+03 3.034815198266863717e+03 6.306469581845113908e+02
3.522356696056950605e+05 2.294222160551936249e+05 1.471580637319582456e+05 1.429542758473218419e+05 5.462719813344790600e+04 3.014336318784276227e+04 1.478902439068600142e+04 6.060997260218625343e+03 1.893107317109894666e+03 3.933954106114942988e+02
2.096115504936022044e+05 1.365266228682644723e+05 8.757213584025214368e+04 5.462719813344790600e+04 5.771995870772415947e+04 1.793798198225787200e+04 8.800784816283900000e+03 3.606832421810355299e+03 1.126567222548470227e+03 2.341052570503478307e+02
1.156639423362036905e+05 7.533557858622659114e+04 4.832242520144077571e+04 3.014336318784276227e+04 1.793798198225787200e+04 2.116426910668324126e+04 4.856285186130845432e+03 1.990255099350339151e+03 6.216413454309167719e+02 1.291796033582607208e+02
5.674737930447345570e+04 3.696136035833900678e+04 2.370808859209951697e+04 1.478902439068600142e+04 8.800784816283900000e+03 4.856285186130845432e+03 6.754764724915380611e+03 9.764647370154922328e+02 3.049914822890281698e+02 6.337847216779606896e+01
2.325682218129377361e+04 1.514790279248802835e+04 9.716304213564841120e+03 6.060997260218626252e+03 3.606832421810354845e+03 1.990255099350338924e+03 9.764647370154923465e+02 1.783334004248427391e+03 1.249948941667862528e+02 2.597444807838578029e+01
7.264095057938175160e+03 4.731334528650504581e+03 3.034815198266863717e+03 1.893107317109894666e+03 1.126567222548470227e+03 6.216413454309167719e+02 3.049914822890281698e+02 1.249948941667862528e+02 3.642253990150456389e+02 8.112925250408290268e+00
1.509508537741618284e+03 9.831905845043856971e+02 6.306469581845113908e+02 3.933954106114942988e+02 2.341052570503478023e+02 1.291796033582607492e+02 6.337847216779606896e+01 2.597444807838578029e+01 8.112925250408292044e+00 5.125369899554888775e+01
