2.236976807765091071e+05 6.245169131262153387e+05 3.759856663262229995e+05 2.139317817013875465e+05 1.120640063961152191e+05 5.205840147801353305e+04 2.034402147117866116e+04 6.204649951507537480e+03 1.327120710115974589e+03 1.708829292120549326e+02
6.245169131262152223e+05 1.207954649472547899e+05 2.350741210423728044e+05 1.337546349515585171e+05 7.006476619562643464e+04 3.254800399677226960e+04 1.271950873163097276e+04 3.879277228777986693e+03 8.297436907527234098e+02 1.068395898656846583e+02
3.759856663262229995e+05 2.350741210423727462e+05 6.184209321729624207e+04 8.052596253116823209e+04 4.218196056882388802e+04 1.959527870759485086e+04 7.657683667628656622e+03 2.335489404802493482e+03 4.995408897510395718e+02 6.432196397145678191e+01
2.139317817013875465e+05 1.337546349515585462e+05 8.052596253116821754e+04 2.943484517121342287e+04 2.400107979732521926e+04 1.114950186216355905e+04 4.357139267378387558e+03 1.328868236909338066e+03 2.842333688444730342e+02 3.659850251580318314e+01
1.120640063961152482e+05 7.006476619562643464e+04 4.218196056882388802e+04 2.400107979732521926e+04 1.267738550962233967e+04 5.840449876395769934e+03 2.282402730650887406e+03 6.961018013137808111e+02 1.488901266135241599e+02 1.917141430507053101e+01
5.205840147801353305e+04 3.254800399677226960e+04 1.959527870759485450e+04 1.114950186216355905e+04 5.840449876395769024e+03 4.755462810087201433e+03 1.060271192400071186e+03 3.233682982408294606e+02 6.916566912628067598e+01 8.905920954377824827e+00
2.034402147117865752e+04 1.271950873163097276e+04 7.657683667628655712e+03 4.357139267378387558e+03 2.282402730650887406e+03 1.060271192400071186e+03 1.472714824448664103e+03 1.263698349494723630e+02 2.702940962118812962e+01 3.480365166283551304e+00
6.204649951507536571e+03 3.879277228777986693e+03 2.335489404802493482e+03 1.328868236909337611e+03 6.961018013137808111e+02 3.233682982408294606e+02 1.263698349494723630e+02 3.490705451572252969e+02 8.243602442760586513e+00 1.061464056691179492e+00
1.327120710115974589e+03 8.297436907527235235e+02 4.995408897510395718e+02 2.842333688444730342e+02 1.488901266135241599e+02 6.916566912628067598e+01 2.702940962118812607e+01 8.243602442760586513e+00 5.686698457618618363e+01 2.270379382702021609e-01
1.708829292120549326e+02 1.068395898656846583e+02 6.432196397145678191e+01 3.659850251580318314e+01 1.917141430507053101e+01 8.905920954377824827e+00 3.480365166283551304e+00 1.061464056691179270e+00 2.270379382702021609e-01 5.461974906832514520e+00
