3.624244145669136778e+05 1.069407945737772156e+06 6.634340314928790322e+05 3.986096173108294606e+05 2.257171136055371899e+05 1.153886816424674325e+05 4.980601446205896355e+04 1.636431483441847740e+04 3.487298486150084500e+03 3.762277176660944065e+02
1.069407945737771923e+06 1.976747323816588905e+05 4.176861593506283243e+05 2.509574610758735798e+05 1.421074437038706674e+05 7.264664304199458275e+04 3.135697281974982252e+04 1.030267892379912337e+04 2.195540539142396028e+03 2.368662187551501859e+02
6.634340314928790322e+05 4.176861593506282661e+05 1.037685859029419225e+05 1.556877530210625555e+05 8.815991564057847427e+04 4.506816641849855660e+04 1.945308427539998956e+04 6.391525180671141243e+03 1.362058620374659995e+03 1.469458975496866628e+02
3.986096173108294606e+05 2.509574610758736089e+05 1.556877530210625555e+05 5.141128607556580391e+04 5.296892918888978602e+04 2.707820780395300608e+04 1.168795405487988683e+04 3.840206087358664263e+03 8.183627002081021828e+02 8.828918205457725321e+01
2.257171136055371899e+05 1.421074437038706965e+05 8.815991564057847427e+04 5.296892918888978602e+04 2.334578402986646324e+04 1.533333527764121391e+04 6.618433521548522549e+03 2.174559258095105179e+03 4.634069489331106979e+02 4.999472785026442523e+01
1.153886816424674180e+05 7.264664304199458275e+04 4.506816641849854932e+04 2.707820780395300972e+04 1.533333527764121391e+04 9.291181196506571723e+03 3.383404591662573239e+03 1.111654858317578828e+03 2.368979296571960731e+02 2.555776849865956990e+01
4.980601446205896355e+04 3.135697281974982616e+04 1.945308427539998956e+04 1.168795405487988683e+04 6.618433521548523458e+03 3.383404591662572329e+03 3.026707389824020993e+03 4.798312725483660302e+02 1.022538913053641494e+02 1.103167632512153240e+01
1.636431483441847922e+04 1.030267892379912337e+04 6.391525180671141243e+03 3.840206087358664263e+03 2.174559258095105179e+03 1.111654858317578601e+03 4.798312725483660870e+02 7.267875183279682005e+02 3.359664266330879911e+01 3.624578808111812656e+00
3.487298486150083590e+03 2.195540539142396028e+03 1.362058620374659995e+03 8.183627002081021828e+02 4.634069489331107548e+02 2.368979296571960447e+02 1.022538913053641636e+02 3.359664266330880622e+01 1.095188104376647544e+02 7.724116969367254004e-01
3.762277176660943496e+02 2.368662187551501574e+02 1.469458975496866344e+02 8.828918205457725321e+01 4.999472785026442523e+01 2.555776849865956990e+01 1.103167632512153240e+01 3.624578808111813100e+00 7.724116969367254004e-01 8.078215338405868806e+00
