3.448843575131627149e+05 1.370288652260252042e+06 8.659906632515072124e+05 5.357479301486368058e+05 3.183130275371304015e+05 1.763518863741330279e+05 8.704737813771610672e+04 3.571931923010639002e+04 1.096769558078963564e+04 2.146869674463531737e+03
1.370288652260252042e+06 1.934302058571094531e+05 5.522450042610621313e+05 3.416481614904688322e+05 2.029892315334823506e+05 1.124601596470617951e+05 5.551039029691713949e+04 2.277832364423936815e+04 6.994134405567060639e+03 1.369065629495970825e+03
8.659906632515072124e+05 5.522450042610620148e+05 1.053256060035163246e+05 2.159137182372266834e+05 1.282844887890145619e+05 7.107221393207067740e+04 3.508127986850418529e+04 1.439537251359060247e+04 4.420130811677229758e+03 8.652177412156540868e+02
5.357479301486368058e+05 3.416481614904687740e+05 2.159137182372266834e+05 5.488703182796288456e+04 7.936361470785283018e+04 4.396905546558928472e+04 2.170314747499495570e+04 8.905743855156189966e+03 2.734528250513639250e+03 5.352697594264262761e+02
3.183130275371304015e+05 2.029892315334823506e+05 1.282844887890145619e+05 7.936361470785283018e+04 2.680483347705844062e+04 2.612408256867504679e+04 1.289486004721253994e+04 5.291321028937017218e+03 1.624711767090387184e+03 3.180289238351819563e+02
1.763518863741330570e+05 1.124601596470618097e+05 7.107221393207067740e+04 4.396905546558929200e+04 2.612408256867504315e+04 1.189124761931066860e+04 7.144014530134533743e+03 2.931499386261574728e+03 9.001233382043053552e+02 1.761944871493757319e+02
8.704737813771610672e+04 5.551039029691713949e+04 3.508127986850418529e+04 2.170314747499495570e+04 1.289486004721253994e+04 7.144014530134533743e+03 4.572193510708160829e+03 1.446989543650400037e+03 4.443013239168062682e+02 8.696968580270490179e+01
3.571931923010639002e+04 2.277832364423937179e+04 1.439537251359060247e+04 8.905743855156189966e+03 5.291321028937017218e+03 2.931499386261574728e+03 1.446989543650399810e+03 1.420180186147940049e+03 1.823161267216508179e+02 3.568743869130824464e+01
1.096769558078963564e+04 6.994134405567060639e+03 4.420130811677229758e+03 2.734528250513638795e+03 1.624711767090387184e+03 9.001233382043053552e+02 4.443013239168062682e+02 1.823161267216508179e+02 3.204705925389204140e+02 1.095790659118887866e+01
2.146869674463531737e+03 1.369065629495970825e+03 8.652177412156540868e+02 5.352697594264262761e+02 3.180289238351819563e+02 1.761944871493757319e+02 8.696968580270491600e+01 3.568743869130824464e+01 1.095790659118888044e+01 4.472558778183805828e+01
