9.908622853295698296e+05 5.023136050313568558e+05 3.104801697884169407e+05 1.819827605647830642e+05 9.895749204893287970e+04 4.846460632522113156e+04 2.051566393147785493e+04 7.096285945472668573e+03 1.854984249402640671e+03 3.290216842725228616e+02
5.023136050313567976e+05 4.381418746719991323e+05 1.991734907109741180e+05 1.167422115737952699e+05 6.348137833350521396e+04 3.109011704130924045e+04 1.316082892595131125e+04 4.552277988659312541e+03 1.189975154996786841e+03 2.110678998301913794e+02
3.104801697884168825e+05 1.991734907109741180e+05 1.845822688621504931e+05 7.215839130744744034e+04 3.923785644260830304e+04 1.921680942152635907e+04 8.134711778771338686e+03 2.813764207630382771e+03 7.355239525004233201e+02 1.304611237278184603e+02
1.819827605647830642e+05 1.167422115737952699e+05 7.215839130744744034e+04 7.279079344100500748e+04 2.299861353121725551e+04 1.126361155419326133e+04 4.768025303865617389e+03 1.649240846627686096e+03 4.311150674413894421e+02 7.646760647725547244e+01
9.895749204893287970e+04 6.348137833350520668e+04 3.923785644260830304e+04 2.299861353121725915e+04 2.634275641053366417e+04 6.124859010585021679e+03 2.592728149809704973e+03 8.968142776844853188e+02 2.344291609057079881e+02 4.158109557460079486e+01
4.846460632522113156e+04 3.109011704130924045e+04 1.921680942152635907e+04 1.126361155419326315e+04 6.124859010585021679e+03 8.570722134895018826e+03 1.269793185812668526e+03 4.392163747776065179e+02 1.148120951653561548e+02 2.036441492068061265e+01
2.051566393147785493e+04 1.316082892595130943e+04 8.134711778771338686e+03 4.768025303865617389e+03 2.592728149809704973e+03 1.269793185812668753e+03 2.446782224580189904e+03 1.859256934364108815e+02 4.860137197597578052e+01 8.620507301148506940e+00
7.096285945472668573e+03 4.552277988659312541e+03 2.813764207630382316e+03 1.649240846627686096e+03 8.968142776844853188e+02 4.392163747776064611e+02 1.859256934364109100e+02 5.905697076633764482e+02 1.681101981567514514e+01 2.981798932186835671e+00
1.854984249402640899e+03 1.189975154996786614e+03 7.355239525004233201e+02 4.311150674413894421e+02 2.344291609057079597e+02 1.148120951653561548e+02 4.860137197597578052e+01 1.681101981567514159e+01 1.122407718312398828e+02 7.794485871332474947e-01
3.290216842725228616e+02 2.110678998301914078e+02 1.304611237278184603e+02 7.646760647725547244e+01 4.158109557460078776e+01 2.036441492068061265e+01 8.620507301148506940e+00 2.981798932186835671e+00 7.794485871332474947e-01 1.488460382554208294e+01
