1.392763184557466730e+03 7.564443255363504193e+01 4.608696323145287010e+01 2.714021321332730352e+01 1.540370600763511533e+01 8.389349888517919851e+00 4.368357448360344897e+00 2.163276221105285835e+00 1.014065275609117966e+00 4.471283706952682291e-01
7.564443255363504193e+01 7.957922805278666374e+02 2.894500461290102322e+01 1.704546235146053590e+01 9.674326755000516087e+00 5.268947099050090621e+00 2.743555175431866999e+00 1.358649731040168618e+00 6.368856184530894415e-01 2.808198207232032173e-01
4.608696323145287010e+01 2.894500461290101967e+01 4.439881392656400294e+02 1.038508149423781646e+01 5.894159376906372039e+00 3.210147303969997257e+00 1.671532487257908928e+00 8.277679940883185816e-01 3.880275532436149311e-01 1.710916760880841769e-01
2.714021321332730352e+01 1.704546235146053590e+01 1.038508149423781646e+01 2.406062982911203960e+02 3.471019372641106493e+00 1.890427925102996509e+00 9.843509946479241934e-01 4.874653974899572084e-01 2.285060630874947429e-01 1.007544052042708971e-01
1.540370600763511533e+01 9.674326755000516087e+00 5.894159376906372039e+00 3.471019372641106937e+00 1.260973749942410791e+02 1.072931732629533119e+00 5.586784897634538005e-01 2.766659794751753498e-01 1.296909567030763433e-01 5.718419470553824657e-02
8.389349888517919851e+00 5.268947099050090621e+00 3.210147303969997257e+00 1.890427925102996509e+00 1.072931732629533119e+00 6.354950030375409398e+01 3.042741352951830458e-01 1.506811219920904388e-01 7.063383400198876283e-02 3.114433742374099132e-02
4.368357448360344897e+00 2.743555175431867443e+00 1.671532487257908928e+00 9.843509946479241934e-01 5.586784897634539115e-01 3.042741352951829903e-01 3.065207566564700059e+01 7.846007263117334152e-02 3.677923068760523967e-02 1.621694173769662808e-02
2.163276221105286279e+00 1.358649731040168618e+00 8.277679940883184706e-01 4.874653974899572084e-01 2.766659794751753498e-01 1.506811219920904388e-01 7.846007263117334152e-02 1.406380488470254875e+01 1.821362746011232978e-02 8.030873126780595575e-03
1.014065275609117966e+00 6.368856184530893305e-01 3.880275532436149311e-01 2.285060630874947707e-01 1.296909567030763433e-01 7.063383400198876283e-02 3.677923068760523967e-02 1.821362746011232978e-02 6.105618977870618025e+00 3.764581467330919105e-03
4.471283706952682291e-01 2.808198207232032173e-01 1.710916760880841769e-01 1.007544052042708832e-01 5.718419470553823963e-02 3.114433742374099132e-02 1.621694173769662808e-02 8.030873126780595575e-03 3.764581467330919105e-03 2.491148502413535137e+00
