2.919176391415112885e+05 9.115219872100574430e+05 5.701990707073060330e+05 3.438363930390860187e+05 1.953478510466611478e+05 1.011018815159032965e+05 4.535754129692571587e+04 1.639345467331010514e+04 4.286699614505301724e+03 6.918187673404343059e+02
9.115219872100574430e+05 1.623554611304835416e+05 3.644182785659693764e+05 2.197482824800231319e+05 1.248481999658115383e+05 6.461493102067590371e+04 2.898832700464930167e+04 1.047717339206874931e+04 2.739660189746799006e+03 4.421462910507714241e+02
5.701990707073060330e+05 3.644182785659694346e+05 8.676502515504165785e+04 1.374626923077838146e+05 7.809831095558701782e+04 4.041962140109697066e+04 1.813353638347447850e+04 6.553955489414001022e+03 1.713783886912903881e+03 2.765829105729883395e+02
3.438363930390860187e+05 2.197482824800231319e+05 1.374626923077838437e+05 4.381971164532583498e+04 4.709415171109275252e+04 2.437348207761742378e+04 1.093472449087421592e+04 3.952108187099423503e+03 1.033430779523519732e+03 1.667825768809164799e+02
1.953478510466611478e+05 1.248481999658115383e+05 7.809831095558701782e+04 4.709415171109275252e+04 2.041517176985016340e+04 1.384759566694740715e+04 6.212474811637384846e+03 2.245358132773415491e+03 5.871352947866884051e+02 9.475616498224476913e+01
1.011018815159032965e+05 6.461493102067590371e+04 4.041962140109697066e+04 2.437348207761742378e+04 1.384759566694740897e+04 8.473567149292506656e+03 3.215253656292687538e+03 1.162080517825628476e+03 3.038706732082236499e+02 4.904085974638129386e+01
4.535754129692571587e+04 2.898832700464930167e+04 1.813353638347448214e+04 1.093472449087421592e+04 6.212474811637384846e+03 3.215253656292687538e+03 2.978673684974797197e+03 5.213465297313742894e+02 1.363261138399149388e+02 2.200129995437660213e+01
1.639345467331010514e+04 1.047717339206874931e+04 6.553955489414001022e+03 3.952108187099423503e+03 2.245358132773415491e+03 1.162080517825628476e+03 5.213465297313742894e+02 8.234589127897386334e+02 4.927198221334441541e+01 7.951870918109459119e+00
4.286699614505300815e+03 2.739660189746799006e+03 1.713783886912904109e+03 1.033430779523519732e+03 5.871352947866884051e+02 3.038706732082236499e+02 1.363261138399149388e+02 4.927198221334442252e+01 1.606567877537019058e+02 2.079322673502897789e+00
6.918187673404343059e+02 4.421462910507713673e+02 2.765829105729883395e+02 1.667825768809164799e+02 9.475616498224475492e+01 4.904085974638129386e+01 2.200129995437659858e+01 7.951870918109459119e+00 2.079322673502897789e+00 1.885746576840914557e+01
