7.532040785234908981e+04 1.015633630172419653e+05 6.064927155764973577e+04 3.409610019765510515e+04 1.777300689864907326e+04 8.422002952769646072e+03 3.540704641054551757e+03 1.279724430249056923e+03 3.822822535117595635e+02 8.969872604376440961e+01
1.015633630172419653e+05 4.170854490557921235e+04 3.799163543137918168e+04 2.135832096696803637e+04 1.113328456007970090e+04 5.275672033084228133e+03 2.217951781420367297e+03 8.016390429427882509e+02 2.394674764312644299e+02 5.618865999527453425e+01
6.064927155764973577e+04 3.799163543137918168e+04 2.186575991680323204e+04 1.275427053475158755e+04 6.648318631377267593e+03 3.150404400544557120e+03 1.324465396742528355e+03 4.787043532459416610e+02 1.429996760233239570e+02 3.355345074517990867e+01
3.409610019765509787e+04 2.135832096696803637e+04 1.275427053475158755e+04 1.071541320100671328e+04 3.737583855164787565e+03 1.771109550788203251e+03 7.445943490472859594e+02 2.691203236928014348e+02 8.039224803036388778e+01 1.886324087993832777e+01
1.777300689864906963e+04 1.113328456007970090e+04 6.648318631377267593e+03 3.737583855164787110e+03 4.833424383907092306e+03 9.232123932632869128e+02 3.881288600630828114e+02 1.402822417177134753e+02 4.190543700184893083e+01 9.832693720001440596e+00
8.422002952769646072e+03 5.275672033084228133e+03 3.150404400544557120e+03 1.771109550788203478e+03 9.232123932632869128e+02 1.967124742140697435e+03 1.839206176055027981e+02 6.647482109836634834e+01 1.985751292278517610e+01 4.659367771349153919e+00
3.540704641054551757e+03 2.217951781420367297e+03 1.324465396742528583e+03 7.445943490472859594e+02 3.881288600630828114e+02 1.839206176055027981e+02 7.048009636092972414e+02 2.794676146472427547e+01 8.348321481220132512e+00 1.958850547181372193e+00
1.279724430249057150e+03 8.016390429427882509e+02 4.787043532459416610e+02 2.691203236928014348e+02 1.402822417177134753e+02 6.647482109836636255e+01 2.794676146472427547e+01 2.153736618340642508e+02 3.017351638771101907e+00 7.079915312247342385e-01
3.822822535117595635e+02 2.394674764312644015e+02 1.429996760233239570e+02 8.039224803036388778e+01 4.190543700184892373e+01 1.985751292278517610e+01 8.348321481220132512e+00 3.017351638771101463e+00 5.395050716663747892e+01 2.114928742675943607e-01
8.969872604376440961e+01 5.618865999527453425e+01 3.355345074517990867e+01 1.886324087993833132e+01 9.832693720001438820e+00 4.659367771349153919e+00 1.958850547181372415e+00 7.079915312247342385e-01 2.114928742675943607e-01 1.052594484497124938e+01
