2.603859881101665960e+05 8.961154966034694808e+05 5.709843086752829840e+05 3.511332381326963077e+05 2.045850986469167401e+05 1.100114377283224312e+05 5.260257839123793383e+04 2.121496041915755268e+04 6.694462133379814077e+03 1.484947173356589246e+03
8.961154966034695972e+05 1.485376412226125831e+05 3.720883362879556371e+05 2.288199174778010347e+05 1.333201768038950686e+05 7.169018870579253417e+04 3.427906087903281878e+04 1.382496717833338516e+04 4.362521420826992653e+03 9.676824998775555287e+02
5.709843086752829840e+05 3.720883362879556371e+05 8.159822313515630958e+04 1.457988204504973546e+05 8.494856887685674883e+04 4.567934936080096668e+04 2.184183395135888350e+04 8.808953038641828243e+03 2.779698919384103192e+03 6.165851670950964944e+02
3.511332381326963659e+05 2.288199174778010929e+05 1.457988204504973546e+05 4.256824546276888577e+04 5.224008017606022622e+04 2.809103089726830149e+04 1.343188204224167748e+04 5.417164986886190491e+03 1.709407189948490895e+03 3.791760001408651988e+02
2.045850986469167401e+05 1.333201768038950977e+05 8.494856887685674883e+04 5.224008017606023350e+04 2.068420470545105491e+04 1.636702454536467849e+04 7.825983456420275616e+03 3.156269794117039510e+03 9.959730398726842395e+02 2.209239996928072287e+02
1.100114377283224312e+05 7.169018870579253417e+04 4.567934936080096668e+04 2.809103089726830149e+04 1.636702454536467667e+04 9.111789736070359140e+03 4.208261976913224316e+03 1.697219299967450752e+03 5.355640600400743097e+02 1.187973464130080714e+02
5.260257839123794110e+04 3.427906087903281878e+04 2.184183395135888713e+04 1.343188204224167748e+04 7.825983456420275616e+03 4.208261976913224316e+03 3.503595030803325699e+03 8.115348105361150601e+02 2.560829222263201927e+02 5.680360930100350458e+01
2.121496041915755632e+04 1.382496717833338334e+04 8.808953038641828243e+03 5.417164986886192310e+03 3.156269794117039510e+03 1.697219299967450297e+03 8.115348105361150601e+02 1.114676925373104041e+03 1.032799004384646366e+02 2.290926338292975117e+01
6.694462133379814077e+03 4.362521420826992653e+03 2.779698919384103192e+03 1.709407189948490668e+03 9.959730398726842395e+02 5.355640600400741960e+02 2.560829222263201927e+02 1.032799004384646224e+02 2.720332977569975128e+02 7.229105932347439811e+00
1.484947173356589246e+03 9.676824998775556423e+02 6.165851670950964944e+02 3.791760001408652556e+02 2.209239996928072571e+02 1.187973464130080714e+02 5.680360930100350458e+01 2.290926338292975117e+01 7.229105932347438923e+00 4.572682171232166581e+01
