2.585819987706967222e+05 8.397918871736763977e+05 5.207840799966866616e+05 3.081826493211389752e+05 1.700864677396608749e+05 8.477931547331364709e+04 3.647412268211581977e+04 1.269743630204797410e+04 3.264232963176994417e+03 5.440471378893782912e+02
8.397918871736763977e+05 1.434649170352697838e+05 3.330687146655027173e+05 1.970989568119175383e+05 1.087792107477724203e+05 5.422081572673533810e+04 2.332711314900691286e+04 8.120676017395000599e+03 2.087648066010474395e+03 3.479466594589712258e+02
5.207840799966866616e+05 3.330687146655027173e+05 7.599423607376006839e+04 1.222279001016034308e+05 6.745776192563827499e+04 3.362420864763369173e+04 1.446595203624750320e+04 5.035912888969827691e+03 1.294622982216642413e+03 2.157737931288040159e+02
3.081826493211390334e+05 1.970989568119175383e+05 1.222279001016034308e+05 3.779018370017327834e+04 3.991925365239685198e+04 1.989768524110881117e+04 8.560467945778305875e+03 2.980085289633021603e+03 7.661147025348723218e+02 1.276877342735386236e+02
1.700864677396608749e+05 1.087792107477723912e+05 6.745776192563827499e+04 3.991925365239684470e+04 1.722822951673057833e+04 1.098156241537521419e+04 4.724535136236012477e+03 1.644713554098962732e+03 4.228198567460346453e+02 7.047105261800643916e+01
8.477931547331364709e+04 5.422081572673534538e+04 3.362420864763369173e+04 1.989768524110881117e+04 1.098156241537521419e+04 6.967914706362625111e+03 2.354936639596689020e+03 8.198047212057933848e+02 2.107538506727109109e+02 3.512617835525382048e+01
3.647412268211581977e+04 2.332711314900690923e+04 1.446595203624749956e+04 8.560467945778305875e+03 4.724535136236012477e+03 2.354936639596689474e+03 2.387773688411381954e+03 3.526999222593410082e+02 9.067143043381219059e+01 1.511213592054416921e+01
1.269743630204797410e+04 8.120676017395000599e+03 5.035912888969827691e+03 2.980085289633022057e+03 1.644713554098962732e+03 8.198047212057933848e+02 3.526999222593410082e+02 6.495372200008922619e+02 3.156469923575196290e+01 5.260863569258292571e+00
3.264232963176994417e+03 2.087648066010474395e+03 1.294622982216642413e+03 7.661147025348722082e+02 4.228198567460345885e+02 2.107538506727108825e+02 9.067143043381219059e+01 3.156469923575195580e+01 1.279332151923942860e+02 1.352452878600391983e+00
5.440471378893782912e+02 3.479466594589712258e+02 2.157737931288039590e+02 1.276877342735385952e+02 7.047105261800642495e+01 3.512617835525382048e+01 1.511213592054416921e+01 5.260863569258292571e+00 1.352452878600391983e+00 1.600786894085015177e+01
