9.245970703133547431e+03 2.612315900746175430e+03 1.562731735872007903e+03 8.934646071726546097e+02 4.849986967653081820e+02 2.480617049054924337e+02 1.184943018257546044e+02 5.232381452811414135e+01 2.110382769543734227e+01 7.669533164621813448e+00
2.612315900746174975e+03 5.279427954525347559e+03 9.725786365798361430e+02 5.560548682345886391e+02 3.018428309960644924e+02 1.543831927173541203e+02 7.374587964572501164e+01 3.256414586474964068e+01 1.313413652228107509e+01 4.773195512209558622e+00
1.562731735872007903e+03 9.725786365798362567e+02 2.890114774909368407e+03 3.326414654629290908e+02 1.805675075928856472e+02 9.235464771919075133e+01 4.411603760450783085e+01 1.948042508177271870e+01 7.857063520067190332e+00 2.855406616910721507e+00
8.934646071726544960e+02 5.560548682345886391e+02 3.326414654629290908e+02 1.508097781219784565e+03 1.032363223554809366e+02 5.280215865005887821e+01 2.522257486908420532e+01 1.113759319255797742e+01 4.492138996313559396e+00 1.632528918901591242e+00
4.849986967653081820e+02 3.018428309960644356e+02 1.805675075928856472e+02 1.032363223554809224e+02 7.451466073574539450e+02 2.866255465083563436e+01 1.369155066956933098e+01 6.045811037312809333e+00 2.438464312307878856e+00 8.861844014218970278e-01
2.480617049054924053e+02 1.543831927173541203e+02 9.235464771919075133e+01 5.280215865005887110e+01 2.866255465083563436e+01 3.459489646995913290e+02 7.002801089044582206e+00 3.092243759529076375e+00 1.247198433102179704e+00 4.532556787131832299e-01
1.184943018257546044e+02 7.374587964572499743e+01 4.411603760450783085e+01 2.522257486908420532e+01 1.369155066956932743e+01 7.002801089044582206e+00 1.495810925876943145e+02 1.477105325467476638e+00 5.957626858402909065e-01 2.165115136096446569e-01
5.232381452811413425e+01 3.256414586474964779e+01 1.948042508177271870e+01 1.113759319255797742e+01 6.045811037312809333e+00 3.092243759529076375e+00 1.477105325467476638e+00 5.961474837800750493e+01 2.630723654755793284e-01 9.560551103943487616e-02
2.110382769543734227e+01 1.313413652228107509e+01 7.857063520067190332e+00 4.492138996313559396e+00 2.438464312307878856e+00 1.247198433102179482e+00 5.957626858402909065e-01 2.630723654755793284e-01 2.163776527877773503e+01 3.856068694354013171e-02
7.669533164621813448e+00 4.773195512209557734e+00 2.855406616910721063e+00 1.632528918901591242e+00 8.861844014218971388e-01 4.532556787131832299e-01 2.165115136096446846e-01 9.560551103943486229e-02 3.856068694354013171e-02 7.055156788990727179e+00
