1.322253642470467603e+06 6.955964844441494206e+05 4.272625460136195761e+05 2.496259515135288821e+05 1.356004127417139825e+05 6.633475490543711931e+04 2.794250053799178932e+04 9.517854999168959694e+03 2.398368040225726418e+03 3.943255733077483569e+02
6.955964844441494206e+05 5.672054362810113234e+05 2.714111735397332814e+05 1.585705863487967581e+05 8.613782672522768553e+04 4.213801055892543809e+04 1.774999220832530045e+04 6.046053460588421331e+03 1.523521990053171976e+03 2.504885289074051684e+02
4.272625460136195761e+05 2.714111735397332814e+05 2.325940314017065393e+05 9.740025138338560646e+04 5.290921960899559781e+04 2.588281292097421465e+04 1.090273891868684768e+04 3.713722327061125270e+03 9.358067485030827584e+02 1.538598440354499246e+02
2.496259515135288821e+05 1.585705863487967581e+05 9.740025138338559191e+04 8.934019637021038216e+04 3.091194023899482272e+04 1.512190072246326235e+04 6.369869304186639965e+03 2.169723225681755139e+03 5.467402940121440906e+02 8.989182488709892027e+01
1.356004127417139825e+05 8.613782672522767098e+04 5.290921960899558326e+04 3.091194023899482272e+04 3.139988329849542060e+04 8.214434304496215191e+03 3.460204764454027554e+03 1.178624911207533387e+03 2.969972035401726203e+02 4.883053417679558805e+01
6.633475490543711931e+04 4.213801055892543081e+04 2.588281292097421101e+04 1.512190072246326235e+04 8.214434304496217010e+03 9.844174476695348858e+03 1.692707494997721369e+03 5.765749014298029351e+02 1.452889139944114163e+02 2.388754909388901382e+01
2.794250053799178204e+04 1.774999220832530045e+04 1.090273891868684768e+04 6.369869304186639965e+03 3.460204764454027554e+03 1.692707494997721369e+03 2.678787678726790546e+03 2.428733552473606210e+02 6.120073200301109750e+01 1.006226456039244788e+01
9.517854999168959694e+03 6.046053460588421331e+03 3.713722327061125270e+03 2.169723225681755139e+03 1.178624911207533387e+03 5.765749014298029351e+02 2.428733552473605641e+02 6.094278640461411669e+02 2.084636957439325045e+01 3.427437530827902812e+00
2.398368040225726418e+03 1.523521990053171749e+03 9.358067485030825310e+02 5.467402940121442043e+02 2.969972035401725634e+02 1.452889139944114447e+02 6.120073200301109750e+01 2.084636957439325400e+01 1.077080980585039498e+02 8.636669327832335874e-01
3.943255733077483569e+02 2.504885289074051684e+02 1.538598440354499246e+02 8.989182488709892027e+01 4.883053417679558095e+01 2.388754909388901737e+01 1.006226456039244788e+01 3.427437530827903256e+00 8.636669327832333654e-01 1.289592402931869941e+01
