1.081232908846782288e+06 5.460167624549448956e+05 3.345328813759177574e+05 1.941675843554000021e+05 1.042540937454695522e+05 5.007231798213555157e+04 2.053083328749462453e+04 6.731863879388144596e+03 1.609620773768474464e+03 2.465485170115244387e+02
5.460167624549448956e+05 4.694373651988042402e+05 2.126244269548769225e+05 1.234102046620271431e+05 6.626244585930930043e+04 3.182526594535343247e+04 1.304911088173202734e+04 4.278678657254943573e+03 1.023052482104454043e+03 1.567027938495611181e+02
3.345328813759176992e+05 2.126244269548769807e+05 1.943381841225532698e+05 7.561081306581007084e+04 4.059759418495804857e+04 1.949866496659517725e+04 7.994913275249254184e+03 2.621455600113099536e+03 6.268025419190829552e+02 9.600847583955959408e+01
1.941675843553999730e+05 1.234102046620271431e+05 7.561081306581007084e+04 7.517382998980671982e+04 2.356341403904100298e+04 1.131729909223684990e+04 4.640359989132647570e+03 1.521529660329341368e+03 3.638050015642317589e+02 5.572466824408563468e+01
1.042540937454695522e+05 6.626244585930930043e+04 4.059759418495804857e+04 2.356341403904099934e+04 2.656288183408365148e+04 6.076579488922115161e+03 2.491541144346048441e+03 8.169525122903248757e+02 1.953372436705256234e+02 2.992015792100740512e+01
5.007231798213555157e+04 3.182526594535343247e+04 1.949866496659517361e+04 1.131729909223684990e+04 6.076579488922115161e+03 8.359660259093216155e+03 1.196665147268527789e+03 3.923750569601329516e+02 9.381874828535926270e+01 1.437038688527757735e+01
2.053083328749462453e+04 1.304911088173202552e+04 7.994913275249254184e+03 4.640359989132648479e+03 2.491541144346048441e+03 1.196665147268527789e+03 2.276409123859299143e+03 1.608830428719873282e+02 3.846790318305896506e+01 5.892198110814320877e+00
6.731863879388144596e+03 4.278678657254943573e+03 2.621455600113099536e+03 1.521529660329341368e+03 8.169525122903248757e+02 3.923750569601329516e+02 1.608830428719873282e+02 5.131203942308437718e+02 1.261325754915015551e+01 1.931995407928732922e+00
1.609620773768474692e+03 1.023052482104454043e+03 6.268025419190829552e+02 3.638050015642317589e+02 1.953372436705256803e+02 9.381874828535926270e+01 3.846790318305897216e+01 1.261325754915015551e+01 8.797975693826316501e+01 4.619493202987986491e-01
2.465485170115244387e+02 1.567027938495610897e+02 9.600847583955959408e+01 5.572466824408562758e+01 2.992015792100740512e+01 1.437038688527757735e+01 5.892198110814319989e+00 1.931995407928732922e+00 4.619493202987985381e-01 9.926572830534432512e+00
