2.394787690521875862e+06 1.257874123463487951e+06 7.788773196237848606e+05 4.701444124565681559e+05 2.696988794346328941e+05 1.411937217714035651e+05 6.326008545406012126e+04 2.192978625612064934e+04 5.022572435601114194e+03 5.939145622225807983e+02
1.257874123463487951e+06 9.964627871013418771e+05 4.871896285451229778e+05 2.940764558119583526e+05 1.686972949145074526e+05 8.831701107427256647e+04 3.956933493580589857e+04 1.371713381685572494e+04 3.141631085654682920e+03 3.714949808739077639e+02
7.788773196237849770e+05 4.871896285451230360e+05 4.123364712161422940e+05 1.820925300829031039e+05 1.044575879572171398e+05 5.468600997475741315e+04 2.450138448610107298e+04 8.493667387620351292e+03 1.945302120138976989e+03 2.300301831156616288e+02
4.701444124565682141e+05 2.940764558119583526e+05 1.820925300829031039e+05 1.653485815435301629e+05 6.305248603271365573e+04 3.300946295572583040e+04 1.478947803892208503e+04 5.126930985078771300e+03 1.174219481400504719e+03 1.388503716354549056e+02
2.696988794346328941e+05 1.686972949145074235e+05 1.044575879572171398e+05 6.305248603271366301e+04 6.179502783227109467e+04 1.893591614410753391e+04 8.484000976803852609e+03 2.941069818078884964e+03 6.735923472732692971e+02 7.965167435149288622e+01
1.411937217714035360e+05 8.831701107427256647e+04 5.468600997475741315e+04 3.300946295572583040e+04 1.893591614410753391e+04 2.038858708385878708e+04 4.441574529112910568e+03 1.539719388062009330e+03 3.526414743272961232e+02 4.169952938101437212e+01
6.326008545406012126e+04 3.956933493580589857e+04 2.450138448610107298e+04 1.478947803892208685e+04 8.484000976803852609e+03 4.441574529112910568e+03 5.535168462270188684e+03 6.898520617069191303e+02 1.579966128855783438e+02 1.868295388025763160e+01
2.192978625612064934e+04 1.371713381685572313e+04 8.493667387620351292e+03 5.126930985078772210e+03 2.941069818078884964e+03 1.539719388062009330e+03 6.898520617069191303e+02 1.136060982304365780e+03 5.477121829511207096e+01 6.476646091863820232e+00
5.022572435601114194e+03 3.141631085654682465e+03 1.945302120138977216e+03 1.174219481400504492e+03 6.735923472732694108e+02 3.526414743272961800e+02 1.579966128855783438e+02 5.477121829511208517e+01 1.572559587359521061e+02 1.483344331596477161e+00
5.939145622225807983e+02 3.714949808739077639e+02 2.300301831156616288e+02 1.388503716354549056e+02 7.965167435149288622e+01 4.169952938101437212e+01 1.868295388025762804e+01 6.476646091863818455e+00 1.483344331596477161e+00 1.180396987118019148e+01
