2.466492128779008635e+05 6.131237542197039584e+05 3.985717657741665025e+05 2.496389569625300064e+05 1.480815631130792899e+05 8.123156988398023532e+04 3.987789394691825146e+04 1.673364708630308814e+04 5.632711908881751697e+03 1.391962793123432448e+03
6.131237542197038420e+05 1.441484452448266675e+05 2.656012770526313107e+05 1.663550493661996734e+05 9.867897239130755770e+04 5.413130219163562288e+04 2.657393339916648256e+04 1.115101072760988063e+04 3.753541030089504602e+03 9.275797414933044820e+02
3.985717657741665025e+05 2.656012770526313107e+05 8.107029125280426524e+04 1.081419946870556305e+05 6.414798317647649674e+04 3.518899496176437242e+04 1.727484783549184431e+04 7.248908569080705092e+03 2.440054664286369189e+03 6.029893523434619738e+02
2.496389569625300064e+05 1.663550493661996734e+05 1.081419946870556596e+05 4.330421864983307751e+04 4.017804818743499345e+04 2.204005590248448061e+04 1.081982058353345747e+04 4.540236237725353931e+03 1.528288638661736741e+03 3.776725947613269909e+02
1.480815631130792899e+05 9.867897239130755770e+04 6.414798317647649674e+04 4.017804818743499345e+04 2.158047087637974982e+04 1.307378451204403427e+04 6.418132666902590245e+03 2.693190546721963074e+03 9.065547030584597223e+02 2.240289290490194958e+02
8.123156988398023532e+04 5.413130219163562288e+04 3.518899496176437242e+04 2.204005590248448061e+04 1.307378451204403245e+04 9.791427989432195318e+03 3.520728585624347943e+03 1.477375653712268786e+03 4.972993272559527327e+02 1.228932300787641054e+02
3.987789394691825146e+04 2.657393339916648620e+04 1.727484783549184431e+04 1.081982058353345747e+04 6.418132666902592064e+03 3.520728585624347943e+03 3.911967692938053460e+03 7.252676480664136989e+02 2.441322980771003586e+02 6.033027802952329210e+01
1.673364708630308814e+04 1.115101072760988063e+04 7.248908569080704183e+03 4.540236237725353931e+03 2.693190546721963074e+03 1.477375653712268786e+03 7.252676480664136989e+02 1.313887990510755799e+03 1.024433166863881439e+02 2.531592020652848873e+01
5.632711908881751697e+03 3.753541030089504602e+03 2.440054664286369189e+03 1.528288638661736513e+03 9.065547030584596087e+02 4.972993272559526190e+02 2.441322980771003586e+02 1.024433166863881581e+02 3.479811894396170260e+02 8.521590332111918187e+00
1.391962793123432448e+03 9.275797414933044820e+02 6.029893523434619738e+02 3.776725947613269909e+02 2.240289290490194958e+02 1.228932300787641054e+02 6.033027802952329210e+01 2.531592020652848163e+01 8.521590332111918187e+00 6.648346750366195579e+01
