2.128820120536553732e+05 5.035006977342002792e+05 2.987856489441772574e+05 1.658251371262508619e+05 8.370350496991090768e+04 3.695885946791127208e+04 1.352805702030504835e+04 3.808849873547999778e+03 7.430645657904152586e+02 8.674913790916177447e+01
5.035006977342003374e+05 1.136432068752683845e+05 1.857557684408144851e+05 1.030938931723763963e+05 5.203867368402380816e+04 2.297741329082573429e+04 8.410426123871206073e+03 2.367971278529493702e+03 4.619650572485389830e+02 5.393215112853420123e+01
2.987856489441772574e+05 1.857557684408144851e+05 5.708228876969179692e+04 6.117762281622727460e+04 3.088061040797879832e+04 1.363517741296588247e+04 4.990886087400210272e+03 1.405193355879136789e+03 2.741377123024454363e+02 3.200423126801950957e+01
1.658251371262508619e+05 1.030938931723763963e+05 6.117762281622726005e+04 2.641831513025941967e+04 1.713864596087792597e+04 7.567482481959043071e+03 2.769926777772591777e+03 7.798780890279284677e+02 1.521456063725567276e+02 1.776225216101700255e+01
8.370350496991090768e+04 5.203867368402380816e+04 3.088061040797880196e+04 1.713864596087792597e+04 1.094917992895052703e+04 3.819835873593247470e+03 1.398175112818128127e+03 3.936588302120568414e+02 7.679849231458517522e+01 8.965846721444599154e+00
3.695885946791127208e+04 2.297741329082573793e+04 1.363517741296588429e+04 7.567482481959043071e+03 3.819835873593247015e+03 3.906427197560877175e+03 6.173571527829320758e+02 1.738180663920797997e+02 3.390998603729364902e+01 3.958824294249344344e+00
1.352805702030504654e+04 8.410426123871206073e+03 4.990886087400210272e+03 2.769926777772591777e+03 1.398175112818128355e+03 6.173571527829320758e+02 1.136432556810903634e+03 6.362265359819325994e+01 1.241207740916745905e+01 1.449049065826074845e+00
3.808849873547999323e+03 2.367971278529494157e+03 1.405193355879136789e+03 7.798780890279285813e+02 3.936588302120568983e+02 1.738180663920797997e+02 6.362265359819327415e+01 2.500106027874523704e+02 3.494643717084912282e+00 4.079824872745870801e-01
7.430645657904153722e+02 4.619650572485390967e+02 2.741377123024453795e+02 1.521456063725567560e+02 7.679849231458517522e+01 3.390998603729364902e+01 1.241207740916746083e+01 3.494643717084911838e+00 3.744894967767325511e+01 7.959287969373000926e-02
8.674913790916177447e+01 5.393215112853420123e+01 3.200423126801950957e+01 1.776225216101700255e+01 8.965846721444597378e+00 3.958824294249343900e+00 1.449049065826074845e+00 4.079824872745870801e-01 7.959287969373000926e-02 3.296809413576223591e+00
