1.837737618657307699e+06 9.824510439689827617e+05 6.314004996002825210e+05 3.963018457039869973e+05 2.385182976302354946e+05 1.338503785615723755e+05 6.716541997180838371e+04 2.830492824350802402e+04 9.123725665385851244e+03 1.955945084574925204e+03
9.824510439689827617e+05 8.258699110355447046e+05 4.105403636910779169e+05 2.576778193393235561e+05 1.550860170653717360e+05 8.703031297828227980e+04 4.367135591458417912e+04 1.840403284871656069e+04 5.932300742961674587e+03 1.271767138115211083e+03
6.314004996002826374e+05 4.105403636910779169e+05 3.677055562943636323e+05 1.656040826314159203e+05 9.967050191173206258e+04 5.593254079395253939e+04 2.806665646289521464e+04 1.182788252572360761e+04 3.812564173939017110e+03 8.173378320584465655e+02
3.963018457039869973e+05 2.576778193393235561e+05 1.656040826314159203e+05 1.590918888907608052e+05 6.255871494379237993e+04 3.510635351981753774e+04 1.761618460236665123e+04 7.423832699976697768e+03 2.392975963676688480e+03 5.130063907353816148e+02
2.385182976302354946e+05 1.550860170653717068e+05 9.967050191173204803e+04 6.255871494379237993e+04 6.510794931502510735e+04 2.112911602184815638e+04 1.060247992192025595e+04 4.468109237151358684e+03 1.440236928779193704e+03 3.087581153559175391e+02
1.338503785615723755e+05 8.703031297828227980e+04 5.593254079395254666e+04 3.510635351981754502e+04 2.112911602184815274e+04 2.430112659708316642e+04 5.949841019914273602e+03 2.507388820015439705e+03 8.082241909771804558e+02 1.732671708416066565e+02
6.716541997180838371e+04 4.367135591458417912e+04 2.806665646289521464e+04 1.761618460236665123e+04 1.060247992192025595e+04 5.949841019914273602e+03 7.903782689470452169e+03 1.258194597122368577e+03 4.055626723041797845e+02 8.694456020197355883e+01
2.830492824350802039e+04 1.840403284871656069e+04 1.182788252572360761e+04 7.423832699976697768e+03 4.468109237151358684e+03 2.507388820015439705e+03 1.258194597122368577e+03 2.120681905679982719e+03 1.709126860612718986e+02 3.664027618249351548e+01
9.123725665385851244e+03 5.932300742961675496e+03 3.812564173939017110e+03 2.392975963676688480e+03 1.440236928779193704e+03 8.082241909771802284e+02 4.055626723041797845e+02 1.709126860612718701e+02 4.380714304146855511e+02 1.181051671698604899e+01
1.955945084574925204e+03 1.271767138115211083e+03 8.173378320584465655e+02 5.130063907353816148e+02 3.087581153559175391e+02 1.732671708416066565e+02 8.694456020197358725e+01 3.664027618249352258e+01 1.181051671698604899e+01 6.220568947774924595e+01
