3.470431137552878936e+05 1.028378961717723636e+06 6.374007580766843166e+05 3.855147448937220033e+05 2.220342017178203678e+05 1.170945032034596952e+05 5.314550771004609123e+04 1.883377497647467317e+04 4.476505745695768383e+03 5.631883371683717314e+02
1.028378961717723752e+06 1.897107828979407495e+05 3.988662186097803642e+05 2.412435293896739313e+05 1.389423236778979772e+05 7.327421739140103455e+04 3.325685987629894225e+04 1.178560977818948231e+04 2.801262622840829863e+03 3.524263182386314384e+02
6.374007580766843166e+05 3.988662186097803642e+05 1.003036285461134394e+05 1.495254320034218254e+05 8.611800293279171456e+04 4.541617774321476463e+04 2.061297292682419356e+04 7.304852478182014238e+03 1.736253838165088609e+03 2.184377654286730319e+02
3.855147448937220033e+05 2.412435293896739604e+05 1.495254320034218254e+05 5.040044982057689049e+04 5.208616323515228578e+04 2.746875643755815327e+04 1.246720355865938109e+04 4.418144007406106539e+03 1.050126544421887047e+03 1.321162209917835071e+02
2.220342017178203678e+05 1.389423236778979772e+05 8.611800293279170000e+04 5.208616323515228578e+04 2.343032155956347560e+04 1.582041540194740628e+04 7.180388367670925618e+03 2.544595481112457037e+03 6.048121688774449467e+02 7.609130403033645962e+01
1.170945032034596952e+05 7.327421739140103455e+04 4.541617774321476463e+04 2.746875643755815690e+04 1.582041540194740446e+04 9.670121186398961072e+03 3.786731963883953995e+03 1.341947057747894860e+03 3.189606821750623453e+02 4.012838281040625077e+01
5.314550771004609123e+04 3.325685987629893498e+04 2.061297292682419356e+04 1.246720355865938109e+04 7.180388367670924708e+03 3.786731963883953540e+03 3.324594517615115819e+03 6.090675117353179076e+02 1.447662095997986000e+02 1.821300931894738895e+01
1.883377497647467681e+04 1.178560977818948231e+04 7.304852478182014238e+03 4.418144007406105629e+03 2.544595481112456582e+03 1.341947057747894860e+03 6.090675117353179076e+02 8.627136271901370037e+02 5.130243991035175100e+01 6.454350215806678115e+00
4.476505745695768383e+03 2.801262622840829863e+03 1.736253838165088609e+03 1.050126544421886820e+03 6.048121688774449467e+02 3.189606821750623453e+02 1.447662095997986285e+02 5.130243991035175100e+01 1.450116313562686514e+02 1.534102210623284890e+00
5.631883371683717314e+02 3.524263182386314384e+02 2.184377654286730888e+02 1.321162209917835071e+02 7.609130403033644541e+01 4.012838281040625077e+01 1.821300931894738895e+01 6.454350215806678115e+00 1.534102210623285334e+00 1.245200854007029179e+01
