1.974786038140807068e+06 1.075666558001810219e+06 6.749582215372659266e+05 4.091733804125077440e+05 2.346745072314737772e+05 1.234392051242692396e+05 5.692471049502520327e+04 2.153810658967935888e+04 6.069139752853267055e+03 1.105215860733649379e+03
1.075666558001810219e+06 8.534740918002717663e+05 4.321567077339861426e+05 2.619821721242523636e+05 1.502554664839353063e+05 7.903464064828654227e+04 3.644728620419085928e+04 1.379024202923291341e+04 3.885898964823135884e+03 7.076385359410971887e+02
6.749582215372660430e+05 4.321567077339861426e+05 3.598227463667340344e+05 1.643883224369588424e+05 9.428215619405597681e+04 4.959258061429351073e+04 2.286990823804990578e+04 8.653087860154373629e+03 2.438320160517728709e+03 4.440283507533139868e+02
4.091733804125077440e+05 2.619821721242523636e+05 1.643883224369588424e+05 1.448701978345608222e+05 5.715575769214032334e+04 3.006402945520666981e+04 1.386420279787654363e+04 5.245677580875742024e+03 1.478159196779148260e+03 2.691790032024862285e+02
2.346745072314737772e+05 1.502554664839352772e+05 9.428215619405597681e+04 5.715575769214032334e+04 5.415850359968039265e+04 1.724271821075061962e+04 7.951580223691018546e+03 3.008570108217072629e+03 8.477733345314512690e+02 1.543830878487709413e+02
1.234392051242692396e+05 7.903464064828654227e+04 4.959258061429350346e+04 3.006402945520667708e+04 1.724271821075061962e+04 1.814336111581236037e+04 4.182545236266881147e+03 1.582513188586955721e+03 4.459302707170165263e+02 8.120577677355259993e+01
5.692471049502521055e+04 3.644728620419085928e+04 2.286990823804990578e+04 1.386420279787654727e+04 7.951580223691018546e+03 4.182545236266881147e+03 5.230715908137915903e+03 7.297852009350017397e+02 2.056433491772669981e+02 3.744851831072976722e+01
2.153810658967935888e+04 1.379024202923291523e+04 8.653087860154373629e+03 5.245677580875742024e+03 3.008570108217073084e+03 1.582513188586956176e+03 7.297852009350017397e+02 1.239404267070205151e+03 7.780748176884804934e+01 1.416906949526858206e+01
6.069139752853267055e+03 3.885898964823136339e+03 2.438320160517728709e+03 1.478159196779148260e+03 8.477733345314512690e+02 4.459302707170165263e+02 2.056433491772670550e+02 7.780748176884803513e+01 2.262834691474804458e+02 3.992647291284267652e+00
1.105215860733649379e+03 7.076385359410973024e+02 4.440283507533139868e+02 2.691790032024862285e+02 1.543830878487709697e+02 8.120577677355259993e+01 3.744851831072976722e+01 1.416906949526858206e+01 3.992647291284267652e+00 2.806602188311823909e+01
