2.019266845901211200e+05 5.119378790286909789e+05 3.151643544354920741e+05 1.839955156943296606e+05 9.963349565954413265e+04 4.855768110656672798e+04 2.042839025289772690e+04 7.002174572920585888e+03 1.805616952008621411e+03 3.133995976361629801e+02
5.119378790286909789e+05 1.121185318719859642e+05 2.013392934247684025e+05 1.175435184907774819e+05 6.364976665417363984e+04 3.102054235115742267e+04 1.305045320461743722e+04 4.473262477521933761e+03 1.153498599054321630e+03 2.002118978863995551e+02
3.151643544354920741e+05 2.013392934247684025e+05 5.920452994269307237e+04 7.236332500636477198e+04 3.918471056604134355e+04 1.909717878835344527e+04 8.034251474275733926e+03 2.753874910806704975e+03 7.101284280877084711e+02 1.232564655449834845e+02
1.839955156943296606e+05 1.175435184907774965e+05 7.236332500636477198e+04 2.923885082134382537e+04 2.287635300903780808e+04 1.114908843598018939e+04 4.690461412982743241e+03 1.607734590668207829e+03 4.145787570717970993e+02 7.195812794638703735e+01
9.963349565954413265e+04 6.364976665417363984e+04 3.918471056604134355e+04 2.287635300903780808e+04 1.320089604506077194e+04 6.037226777523790588e+03 2.539882915451277768e+03 8.705876159892541182e+02 2.244942255107636697e+02 3.896529652562734469e+01
4.855768110656672798e+04 3.102054235115742267e+04 1.909717878835344527e+04 1.114908843598018939e+04 6.037226777523790588e+03 5.283932631383262560e+03 1.237845002226276620e+03 4.242922076826969260e+02 1.094101831964892284e+02 1.899024449949608240e+01
2.042839025289772690e+04 1.305045320461743540e+04 8.034251474275733926e+03 4.690461412982743241e+03 2.539882915451278222e+03 1.237845002226276392e+03 1.797390984497748150e+03 1.785012505186021201e+02 4.602925570258859267e+01 7.989263836184037793e+00
7.002174572920585888e+03 4.473262477521933761e+03 2.753874910806705429e+03 1.607734590668207829e+03 8.705876159892541182e+02 4.242922076826968123e+02 1.785012505186021201e+02 4.901438798408994444e+02 1.577730207329515189e+01 2.738454640700167975e+00
1.805616952008621638e+03 1.153498599054321403e+03 7.101284280877083575e+02 4.145787570717969857e+02 2.244942255107636697e+02 1.094101831964892284e+02 4.602925570258859267e+01 1.577730207329515189e+01 9.888771478898611633e+01 7.061520774813420109e-01
3.133995976361629801e+02 2.002118978863995551e+02 1.232564655449834845e+02 7.195812794638703735e+01 3.896529652562733759e+01 1.899024449949608240e+01 7.989263836184036904e+00 2.738454640700167531e+00 7.061520774813421220e-01 1.319926741698223971e+01
