1.166806035919614369e+06 6.069062147381355753e+05 3.821260590212661773e+05 2.301033496757598477e+05 1.298275665029951924e+05 6.673278840082533134e+04 3.003458892069815920e+04 1.120346570298861116e+04 3.205400714018469444e+03 6.311718331617752256e+02
6.069062147381355753e+05 5.249575546631930629e+05 2.479745948053643806e+05 1.493218888168736594e+05 8.424952299930705340e+04 4.330517580065337825e+04 1.949046614834850334e+04 7.270309895195569879e+03 2.080093530609802656e+03 4.095888670396589077e+02
3.821260590212661773e+05 2.479745948053643806e+05 2.271516743310414895e+05 9.401746680716304400e+04 5.304598538678268960e+04 2.726621636436336848e+04 1.227177253567810840e+04 4.577601613971129154e+03 1.309688258161133263e+03 2.578892352393891088e+02
2.301033496757597895e+05 1.493218888168736594e+05 9.401746680716301489e+04 9.286048866682015068e+04 3.194249289256352131e+04 1.641879052816668991e+04 7.389645119076728406e+03 2.756476403503540496e+03 7.886498398087961732e+02 1.552921489465888101e+02
1.298275665029951924e+05 8.424952299930706795e+04 5.304598538678268233e+04 3.194249289256352131e+04 3.508701566302968422e+04 9.263713988509844057e+03 4.169342360649404327e+03 1.555242998826680150e+03 4.449674012552588920e+02 8.761802826062974248e+01
6.673278840082533134e+04 4.330517580065337825e+04 2.726621636436336848e+04 1.641879052816668991e+04 9.263713988509844057e+03 1.196250798261093587e+04 2.143087550804515104e+03 7.994119026344953909e+02 2.287181084346002535e+02 4.503662432800236815e+01
3.003458892069815556e+04 1.949046614834850334e+04 1.227177253567810476e+04 7.389645119076728406e+03 4.169342360649404327e+03 2.143087550804515104e+03 3.580558498395468177e+03 3.597932657890150381e+02 1.029397171940731539e+02 2.026974341223145260e+01
1.120346570298861297e+04 7.270309895195569879e+03 4.577601613971129154e+03 2.756476403503540496e+03 1.555242998826680378e+03 7.994119026344952772e+02 3.597932657890150381e+02 9.082240360939356378e+02 3.839844767325477193e+01 7.560994949087377570e+00
3.205400714018468534e+03 2.080093530609802656e+03 1.309688258161133263e+03 7.886498398087961732e+02 4.449674012552588920e+02 2.287181084346002251e+02 1.029397171940731397e+02 3.839844767325477193e+01 1.834991056683678039e+02 2.163260838298417532e+00
6.311718331617752256e+02 4.095888670396589077e+02 2.578892352393891656e+02 1.552921489465888101e+02 8.761802826062974248e+01 4.503662432800236815e+01 2.026974341223145260e+01 7.560994949087375794e+00 2.163260838298417976e+00 2.640140260150477403e+01
