2.068020378125836141e+05 8.373376857409163495e+04 4.646758935299783479e+04 2.390124522299060482e+04 1.116736211014389301e+04 4.616555713923775329e+03 1.633590317388812537e+03 4.739038856107730453e+02 1.066712663175714368e+02 1.733657539953211213e+01
8.373376857409163495e+04 8.275070408682152629e+04 2.737141275052105266e+04 1.407886351237390591e+04 6.578057564579865357e+03 2.719350275988265821e+03 9.622551000618930175e+02 2.791498125411434899e+02 6.283397309076537596e+01 1.021199006766441997e+01
4.646758935299784207e+04 2.737141275052105630e+04 3.134894918957835762e+04 7.812987034866567228e+03 3.650456474806935148e+03 1.509088317454304843e+03 5.339981181300719300e+02 1.549126365386320003e+02 3.486936404176618254e+01 5.667087114575994455e+00
2.390124522299060482e+04 1.407886351237390954e+04 7.812987034866568138e+03 1.120187180044922025e+04 1.877662615923617977e+03 7.762203815786850782e+02 2.746692941844838742e+02 7.968145035290034173e+01 1.793553813176702505e+01 2.914944388368460704e+00
1.116736211014389301e+04 6.578057564579865357e+03 3.650456474806935148e+03 1.877662615923617977e+03 3.754077406658097061e+03 3.626729066829192334e+02 1.283335424610139341e+02 3.722950838964499098e+01 8.380008953051309106e+00 1.361947430443101403e+00
4.616555713923775329e+03 2.719350275988265821e+03 1.509088317454304615e+03 7.762203815786850782e+02 3.626729066829192334e+02 1.160702266635746128e+03 5.305272121500496496e+01 1.539057281277450429e+01 3.464271851613033082e+00 5.630251916309436666e-01
1.633590317388812537e+03 9.622551000618930175e+02 5.339981181300719300e+02 2.746692941844838742e+02 1.283335424610139341e+02 5.305272121500496496e+01 3.201104165476054959e+02 5.446027793011718465e+00 1.225849162077523813e+00 1.992291566459965246e-01
4.739038856107729885e+02 2.791498125411434899e+02 1.549126365386320003e+02 7.968145035290034173e+01 3.722950838964499098e+01 1.539057281277450429e+01 5.446027793011718465e+00 7.456534905569017724e+01 3.556183425534957809e-01 5.779629718448139192e-02
1.066712663175714368e+02 6.283397309076537596e+01 3.486936404176617543e+01 1.793553813176702860e+01 8.380008953051309106e+00 3.464271851613033082e+00 1.225849162077523813e+00 3.556183425534957809e-01 1.366801378903453745e+01 1.300939788917225386e-02
1.733657539953211213e+01 1.021199006766442174e+01 5.667087114575994455e+00 2.914944388368460260e+00 1.361947430443101403e+00 5.630251916309436666e-01 1.992291566459965246e-01 5.779629718448139886e-02 1.300939788917225386e-02 1.811006891464391311e+00
