7.163129255379745737e+05 3.541174317361922585e+05 2.226156613339489559e+05 1.329824850247133581e+05 7.415124454247654648e+04 3.768233467653730622e+04 1.690365777169005378e+04 6.416685961528930420e+03 1.947359988132791386e+03 4.377143058964104512e+02
3.541174317361922585e+05 3.302146487306040362e+05 1.452634667327834468e+05 8.677510231614777877e+04 4.838593466536075721e+04 2.458886556722244131e+04 1.103014906348725890e+04 4.187082086327272009e+03 1.270711418764596601e+03 2.856218521735696072e+02
2.226156613339489268e+05 1.452634667327834468e+05 1.452763307898511121e+05 5.455110383784022270e+04 3.041778201084147076e+04 1.545777213751134877e+04 6.934095043955705478e+03 2.632206054181688614e+03 7.988317927924521200e+02 1.795559659441302358e+02
1.329824850247133581e+05 8.677510231614777877e+04 5.455110383784022997e+04 6.018170696987162228e+04 1.817047469393318897e+04 9.233909867232474426e+03 4.142175733806543576e+03 1.572383991695356599e+03 4.771930073820328175e+02 1.072601918893919049e+02
7.415124454247654648e+04 4.838593466536075721e+04 3.041778201084146713e+04 1.817047469393318897e+04 2.315464265836223422e+04 5.148842785733001620e+03 2.309683758115372257e+03 8.767638073631276256e+02 2.660835776814450355e+02 5.980845309805415155e+01
3.768233467653731350e+04 2.458886556722244131e+04 1.545777213751134514e+04 9.233909867232474426e+03 5.148842785733001620e+03 8.151547248907631001e+03 1.173739927189077662e+03 4.455556670044397833e+02 1.352189095137707966e+02 3.039358489574435396e+01
1.690365777169005378e+04 1.103014906348725890e+04 6.934095043955704568e+03 4.142175733806543576e+03 2.309683758115372257e+03 1.173739927189077662e+03 2.577917517701201632e+03 1.998687336634054361e+02 6.065691497891928208e+01 1.363404794163037437e+01
6.416685961528930420e+03 4.187082086327271099e+03 2.632206054181688614e+03 1.572383991695356372e+03 8.767638073631276256e+02 4.455556670044397265e+02 1.998687336634054077e+02 7.112267093673530098e+02 2.302557115577304003e+01 5.175530953566219061e+00
1.947359988132791386e+03 1.270711418764596829e+03 7.988317927924522337e+02 4.771930073820327038e+02 2.660835776814450355e+02 1.352189095137707966e+02 6.065691497891928208e+01 2.302557115577303648e+01 1.622920822787436350e+02 1.570689598453737013e+00
4.377143058964103943e+02 2.856218521735696072e+02 1.795559659441302358e+02 1.072601918893919049e+02 5.980845309805413734e+01 3.039358489574435396e+01 1.363404794163037437e+01 5.175530953566219061e+00 1.570689598453737013e+00 2.809918647750937382e+01
