1.010238119294714881e+06 5.081793812007834786e+05 3.210457527460486162e+05 1.934511263393868867e+05 1.088949025369629089e+05 5.564151466800888738e+04 2.480151510399350445e+04 9.124221687567069239e+03 2.565983470877311447e+03 4.954941435373385730e+02
5.081793812007834786e+05 4.630843456277564401e+05 2.094757085682672914e+05 1.262228558286735206e+05 7.105166996694826230e+04 3.630493663659363665e+04 1.618247525637003491e+04 5.953365795338614589e+03 1.674251103273947592e+03 3.232996727759645523e+02
3.210457527460486162e+05 2.094757085682672914e+05 2.037089863698082627e+05 7.974214079193734506e+04 4.488737188530300045e+04 2.293588866858739493e+04 1.022338792593188191e+04 3.761079008402155978e+03 1.057719430619941477e+03 2.042467495703084523e+02
1.934511263393868576e+05 1.262228558286735497e+05 7.974214079193733050e+04 8.446121603485150263e+04 2.704758613173606500e+04 1.382037749629634527e+04 6.160261870339762027e+03 2.266296825930447994e+03 6.373453423828265159e+02 1.230720650174406074e+02
1.088949025369629089e+05 7.105166996694826230e+04 4.488737188530299318e+04 2.704758613173606864e+04 3.231713893890341569e+04 7.779580760067216033e+03 3.467651642389209883e+03 1.275713285569421714e+03 3.587658560302447768e+02 6.927806924000478261e+01
5.564151466800888738e+04 3.630493663659363665e+04 2.293588866858739129e+04 1.382037749629634709e+04 7.779580760067215124e+03 1.114396123332001298e+04 1.771849602033038991e+03 6.518451997061176826e+02 1.833168970780032794e+02 3.539868823961363375e+01
2.480151510399350809e+04 1.618247525637003491e+04 1.022338792593188191e+04 6.160261870339762027e+03 3.467651642389209883e+03 1.771849602033038991e+03 3.370343771987131731e+03 2.905519136644210789e+02 8.171123339874415592e+01 1.577852627259817098e+01
9.124221687567069239e+03 5.953365795338614589e+03 3.761079008402156433e+03 2.266296825930447994e+03 1.275713285569421714e+03 6.518451997061176826e+02 2.905519136644210789e+02 8.607955394780474307e+02 3.006072027327993723e+01 5.804757129176584485e+00
2.565983470877311447e+03 1.674251103273947592e+03 1.057719430619941477e+03 6.373453423828266295e+02 3.587658560302447768e+02 1.833168970780032794e+02 8.171123339874417013e+01 3.006072027327993723e+01 1.739370079024644724e+02 1.632458236544229502e+00
4.954941435373385730e+02 3.232996727759645523e+02 2.042467495703084523e+02 1.230720650174406074e+02 6.927806924000478261e+01 3.539868823961363375e+01 1.577852627259817098e+01 5.804757129176584485e+00 1.632458236544229280e+00 2.481775046560426645e+01
