1.218734048101606313e+06 6.126730566970837535e+05 3.691281213978938176e+05 2.092610379429039604e+05 1.085931743729252485e+05 4.963350403191107034e+04 1.892421419390692608e+04 5.578051326392190276e+03 1.141215196227984961e+03 1.390901052206524753e+02
6.126730566970837535e+05 5.157879722181374091e+05 2.317485859104172268e+05 1.313797210728872742e+05 6.817772242641274352e+04 3.116125189707644313e+04 1.188113184737921438e+04 3.502051000968503104e+03 7.164856661252034655e+02 8.732451777704432061e+01
3.691281213978937594e+05 2.317485859104171977e+05 2.065305074848936056e+05 7.915469612921362568e+04 4.107625482360886963e+04 1.877427813650602911e+04 7.158238526999763963e+03 2.109943456622825124e+03 4.316739655095944954e+02 5.261196791122211636e+01
2.092610379429039604e+05 1.313797210728872742e+05 7.915469612921364023e+04 7.647609032301412662e+04 2.328638546053797108e+04 1.064325555743593941e+04 4.058050138066239469e+03 1.196140126256580288e+03 2.447186676901678197e+02 2.982605327285129349e+01
1.085931743729252485e+05 6.817772242641272896e+04 4.107625482360886963e+04 2.328638546053797108e+04 2.552038653621137200e+04 5.523172961416725229e+03 2.105870020473363638e+03 6.207206777808027027e+02 1.269934298999279747e+02 1.547782537903028377e+01
4.963350403191106307e+04 3.116125189707644313e+04 1.877427813650603275e+04 1.064325555743593941e+04 5.523172961416725229e+03 7.468713854495668784e+03 9.625071626776662015e+02 2.837060657009886313e+02 5.804350919256120989e+01 7.074281719743607866e+00
1.892421419390692972e+04 1.188113184737921438e+04 7.158238526999763963e+03 4.058050138066239469e+03 2.105870020473363638e+03 9.625071626776664289e+02 1.857643396709957415e+03 1.081711730847026729e+02 2.213077279048881252e+01 2.697275260807605601e+00
5.578051326392191186e+03 3.502051000968503104e+03 2.109943456622824669e+03 1.196140126256580288e+03 6.207206777808027027e+02 2.837060657009886313e+02 1.081711730847026871e+02 3.729376066044578693e+02 6.523208057844573027e+00 7.950417223155799018e-01
1.141215196227984961e+03 7.164856661252032382e+02 4.316739655095945523e+02 2.447186676901678197e+02 1.269934298999279605e+02 5.804350919256120989e+01 2.213077279048881252e+01 6.523208057844573915e+00 5.447259484998443924e+01 1.626578247584265502e-01
1.390901052206524753e+02 8.732451777704432061e+01 5.261196791122211636e+01 2.982605327285129349e+01 1.547782537903028555e+01 7.074281719743607866e+00 2.697275260807605601e+00 7.950417223155799018e-01 1.626578247584265502e-01 4.856185041904122812e+00
