2.729975656717157690e+05 8.122620479563443223e+05 5.103493630792767508e+05 3.076891816853970522e+05 1.741748157149226172e+05 8.973871145577798598e+04 4.025169337266751245e+04 1.474860629048410192e+04 4.029352942476294174e+03 7.198735960050332778e+02
8.122620479563443223e+05 1.532589965074133943e+05 3.291351536168862367e+05 1.984352943427615683e+05 1.123290413857513049e+05 5.787440274671375664e+04 2.595917275494818387e+04 9.511689733018050902e+03 2.598615371432486427e+03 4.642617856447716918e+02
5.103493630792767508e+05 3.291351536168861785e+05 8.246552144730440341e+04 1.246781458460067079e+05 7.057704452738999680e+04 3.636285193268855073e+04 1.631031181979434223e+04 5.976254595751292072e+03 1.632726412658720392e+03 2.916986053970986745e+02
3.076891816853971104e+05 1.984352943427615683e+05 1.246781458460066933e+05 4.184708311022324779e+04 4.255083800904668897e+04 2.192313141611231185e+04 9.833472636442997100e+03 3.603078634242692715e+03 9.843693167283487355e+02 1.758648323804469271e+02
1.741748157149226172e+05 1.123290413857513049e+05 7.057704452738998225e+04 4.255083800904668897e+04 1.957759206922074009e+04 1.241011254727717096e+04 5.566472226642734313e+03 2.039608782109417007e+03 5.572257802417287849e+02 9.955249191022775790e+01
8.973871145577798598e+04 5.787440274671376392e+04 3.636285193268855073e+04 2.192313141611231185e+04 1.241011254727717278e+04 8.178798774344083540e+03 2.867969418672374104e+03 1.050851486359323872e+03 2.870950275077514675e+02 5.129164230526696855e+01
4.025169337266751245e+04 2.595917275494818387e+04 1.631031181979434223e+04 9.833472636442997100e+03 5.566472226642735222e+03 2.867969418672374104e+03 2.916254724366528535e+03 4.713523419599305839e+02 1.287745369706386498e+02 2.300651998629979644e+01
1.474860629048410192e+04 9.511689733018050902e+03 5.976254595751292072e+03 3.603078634242692260e+03 2.039608782109417461e+03 1.050851486359323872e+03 4.713523419599304702e+02 8.322109640176711309e+02 4.718422473398351258e+01 8.429809455482363489e+00
4.029352942476294174e+03 2.598615371432485972e+03 1.632726412658720392e+03 9.843693167283487355e+02 5.572257802417287849e+02 2.870950275077514675e+02 1.287745369706386498e+02 4.718422473398351258e+01 1.733829023749141527e+02 2.303043207267514880e+00
7.198735960050332778e+02 4.642617856447716918e+02 2.916986053970986745e+02 1.758648323804469271e+02 9.955249191022775790e+01 5.129164230526696855e+01 2.300651998629979644e+01 8.429809455482363489e+00 2.303043207267515324e+00 2.311600489379242163e+01
