1.401859436034433893e+05 2.934149288251135731e+05 1.780598981396457530e+05 1.019257973109767045e+05 5.398835412848083070e+04 2.580210359381896706e+04 1.076189646039974468e+04 3.748527296600016598e+03 1.028321244231553919e+03 2.055200493549446890e+02
2.934149288251135731e+05 7.771871991531082313e+04 1.128902482034799614e+05 6.462111164272196038e+04 3.422869922615410906e+04 1.635857320660556616e+04 6.823058842827534136e+03 2.376572048686770358e+03 6.519572442031187620e+02 1.303000261421878747e+02
1.780598981396457239e+05 1.128902482034799468e+05 4.083372005680671282e+04 3.921555253799650382e+04 2.077180844910000815e+04 9.927258611351255240e+03 4.140597642456064932e+03 1.442231240943170178e+03 3.956425835558079029e+02 7.907303651989687410e+01
1.019257973109767045e+05 6.462111164272196038e+04 3.921555253799650382e+04 2.002930777914749706e+04 1.189028613340536140e+04 5.682603211873594773e+03 2.370178352681633442e+03 8.255680850982230368e+02 2.264753950801101894e+02 4.526332081112186501e+01
5.398835412848083070e+04 3.422869922615410906e+04 2.077180844910000451e+04 1.189028613340536140e+04 8.994477914120423520e+03 3.009977872807226959e+03 1.255442995082214793e+03 4.372893154759228196e+02 1.199601489863040484e+02 2.397520801849753980e+01
2.580210359381896342e+04 1.635857320660556616e+04 9.927258611351255240e+03 5.682603211873595683e+03 3.009977872807226959e+03 3.604441379110056005e+03 6.000010694557761326e+02 2.089892237042239742e+02 5.733133082569247563e+01 1.145822670393822662e+01
1.076189646039974650e+04 6.823058842827534136e+03 4.140597642456064932e+03 2.370178352681632987e+03 1.255442995082214793e+03 6.000010694557761326e+02 1.246349060872316386e+03 8.716810157226746014e+01 2.391254046553130053e+01 4.779154883988249836e+00
3.748527296600016598e+03 2.376572048686770358e+03 1.442231240943170178e+03 8.255680850982230368e+02 4.372893154759228764e+02 2.089892237042239458e+02 8.716810157226747435e+01 3.557025550219784122e+02 8.329090601821960149e+00 1.664650148162064358e+00
1.028321244231553919e+03 6.519572442031187620e+02 3.956425835558079598e+02 2.264753950801102178e+02 1.199601489863040626e+02 5.733133082569246852e+01 2.391254046553130053e+01 8.329090601821960149e+00 7.899203578248354063e+01 4.566580355759673471e-01
2.055200493549446605e+02 1.303000261421878747e+02 7.907303651989687410e+01 4.526332081112185790e+01 2.397520801849753980e+01 1.145822670393822662e+01 4.779154883988248947e+00 1.664650148162064580e+00 4.566580355759673471e-01 1.262191835128110107e+01
