1.957989838601368945e+06 1.046362226936572464e+06 6.704016395813233685e+05 4.176438848873157403e+05 2.478996632963028387e+05 1.359647788432554808e+05 6.584318058874215058e+04 2.630343915323242982e+04 7.835783547370187989e+03 1.497663941519387890e+03
1.046362226936572464e+06 8.788389270014557987e+05 4.358411909671940375e+05 2.715184412483415799e+05 1.611644096797000966e+05 8.839335652228395338e+04 4.280593684524288983e+04 1.710037919095405960e+04 5.094195825027797582e+03 9.736605601801345529e+02
6.704016395813232521e+05 4.358411909671940375e+05 3.886167602328070207e+05 1.739611804626881785e+05 1.032576307802598167e+05 5.663340057116543176e+04 2.742565576825333119e+04 1.095616981572564873e+04 3.263838416114752363e+03 6.238218650643239016e+02
4.176438848873157403e+05 2.715184412483415799e+05 1.739611804626881785e+05 1.657299783615487686e+05 6.432698775954663142e+04 3.528122849414939992e+04 1.708551522604993806e+04 6.825426811578880915e+03 2.033291798931041058e+03 3.886258204347824403e+02
2.478996632963028387e+05 1.611644096797000966e+05 1.032576307802598167e+05 6.432698775954663142e+04 6.620154685869235254e+04 2.094177595043530528e+04 1.014139946745397719e+04 4.051348696031992858e+03 1.206895085927421178e+03 2.306754953685614851e+02
1.359647788432554808e+05 8.839335652228393883e+04 5.663340057116543903e+04 3.528122849414939265e+04 2.094177595043530528e+04 2.383551468347747141e+04 5.562222705019920795e+03 2.222030970709739904e+03 6.619420989249118747e+02 1.265178915344360604e+02
6.584318058874215058e+04 4.280593684524288983e+04 2.742565576825333119e+04 1.708551522604993806e+04 1.014139946745397901e+04 5.562222705019920795e+03 7.381376053923457221e+03 1.076055046924212320e+03 3.205563494428910190e+02 6.126837002112323916e+01
2.630343915323243709e+04 1.710037919095405960e+04 1.095616981572564691e+04 6.825426811578880915e+03 4.051348696031992858e+03 2.222030970709739904e+03 1.076055046924212320e+03 1.860403916382728084e+03 1.280578240200482014e+02 2.447586566229594851e+01
7.835783547370187989e+03 5.094195825027797582e+03 3.263838416114751908e+03 2.033291798931041285e+03 1.206895085927421405e+03 6.619420989249118747e+02 3.205563494428910190e+02 1.280578240200482298e+02 3.551751941239136841e+02 7.291350167063334275e+00
1.497663941519387663e+03 9.736605601801346666e+02 6.238218650643239016e+02 3.886258204347824403e+02 2.306754953685614851e+02 1.265178915344360462e+02 6.126837002112323205e+01 2.447586566229594851e+01 7.291350167063334275e+00 4.526760424845579678e+01
