2.237172199954975396e+06 1.181339656375649152e+06 7.301033044032057514e+05 4.393063649285191786e+05 2.511486516861227865e+05 1.313073825623763260e+05 5.912088744104729994e+04 2.088802183234733820e+04 5.013566040212074768e+03 6.540759858911064839e+02
1.181339656375649152e+06 9.285080382284905063e+05 4.565004286100403988e+05 2.746783128791812342e+05 1.570318425462605956e+05 8.210054119448817801e+04 3.696560513269407238e+04 1.306033113639551812e+04 3.134755085230519853e+03 4.089640001655550918e+02
7.301033044032057514e+05 4.565004286100403988e+05 3.822696080195466056e+05 1.697594276114082022e+05 9.705038387629638601e+04 5.074059445637257886e+04 2.284585158128478724e+04 8.071675972122218809e+03 1.937372570089853298e+03 2.527520059885968351e+02
4.393063649285191786e+05 2.746783128791812342e+05 1.697594276114082313e+05 1.522793167245677323e+05 5.839564223101732205e+04 3.053083854094022536e+04 1.374644923717265374e+04 4.856762883839254755e+03 1.165725584510392537e+03 1.520819921093268476e+02
2.511486516861227865e+05 1.570318425462606247e+05 9.705038387629635690e+04 5.839564223101732205e+04 5.658549179629575519e+04 1.745428599845461940e+04 7.858757502749575906e+03 2.776580416798437000e+03 6.664378942778122337e+02 8.694430655520287132e+01
1.313073825623763260e+05 8.210054119448817801e+04 5.074059445637257886e+04 3.053083854094023263e+04 1.745428599845462304e+04 1.866025986161951732e+04 4.108773313934148973e+03 1.451672165293571197e+03 3.484319543445770364e+02 4.545686089022854759e+01
5.912088744104729267e+04 3.696560513269407966e+04 2.284585158128478724e+04 1.374644923717265374e+04 7.858757502749574087e+03 4.108773313934148064e+03 5.121452105313042011e+03 6.536125007659236417e+02 1.568807933848214873e+02 2.046686106805837824e+01
2.088802183234733820e+04 1.306033113639551812e+04 8.071675972122217900e+03 4.856762883839254755e+03 2.776580416798436545e+03 1.451672165293571197e+03 6.536125007659235280e+02 1.083831874637101237e+03 5.542760907582334085e+01 7.231153985222553260e+00
5.013566040212074768e+03 3.134755085230519853e+03 1.937372570089853298e+03 1.165725584510392764e+03 6.664378942778123474e+02 3.484319543445770364e+02 1.568807933848214873e+02 5.542760907582334085e+01 1.594349927300378909e+02 1.735629555677359326e+00
6.540759858911065976e+02 4.089640001655550918e+02 2.527520059885968351e+02 1.520819921093268192e+02 8.694430655520287132e+01 4.545686089022854759e+01 2.046686106805837468e+01 7.231153985222553260e+00 1.735629555677359326e+00 1.338161515496666709e+01
