2.049562127402847633e+06 1.066608058688073186e+06 6.742241569623736432e+05 4.164487254685927765e+05 2.457032646338082559e+05 1.336096069442041335e+05 6.331827307911024400e+04 2.397759162524052590e+04 6.343190735914346078e+03 9.531382429458249135e+02
1.066608058688073186e+06 8.917382269617704442e+05 4.301488657681889599e+05 2.656904904119595303e+05 1.567564429520610138e+05 8.524171121621537895e+04 4.039648100134699780e+04 1.529748487197207396e+04 4.046897863609341584e+03 6.080935099842637328e+02
6.742241569623736432e+05 4.301488657681889599e+05 3.863150331870299415e+05 1.679482406417019374e+05 9.908886374604287266e+04 5.388298017687345418e+04 2.553541868123546737e+04 9.669844285759629201e+03 2.558124587733671888e+03 3.843879959314388657e+02
4.164487254685927765e+05 2.656904904119595303e+05 1.679482406417019374e+05 1.627656279395744496e+05 6.120431994173340354e+04 3.328195554458705737e+04 1.577248820632344177e+04 5.972782622366178657e+03 1.580079433746853510e+03 2.374253270785843313e+02
2.457032646338082268e+05 1.567564429520610138e+05 9.908886374604287266e+04 6.120431994173340354e+04 6.440866396041713597e+04 1.963623522079678514e+04 9.305711860040677493e+03 3.523920472111337858e+03 9.322412376589685437e+02 1.400800972660376544e+02
1.336096069442041335e+05 8.524171121621537895e+04 5.388298017687346146e+04 3.328195554458705737e+04 1.963623522079678514e+04 2.281739306160394335e+04 5.060301114879746819e+03 1.916253045653040544e+03 5.069382595564198368e+02 7.617337427044461151e+01
6.331827307911024400e+04 4.039648100134699052e+04 2.553541868123546737e+04 1.577248820632344177e+04 9.305711860040677493e+03 5.060301114879747729e+03 6.797659716120276244e+03 9.081220760121343574e+02 2.402406225642643562e+02 3.609894994622246145e+01
2.397759162524052954e+04 1.529748487197207214e+04 9.669844285759629201e+03 5.972782622366178657e+03 3.523920472111337858e+03 1.916253045653040544e+03 9.081220760121343574e+02 1.577582297867221541e+03 9.097518393217083599e+01 1.367008033887906393e+01
6.343190735914346988e+03 4.046897863609341584e+03 2.558124587733672342e+03 1.580079433746853510e+03 9.322412376589685437e+02 5.069382595564198368e+02 2.402406225642643562e+02 9.097518393217083599e+01 2.578876404273094636e+02 3.616373500727378065e+00
9.531382429458249135e+02 6.080935099842637328e+02 3.843879959314388657e+02 2.374253270785843597e+02 1.400800972660376544e+02 7.617337427044461151e+01 3.609894994622246145e+01 1.367008033887906748e+01 3.616373500727378065e+00 2.488319863613375205e+01
