3.486966159660207923e+05 9.383609164562085643e+05 6.054044904244676000e+05 3.814432878419021145e+05 2.302105626754660334e+05 1.291552420853446965e+05 6.439406178154592635e+04 2.664888882963950527e+04 8.262968224633661521e+03 1.646083673409383209e+03
9.383609164562086808e+05 1.998523274736033927e+05 3.948908950729247881e+05 2.488063497015653120e+05 1.501608537564992730e+05 8.424488083113297762e+04 4.200270909201070754e+04 1.738243394140821692e+04 5.389736894579282307e+03 1.073701079920646180e+03
6.054044904244674835e+05 3.948908950729247299e+05 1.110419954535539728e+05 1.605229701214623637e+05 9.687962654441921040e+04 5.435246529987188842e+04 2.709898531401866421e+04 1.121466525095444740e+04 3.477309061962619580e+03 6.927222178140394817e+02
3.814432878419021145e+05 2.488063497015652829e+05 1.605229701214623929e+05 5.894125824158135947e+04 6.104031908995131380e+04 3.424550592903584766e+04 1.707408223568230460e+04 7.065951529978126018e+03 2.190925608278004347e+03 4.364590030359021284e+02
2.302105626754660334e+05 1.501608537564992439e+05 9.687962654441921040e+04 6.104031908995131380e+04 2.926561480536864474e+04 2.066801917955604949e+04 1.030463558785374153e+04 4.264478441230403405e+03 1.322278391410092354e+03 2.634139225312915755e+02
1.291552420853447111e+05 8.424488083113297762e+04 5.435246529987188842e+04 3.424550592903584766e+04 2.066801917955604586e+04 1.317148249331015541e+04 5.781219108641466846e+03 2.392504231968257045e+03 7.418390527438249364e+02 1.477833533691498076e+02
6.439406178154591908e+04 4.200270909201070754e+04 2.709898531401866421e+04 1.707408223568230460e+04 1.030463558785374153e+04 5.781219108641467756e+03 5.130667214325550958e+03 1.192851818001862284e+03 3.698652027053097413e+02 7.368164259913453407e+01
2.664888882963950527e+04 1.738243394140821692e+04 1.121466525095444922e+04 7.065951529978126928e+03 4.264478441230403405e+03 2.392504231968257045e+03 1.192851818001862057e+03 1.614017450118918759e+03 1.530653044108883307e+02 3.049246853026246384e+01
8.262968224633661521e+03 5.389736894579282307e+03 3.477309061962619580e+03 2.190925608278004347e+03 1.322278391410092354e+03 7.418390527438248228e+02 3.698652027053097413e+02 1.530653044108883307e+02 3.698714160426068815e+02 9.454739376448850763e+00
1.646083673409382982e+03 1.073701079920646180e+03 6.927222178140394817e+02 4.364590030359021284e+02 2.634139225312915755e+02 1.477833533691498076e+02 7.368164259913453407e+01 3.049246853026246740e+01 9.454739376448852539e+00 5.291691823791222049e+01
