2.370527018008688756e+05 5.690248938142561819e+05 3.579207159855905920e+05 2.146803792027259187e+05 1.201922544864185766e+05 6.097815288927343499e+04 2.690332371820311164e+04 9.746934830101676198e+03 2.676609098629344771e+03 4.980150562367437033e+02
5.690248938142560655e+05 1.338418765658877091e+05 2.324929578509799903e+05 1.394489732620593859e+05 7.807274490770230477e+04 3.960930590585655591e+04 1.747547160002685996e+04 6.331272841782948490e+03 1.738632994845245321e+03 3.234934115505737395e+02
3.579207159855906502e+05 2.324929578509799903e+05 7.214199595834696083e+04 8.771439860714455426e+04 4.910831329190800898e+04 2.491453587291417352e+04 1.099219625584465211e+04 3.982415766454652839e+03 1.093612552132584824e+03 2.034796627308853658e+02
2.146803792027259478e+05 1.394489732620593859e+05 8.771439860714456881e+04 3.652963649930935208e+04 2.945510234154066347e+04 1.494370616165302818e+04 6.593104995270843574e+03 2.388647789025484144e+03 6.559473841747010283e+02 1.220468366431963290e+02
1.201922544864185911e+05 7.807274490770230477e+04 4.910831329190802353e+04 2.945510234154066347e+04 1.699866338118832937e+04 8.366473641522501566e+03 3.691255607010818949e+03 1.337322786568501670e+03 3.672426666154554482e+02 6.832987953328130004e+01
6.097815288927342772e+04 3.960930590585655591e+04 2.491453587291417352e+04 1.494370616165302818e+04 8.366473641522501566e+03 7.053090721426001437e+03 1.872715922664780464e+03 6.784752785454901414e+02 1.863163276870902791e+02 3.466637562370443959e+01
2.690332371820311164e+04 1.747547160002685632e+04 1.099219625584465211e+04 6.593104995270845393e+03 3.691255607010818949e+03 1.872715922664780464e+03 2.502817716541366281e+03 2.993406521619687624e+02 8.220203860314610722e+01 1.529466999820201600e+01
9.746934830101674379e+03 6.331272841782948490e+03 3.982415766454652839e+03 2.388647789025484144e+03 1.337322786568501670e+03 6.784752785454901414e+02 2.993406521619687624e+02 7.168795439662359286e+02 2.978137279834512086e+01 5.541179717490432921e+00
2.676609098629344771e+03 1.738632994845245321e+03 1.093612552132584824e+03 6.559473841747010283e+02 3.672426666154554482e+02 1.863163276870902791e+02 8.220203860314610722e+01 2.978137279834511730e+01 1.529150193293927771e+02 1.521665252461789297e+00
4.980150562367436464e+02 3.234934115505737395e+02 2.034796627308853658e+02 1.220468366431963432e+02 6.832987953328130004e+01 3.466637562370443959e+01 1.529466999820202133e+01 5.541179717490432921e+00 1.521665252461789297e+00 2.170331973640121248e+01
