3.201763563136598677e+05 7.982631710417076247e+05 5.129137677602886106e+05 3.200071024593212060e+05 1.898847875593751669e+05 1.038889447638786514e+05 5.004287480995299120e+04 1.982044899816771431e+04 5.830565975938977317e+03 1.095929149883730361e+03
7.982631710417076247e+05 1.827590926736584224e+05 3.347845072556445957e+05 2.088721864163714054e+05 1.239399077080691204e+05 6.780946694793867937e+04 3.266353963954394567e+04 1.293702697904253728e+04 3.805675105583285585e+03 7.153251160191000508e+02
5.129137677602886106e+05 3.347845072556446539e+05 1.007476419901054905e+05 1.342081458867064794e+05 7.963599893434986006e+04 4.357010374999097257e+04 2.098753868732681804e+04 8.312520847952933764e+03 2.445287754825244519e+03 4.596229836735789718e+02
3.200071024593212642e+05 2.088721864163713763e+05 1.342081458867064794e+05 5.282140677484068146e+04 4.968493121507500473e+04 2.718340495278494564e+04 1.309413368335079213e+04 5.186185042958928534e+03 1.525615996852307262e+03 2.867589612018940670e+02
1.898847875593751669e+05 1.239399077080690913e+05 7.963599893434986006e+04 4.968493121507499745e+04 2.576225699986191830e+04 1.613000159974944472e+04 7.769755026150359299e+03 3.077361838401846853e+03 9.052651245336338661e+02 1.701561121928239402e+02
1.038889447638786514e+05 6.780946694793867937e+04 4.357010374999097257e+04 2.718340495278494564e+04 1.613000159974944472e+04 1.131758594776480822e+04 4.250954808521467385e+03 1.683672916390046112e+03 4.952847446503990341e+02 9.309507711516430106e+01
5.004287480995299120e+04 3.266353963954394567e+04 2.098753868732682167e+04 1.309413368335079031e+04 7.769755026150359299e+03 4.250954808521467385e+03 4.271876460017301724e+03 8.110182769428862457e+02 2.385766120558110686e+02 4.484351342758942849e+01
1.982044899816771431e+04 1.293702697904253728e+04 8.312520847952933764e+03 5.186185042958928534e+03 3.077361838401846853e+03 1.683672916390046339e+03 8.110182769428861320e+02 1.292755295447158005e+03 9.449288413916939078e+01 1.776114130464400276e+01
5.830565975938977317e+03 3.805675105583285585e+03 2.445287754825244065e+03 1.525615996852307262e+03 9.052651245336336387e+02 4.952847446503990341e+02 2.385766120558110686e+02 9.449288413916939078e+01 2.831251387966798916e+02 5.224781042764219841e+00
1.095929149883730588e+03 7.153251160191000508e+02 4.596229836735790855e+02 2.867589612018941239e+02 1.701561121928239402e+02 9.309507711516430106e+01 4.484351342758942849e+01 1.776114130464400276e+01 5.224781042764219841e+00 3.858491966291130382e+01
