2.291478288108587731e+06 1.200898272236210527e+06 7.497711737235700712e+05 4.602581826774775400e+05 2.719788705992427422e+05 1.493823695487958321e+05 7.209590091915272933e+04 2.794656176953147587e+04 7.551032289705503899e+03 1.137327308095646458e+03
1.200898272236210760e+06 9.612517837104897480e+05 4.701532827940697316e+05 2.886105829382409574e+05 1.705477128812663141e+05 9.367206141859087802e+04 4.520862588621293253e+04 1.752423701954257194e+04 4.734968139489917121e+03 7.131751476346481695e+02
7.497711737235700712e+05 4.701532827940697316e+05 4.055145218095764867e+05 1.801916952679948299e+05 1.064800922935341951e+05 5.848339785196130106e+04 2.822564181895038200e+04 1.094111638139492970e+04 2.956239259865275926e+03 4.452651651474224082e+02
4.602581826774775982e+05 2.886105829382409574e+05 1.801916952679948008e+05 1.682467761231249897e+05 6.536438781310203194e+04 3.590090330956320395e+04 1.732672989277277520e+04 6.716366964542991809e+03 1.814731423386316465e+03 2.733326418813439886e+02
2.719788705992427422e+05 1.705477128812662850e+05 1.064800922935341951e+05 6.536438781310203194e+04 6.633888147943740478e+04 2.121480400158331031e+04 1.023882812903020204e+04 3.968880880987008368e+03 1.072373336422420380e+03 1.615195688739963202e+02
1.493823695487958612e+05 9.367206141859089257e+04 5.848339785196130106e+04 3.590090330956320395e+04 2.121480400158331031e+04 2.364289067292335676e+04 5.623600112565707605e+03 2.179878271986627169e+03 5.889930702439469314e+02 8.871342054526745358e+01
7.209590091915272933e+04 4.520862588621293253e+04 2.822564181895038200e+04 1.732672989277277884e+04 1.023882812903020022e+04 5.623600112565707605e+03 7.118480650700732440e+03 1.052067177590359734e+03 2.842637063706790741e+02 4.281545404018721968e+01
2.794656176953147587e+04 1.752423701954257194e+04 1.094111638139492970e+04 6.716366964542991809e+03 3.968880880987008368e+03 2.179878271986627169e+03 1.052067177590359734e+03 1.661236645113694294e+03 1.101892497027347275e+02 1.659657089751074466e+01
7.551032289705503899e+03 4.734968139489917121e+03 2.956239259865276381e+03 1.814731423386316010e+03 1.072373336422420152e+03 5.889930702439469314e+02 2.842637063706790741e+02 1.101892497027347275e+02 2.693768355446509872e+02 4.484317025435336390e+00
1.137327308095646458e+03 7.131751476346481695e+02 4.452651651474222945e+02 2.733326418813439886e+02 1.615195688739963202e+02 8.871342054526745358e+01 4.281545404018721968e+01 1.659657089751074110e+01 4.484317025435336390e+00 2.526406135618682214e+01
