2.060669406887633668e+05 4.265272304469255032e+05 2.613167306481956039e+05 1.511399047646938998e+05 8.060212116810210864e+04 3.836012323299251148e+04 1.557703565016167522e+04 5.071690746691971071e+03 1.215178597346908418e+03 1.901113321830216591e+02
4.265272304469254450e+05 1.138293821226448345e+05 1.666560972176475043e+05 9.639025637375404767e+04 5.140441987016946223e+04 2.446436709559637893e+04 9.934335093037145271e+03 3.234497018395851683e+03 7.749864386941781049e+02 1.212444858768896694e+02
2.613167306481956039e+05 1.666560972176475043e+05 5.959377584714214026e+04 5.905458049076447787e+04 3.149349908390275959e+04 1.498837112955215889e+04 6.086382726270361673e+03 1.981651172078486297e+03 4.748042047492460824e+02 7.428180523262655299e+01
1.511399047646938998e+05 9.639025637375406222e+04 5.905458049076448515e+04 2.904057604670301225e+04 1.821515384966378770e+04 8.668947370798750853e+03 3.520231189668499155e+03 1.146143871775301250e+03 2.746164094035316339e+02 4.296297807170746097e+01
8.060212116810210864e+04 5.140441987016946223e+04 3.149349908390275596e+04 1.821515384966378770e+04 1.285827736054328489e+04 4.623104318272965429e+03 1.877320892395278861e+03 6.112325356611627285e+02 1.464514956520153817e+02 2.291193162831216767e+01
3.836012323299251148e+04 2.446436709559638257e+04 1.498837112955215889e+04 8.668947370798750853e+03 4.623104318272964520e+03 5.003896693683388548e+03 8.934536676765978882e+02 2.908974981325393969e+02 6.969912626928028487e+01 1.090423562098233923e+01
1.557703565016167704e+04 9.934335093037145271e+03 6.086382726270361673e+03 3.520231189668499155e+03 1.877320892395278861e+03 8.934536676765978882e+02 1.635546757553264797e+03 1.181258118341011709e+02 2.830297932275443884e+01 4.427922871210082434e+00
5.071690746691971981e+03 3.234497018395851683e+03 1.981651172078486297e+03 1.146143871775301250e+03 6.112325356611627285e+02 2.908974981325393969e+02 1.181258118341011851e+02 4.217231261177228703e+02 9.215101098747119579e+00 1.441677091671086375e+00
1.215178597346908418e+03 7.749864386941782186e+02 4.748042047492461393e+02 2.746164094035316339e+02 1.464514956520153817e+02 6.969912626928028487e+01 2.830297932275443529e+01 9.215101098747119579e+00 7.869590286265233203e+01 3.454262559732612092e-01
1.901113321830216307e+02 1.212444858768896552e+02 7.428180523262653878e+01 4.296297807170746097e+01 2.291193162831216767e+01 1.090423562098234100e+01 4.427922871210081546e+00 1.441677091671086375e+00 3.454262559732612092e-01 9.425154555361444864e+00
