2.898858253514984390e+05 7.830846182250058046e+05 4.958253633899536799e+05 3.018339012238474679e+05 1.727613791810408584e+05 9.005239303851385193e+04 4.081845270960796188e+04 1.505085288735812537e+04 4.100208050788091896e+03 7.175867437239643323e+02
7.830846182250058046e+05 1.635378839374004456e+05 3.216277348009520792e+05 1.957910205985386856e+05 1.120653664572343114e+05 5.841441226072036079e+04 2.647776304405365954e+04 9.763057879667650923e+03 2.659687714584390505e+03 4.654780008210573783e+02
4.958253633899536799e+05 3.216277348009520792e+05 8.852123920620782883e+04 1.239689194212554721e+05 7.095638166541146347e+04 3.698622921751748800e+04 1.676491426026042973e+04 6.181671314085819176e+03 1.684033368675725569e+03 2.947265129920031086e+02
3.018339012238474679e+05 1.957910205985387147e+05 1.239689194212554867e+05 4.523233324827322213e+04 4.319472757176296000e+04 2.251538279517741830e+04 1.020564869909244044e+04 3.763095046323069255e+03 1.025156030710693130e+03 1.794148903603258702e+02
1.727613791810408584e+05 1.120653664572343114e+05 7.095638166541146347e+04 4.319472757176296000e+04 2.131586902818404997e+04 1.288718254878588778e+04 5.841431123354218471e+03 2.153891552791391405e+03 5.867709658299571629e+02 1.026921223182208394e+02
9.005239303851386649e+04 5.841441226072036079e+04 3.698622921751748800e+04 2.251538279517741466e+04 1.288718254878588778e+04 8.965122697741480806e+03 3.044863695354370520e+03 1.122722506579706305e+03 3.058561461421029435e+02 5.352858031579328468e+01
4.081845270960796188e+04 2.647776304405365954e+04 1.676491426026042973e+04 1.020564869909244044e+04 5.841431123354219380e+03 3.044863695354370520e+03 3.210822305108657929e+03 5.089014738479686457e+02 1.386367892733836698e+02 2.426314005112770644e+01
1.505085288735812537e+04 9.763057879667649104e+03 6.181671314085819176e+03 3.763095046323068345e+03 2.153891552791391405e+03 1.122722506579706533e+03 5.089014738479686457e+02 9.154286739160459092e+02 5.111908417925446457e+01 8.946467277749919234e+00
4.100208050788090986e+03 2.659687714584390960e+03 1.684033368675725569e+03 1.025156030710693130e+03 5.867709658299571629e+02 3.058561461421029435e+02 1.386367892733836698e+02 5.111908417925446457e+01 1.885892451266444709e+02 2.437229134646154982e+00
7.175867437239643323e+02 4.654780008210573783e+02 2.947265129920031086e+02 1.794148903603258702e+02 1.026921223182208394e+02 5.352858031579329179e+01 2.426314005112771355e+01 8.946467277749917457e+00 2.437229134646155426e+00 2.439697613523729203e+01
