1.706318029770732101e+05 6.938134272512208554e+04 4.027900999380442954e+04 2.193211654848026592e+04 1.103045319388312055e+04 5.025194234537284501e+03 2.023940199631987980e+03 6.989563752127661473e+02 1.991472538368045946e+02 4.457434529445823301e+01
6.938134272512208554e+04 7.332825987896253355e+04 2.461778274810048242e+04 1.340450225761643742e+04 6.741608107594349349e+03 3.071305375973104219e+03 1.236994656456334951e+03 4.271891538057752200e+02 1.217151024960486723e+02 2.724301190040602805e+01
4.027900999380442954e+04 2.461778274810048242e+04 3.009552518971237441e+04 7.781920314450881961e+03 3.913808664901821885e+03 1.783031793186274626e+03 7.181313905538821700e+02 2.480026404729312901e+02 7.066112642498804064e+01 1.581580156131025205e+01
2.193211654848026592e+04 1.340450225761643742e+04 7.781920314450881961e+03 1.176314131074601391e+04 2.131087824658103273e+03 9.708694703226875617e+02 3.910260296162336431e+02 1.350386421121030196e+02 3.847532648985446002e+01 8.611780756370315260e+00
1.103045319388312237e+04 6.741608107594349349e+03 3.913808664901820976e+03 2.131087824658103273e+03 4.359841673006972997e+03 4.882853064405481973e+02 1.966611069085666088e+02 6.791580821169313253e+01 1.935063070760122272e+01 4.331175440325132797e+00
5.025194234537284501e+03 3.071305375973104674e+03 1.783031793186274626e+03 9.708694703226874481e+02 4.882853064405481405e+02 1.514720455397381556e+03 8.959380391937872901e+01 3.094071674667010186e+01 8.815655726676947523e+00 1.973173492414709074e+00
2.023940199631987980e+03 1.236994656456334724e+03 7.181313905538820563e+02 3.910260296162336431e+02 1.966611069085666088e+02 8.959380391937872901e+01 4.818967285114682682e+02 1.246163979068134253e+01 3.550581167332794497e+00 7.947125953259990272e-01
6.989563752127660337e+02 4.271891538057752200e+02 2.480026404729312901e+02 1.350386421121030196e+02 6.791580821169313253e+01 3.094071674667009830e+01 1.246163979068134253e+01 1.352097584967769706e+02 1.226173255054120670e+00 2.744495292232403960e-01
1.991472538368045946e+02 1.217151024960486865e+02 7.066112642498804064e+01 3.847532648985446002e+01 1.935063070760121917e+01 8.815655726676947523e+00 3.550581167332794497e+00 1.226173255054120670e+00 3.182257009630517075e+01 7.819639679940632027e-02
4.457434529445822591e+01 2.724301190040603515e+01 1.581580156131025205e+01 8.611780756370315260e+00 4.331175440325133685e+00 1.973173492414709074e+00 7.947125953259990272e-01 2.744495292232403960e-01 7.819639679940630639e-02 5.915528397403484462e+00
