3.606184537653898587e+05 1.283425926576165948e+06 7.991050686299565714e+05 4.829911650686491630e+05 2.766926938716662698e+05 1.447980229942466831e+05 6.541817472780854587e+04 2.340834077467277893e+04 5.818219986160360349e+03 8.225425259709501233e+02
1.283425926576165715e+06 1.986410563071165234e+05 5.047713373090539826e+05 3.050914152229675674e+05 1.747786950578351680e+05 9.146468290061486186e+04 4.132275070947458880e+04 1.478636532399375210e+04 3.675199668308465789e+03 5.195760947177642493e+02
7.991050686299564550e+05 5.047713373090539244e+05 1.055338123689118365e+05 1.899603952606388193e+05 1.088232193359520898e+05 5.694905346154037397e+04 2.572896406243326055e+04 9.206498974614893086e+03 2.288305559641614309e+03 3.235059244404969263e+02
4.829911650686491630e+05 3.050914152229675674e+05 1.899603952606388193e+05 5.314776661135729228e+04 6.577439633026784577e+04 3.442086749381312256e+04 1.555097422899538469e+04 5.564546941963766585e+03 1.383086419635980064e+03 1.955318636884798309e+02
2.766926938716662116e+05 1.747786950578351680e+05 1.088232193359520898e+05 6.577439633026784577e+04 2.472689334270781183e+04 1.971879247710284835e+04 8.908736355742683372e+03 3.187779808205100835e+03 7.923331418536484989e+02 1.120149642779142454e+02
1.447980229942466831e+05 9.146468290061486186e+04 5.694905346154037397e+04 3.442086749381312256e+04 1.971879247710284835e+04 1.022686010492532478e+04 4.662094230384033835e+03 1.668219740500869420e+03 4.146414959060714409e+02 5.861934822440954207e+01
6.541817472780854587e+04 4.132275070947458880e+04 2.572896406243326055e+04 1.555097422899538469e+04 8.908736355742683372e+03 4.662094230384034745e+03 3.548992948825644362e+03 7.536835670249550958e+02 1.873305261195524167e+02 2.648358510203585325e+01
2.340834077467278621e+04 1.478636532399375210e+04 9.206498974614891267e+03 5.564546941963766585e+03 3.187779808205100835e+03 1.668219740500869420e+03 7.536835670249550958e+02 9.470586988390605256e+02 6.703178147587735225e+01 9.476522198653981377e+00
5.818219986160360349e+03 3.675199668308466244e+03 2.288305559641614309e+03 1.383086419635979610e+03 7.923331418536484989e+02 4.146414959060713272e+02 1.873305261195524736e+02 6.703178147587735225e+01 1.703000684598256100e+02 2.355420718889959186e+00
8.225425259709501233e+02 5.195760947177642493e+02 3.235059244404969263e+02 1.955318636884798309e+02 1.120149642779142454e+02 5.861934822440954207e+01 2.648358510203585325e+01 9.476522198653981377e+00 2.355420718889959186e+00 1.688589662188609708e+01
