1.767535565165259759e+05 3.575505176329751266e+05 2.222522198813908035e+05 1.308409004659167113e+05 7.154982458459699410e+04 3.542170710794279876e+04 1.533304371869247188e+04 5.540837575596442548e+03 1.570758500968611315e+03 3.210640395952205495e+02
3.575505176329751266e+05 9.976948780667917163e+04 1.437291552793084411e+05 8.461401244939772005e+04 4.627083524031825073e+04 2.290700198131957586e+04 9.915785870325515134e+03 3.583225871513595393e+03 1.015799943921795034e+03 2.076301565231173640e+02
2.222522198813908617e+05 1.437291552793084120e+05 5.353548195612266136e+04 5.259579044786685699e+04 2.876179823764963658e+04 1.423891671274751388e+04 6.163619720474232963e+03 2.227321357419513333e+03 6.314178874263506032e+02 1.290622189755925149e+02
1.308409004659167113e+05 8.461401244939772005e+04 5.259579044786686427e+04 2.689623577718009619e+04 1.693220244297857062e+04 8.382515528300769802e+03 3.628551178416619678e+03 1.311234291325690720e+03 3.717186042291941135e+02 7.597951982620337219e+01
7.154982458459699410e+04 4.627083524031825073e+04 2.876179823764964385e+04 1.693220244297857062e+04 1.240377537361258874e+04 4.583945184509153478e+03 1.984258740099177658e+03 7.170432425914151509e+02 2.032728361905326153e+02 4.154909738643147676e+01
3.542170710794279876e+04 2.290700198131957586e+04 1.423891671274751388e+04 8.382515528300769802e+03 4.583945184509153478e+03 5.115492013744329597e+03 9.823340913305269169e+02 3.549819425870468876e+02 1.006329632301003869e+02 2.056944187866532303e+01
1.533304371869247188e+04 9.915785870325515134e+03 6.163619720474232963e+03 3.628551178416619678e+03 1.984258740099178112e+03 9.823340913305269169e+02 1.821499609993754120e+03 1.536615281823350472e+02 4.356113103319924562e+01 8.903922971119515140e+00
5.540837575596442548e+03 3.583225871513594939e+03 2.227321357419513333e+03 1.311234291325690720e+03 7.170432425914151509e+02 3.549819425870468876e+02 1.536615281823350472e+02 5.344575420618624548e+02 1.574150286743023130e+01 3.217573227711528538e+00
1.570758500968611543e+03 1.015799943921795034e+03 6.314178874263506032e+02 3.717186042291941703e+02 2.032728361905326153e+02 1.006329632301003869e+02 4.356113103319923852e+01 1.574150286743023130e+01 1.213880652164723841e+02 9.121419696863892757e-01
3.210640395952205495e+02 2.076301565231173640e+02 1.290622189755924865e+02 7.597951982620337219e+01 4.154909738643147676e+01 2.056944187866532658e+01 8.903922971119515140e+00 3.217573227711528538e+00 9.121419696863892757e-01 1.960721205499836728e+01
