2.063463756851967191e+06 1.081200229909523856e+06 6.688772728365319781e+05 4.025035954579296522e+05 2.299103102726581565e+05 1.199417896264518640e+05 5.380899480510838475e+04 1.890618432814054540e+04 4.502147433269271460e+03 5.811403129908896972e+02
1.081200229909523856e+06 8.616800330324643292e+05 4.189602608060933417e+05 2.521135314006355184e+05 1.440074098277566954e+05 7.512715038193372311e+04 3.370398638551358454e+04 1.184214240584856816e+04 2.819980494823829758e+03 3.640050379692016804e+02
6.688772728365322109e+05 4.189602608060933417e+05 3.565838224527795101e+05 1.559683457915615581e+05 8.908921852699120063e+04 4.647690785975220933e+04 2.085074519374494048e+04 7.326061998367011256e+03 1.744562025285380287e+03 2.251892761028844347e+02
4.025035954579296522e+05 2.521135314006355475e+05 1.559683457915615581e+05 1.426436182563912589e+05 5.361032917381649895e+04 2.796794461259717355e+04 1.254714466955814714e+04 4.408531153085059486e+03 1.049807664564412562e+03 1.355099013988040610e+02
2.299103102726580983e+05 1.440074098277566954e+05 8.908921852699120063e+04 5.361032917381649895e+04 5.319694867198207794e+04 1.597530778887867018e+04 7.166937032530329816e+03 2.518155804544620423e+03 5.996508071238986304e+02 7.740334205007799540e+01
1.199417896264518640e+05 7.512715038193372311e+04 4.647690785975220933e+04 2.796794461259717355e+04 1.597530778887866836e+04 1.759999178349622525e+04 3.738915635415975885e+03 1.313695385809926393e+03 3.128315162207847493e+02 4.038050906696910403e+01
5.380899480510838475e+04 3.370398638551358454e+04 2.085074519374494048e+04 1.254714466955814714e+04 7.166937032530328906e+03 3.738915635415975885e+03 4.848757770050015097e+03 5.893577910642713960e+02 1.403443243895538330e+02 1.811574272302651423e+01
1.890618432814054904e+04 1.184214240584856816e+04 7.326061998367010347e+03 4.408531153085059486e+03 2.518155804544620878e+03 1.313695385809926393e+03 5.893577910642711686e+02 1.030350022530149317e+03 4.931100601168184738e+01 6.365098853885199581e+00
4.502147433269271460e+03 2.819980494823830213e+03 1.744562025285380287e+03 1.049807664564412335e+03 5.996508071238986304e+02 3.128315162207847493e+02 1.403443243895538615e+02 4.931100601168184738e+01 1.518762809976485642e+02 1.515726969025211979e+00
5.811403129908898109e+02 3.640050379692016804e+02 2.251892761028844347e+02 1.355099013988040610e+02 7.740334205007799540e+01 4.038050906696910403e+01 1.811574272302651423e+01 6.365098853885200469e+00 1.515726969025212201e+00 1.269506740115761367e+01
