2.092675382507699833e+05 5.618472010165577522e+05 3.460408764357471955e+05 2.022014222115345765e+05 1.097041441208997276e+05 5.364633469569389126e+04 2.270811862406831642e+04 7.867777217335828027e+03 2.065647891444480592e+03 3.692242656683977771e+02
5.618472010165577522e+05 1.162762705493262329e+05 2.211061861876762996e+05 1.291985668497111183e+05 7.009653069139427680e+04 3.427784772044102283e+04 1.450957342433320991e+04 5.027192834030474842e+03 1.319865826223305703e+03 2.359194383934098198e+02
3.460408764357471955e+05 2.211061861876762996e+05 6.146347037142595218e+04 7.957320998667563254e+04 4.317235161386963591e+04 2.111167670863404055e+04 8.936425233374297022e+03 3.096240777122153304e+03 8.129034485844923665e+02 1.453024400267127305e+02
2.022014222115346347e+05 1.291985668497111183e+05 7.957320998667563254e+04 3.040372344022861580e+04 2.522681998281718916e+04 1.233614681515397388e+04 5.221804748292051954e+03 1.809220618939490350e+03 4.750023613322042024e+02 8.490430473656157062e+01
1.097041441208997130e+05 7.009653069139427680e+04 4.317235161386963591e+04 2.522681998281718916e+04 1.376598752702334423e+04 6.692961964878944855e+03 2.833084032804351409e+03 9.815905217471758988e+02 2.577119732166909216e+02 4.606473080866985015e+01
5.364633469569389126e+04 3.427784772044103011e+04 2.111167670863404055e+04 1.233614681515397388e+04 6.692961964878944855e+03 5.535122401166381678e+03 1.385404129103395462e+03 4.800067863046004959e+02 1.260235233687625680e+02 2.252607671689730395e+01
2.270811862406832006e+04 1.450957342433320628e+04 8.936425233374298841e+03 5.221804748292051954e+03 2.833084032804351864e+03 1.385404129103395462e+03 1.897216992669132424e+03 2.031835186055611189e+02 5.334487685531691170e+01 9.535130873782259542e+00
7.867777217335828936e+03 5.027192834030474842e+03 3.096240777122153304e+03 1.809220618939490578e+03 9.815905217471761262e+02 4.800067863046004959e+02 2.031835186055611189e+02 5.239269957023708457e+02 1.848262349391649195e+01 3.303676834484455593e+00
2.065647891444480592e+03 1.319865826223305703e+03 8.129034485844923665e+02 4.750023613322042024e+02 2.577119732166909216e+02 1.260235233687625680e+02 5.334487685531691170e+01 1.848262349391649195e+01 1.078656141019402668e+02 8.673648094826966748e-01
3.692242656683976634e+02 2.359194383934098198e+02 1.453024400267127305e+02 8.490430473656157062e+01 4.606473080866985015e+01 2.252607671689730040e+01 9.535130873782259542e+00 3.303676834484456037e+00 8.673648094826966748e-01 1.486773763863681985e+01
