1.705502733873365796e+05 3.956199350774635677e+05 2.435486525467676693e+05 1.420045486729662225e+05 7.685130015421492863e+04 3.758388916464987415e+04 1.601567610119875826e+04 5.661692990487425959e+03 1.553313325127445523e+03 3.020464405295124379e+02
3.956199350774635677e+05 9.529297706759588618e+04 1.559554231368920591e+05 9.093205502914107637e+04 4.921142822528810939e+04 2.406669581831285905e+04 1.025557529088046795e+04 3.625442870529077936e+03 9.946580872086975660e+02 1.934142519253999808e+02
2.435486525467676693e+05 1.559554231368920591e+05 5.060555414259078680e+04 5.597892702580698824e+04 3.029517972046609066e+04 1.481576335796966850e+04 6.313462294807764920e+03 2.231868638848428418e+03 6.123241409384255576e+02 1.190682679591178044e+02
1.420045486729662225e+05 9.093205502914106182e+04 5.597892702580698824e+04 2.515128284588421957e+04 1.766404074990758090e+04 8.638544154909453937e+03 3.681155097196883162e+03 1.301323146085395592e+03 3.570244071000379904e+02 6.942446807238856366e+01
7.685130015421492863e+04 4.921142822528810939e+04 3.029517972046609066e+04 1.766404074990758090e+04 1.145939714146374172e+04 4.675085100782906011e+03 1.992200657884648763e+03 7.042617763445972514e+02 1.932176830167205139e+02 3.757175867771024258e+01
3.758388916464987415e+04 2.406669581831285905e+04 1.481576335796967032e+04 8.638544154909452118e+03 4.675085100782906011e+03 4.657693687715128362e+03 9.742795316335671032e+02 3.444170299255905547e+02 9.449250654938460059e+01 1.837435165092112399e+01
1.601567610119876008e+04 1.025557529088046795e+04 6.313462294807764920e+03 3.681155097196883162e+03 1.992200657884648535e+03 9.742795316335671032e+02 1.627715318339613532e+03 1.467669184224118908e+02 4.026622610170855410e+01 7.829888581287829830e+00
5.661692990487426869e+03 3.625442870529078391e+03 2.231868638848428418e+03 1.301323146085395592e+03 7.042617763445972514e+02 3.444170299255905547e+02 1.467669184224118908e+02 4.654277023206053059e+02 1.423449179621966820e+01 2.767939674657678317e+00
1.553313325127445523e+03 9.946580872086974523e+02 6.123241409384255576e+02 3.570244071000379904e+02 1.932176830167205139e+02 9.449250654938458638e+01 4.026622610170855410e+01 1.423449179621966820e+01 1.018239914236693409e+02 7.593978668604117743e-01
3.020464405295124948e+02 1.934142519253999808e+02 1.190682679591177902e+02 6.942446807238857787e+01 3.757175867771024258e+01 1.837435165092112399e+01 7.829888581287829830e+00 2.767939674657677873e+00 7.593978668604118853e-01 1.555838227604617785e+01
