1.967956379338498227e+06 1.042093978769367211e+06 6.481261896178422030e+05 3.903106075210681884e+05 2.222221121093551628e+05 1.153761872715993522e+05 5.170608823578952433e+04 1.840660598041708727e+04 4.593113679875814341e+03 6.648914464681043910e+02
1.042093978769367211e+06 8.355664302179996157e+05 4.099184852865817957e+05 2.468586142471124476e+05 1.405481726432987198e+05 7.297164145210932475e+04 3.270239917662741573e+04 1.164157252649893417e+04 2.904993244469780166e+03 4.205219585045859390e+02
6.481261896178422030e+05 4.099184852865817957e+05 3.486116909072364215e+05 1.535327295675042260e+05 8.741337484803970437e+04 4.538442106763399352e+04 2.033912660616193170e+04 7.240429554798713070e+03 1.806748950442277419e+03 2.615419531912771731e+02
3.903106075210681884e+05 2.468586142471124476e+05 1.535327295675042260e+05 1.395239071509944333e+05 5.264155034766087920e+04 2.733112971309644854e+04 1.224850498138309922e+04 4.360287400071429147e+03 1.088049351779757671e+03 1.575042025419859044e+02
2.222221121093551919e+05 1.405481726432987198e+05 8.741337484803970437e+04 5.264155034766087920e+04 5.179554182746707374e+04 1.556089241272082836e+04 6.973647640355221483e+03 2.482515864997033077e+03 6.194774632627973006e+02 8.967452044738624295e+01
1.153761872715993522e+05 7.297164145210932475e+04 4.538442106763398624e+04 2.733112971309644854e+04 1.556089241272083018e+04 1.707422404471258778e+04 3.620669736609433130e+03 1.288905107713429061e+03 3.216284245231728391e+02 4.655839226087950777e+01
5.170608823578952433e+04 3.270239917662741573e+04 2.033912660616193170e+04 1.224850498138309558e+04 6.973647640355221483e+03 3.620669736609433130e+03 4.737877093776975016e+03 5.776256158483346326e+02 1.441384751117250005e+02 2.086524433928943267e+01
1.840660598041709090e+04 1.164157252649893417e+04 7.240429554798714889e+03 4.360287400071429147e+03 2.482515864997033077e+03 1.288905107713429061e+03 5.776256158483345189e+02 1.039053841068531028e+03 5.131117453521217442e+01 7.427719720104335899e+00
4.593113679875814341e+03 2.904993244469780166e+03 1.806748950442277646e+03 1.088049351779757671e+03 6.194774632627973006e+02 3.216284245231728391e+02 1.441384751117250005e+02 5.131117453521217442e+01 1.646662557771885815e+02 1.853484618130643247e+00
6.648914464681041636e+02 4.205219585045859390e+02 2.615419531912771163e+02 1.575042025419859044e+02 8.967452044738624295e+01 4.655839226087951488e+01 2.086524433928943623e+01 7.427719720104335899e+00 1.853484618130642803e+00 1.585442818975382728e+01
