2.052809225457689492e+06 1.061323032536426326e+06 6.736856766553455964e+05 4.224692381301599671e+05 2.568867582474574447e+05 1.468562530170578684e+05 7.506946542266402685e+04 3.168111777981162231e+04 9.727351242428767364e+03 1.781232712714965146e+03
1.061323032536426093e+06 8.907806702278973535e+05 4.282239686666020425e+05 2.685398548026519711e+05 1.632884161360941071e+05 9.334823296628294338e+04 4.771742301034471893e+04 2.013789881183060061e+04 6.183128271818505709e+03 1.132229120774090006e+03
6.736856766553455964e+05 4.282239686666020425e+05 3.907744290403856430e+05 1.704584261770873272e+05 1.036489963397159008e+05 5.925374797546646005e+04 3.028912350290497125e+04 1.278273774483392663e+04 3.924804066196389613e+03 7.186940431648464482e+02
4.224692381301599671e+05 2.685398548026519711e+05 1.704584261770873272e+05 1.698641695053653966e+05 6.499843181169117452e+04 3.715810893862677040e+04 1.899435207444535263e+04 8.016072871088223110e+03 2.461250166232083302e+03 4.506940482569746678e+02
2.568867582474574447e+05 1.632884161360941071e+05 1.036489963397158863e+05 6.499843181169117452e+04 7.089880843685512082e+04 2.259436968735891787e+04 1.154971081684254023e+04 4.874255419976422672e+03 1.496588436208412531e+03 2.740491438633151802e+02
1.468562530170578684e+05 9.334823296628294338e+04 5.925374797546646005e+04 3.715810893862677040e+04 2.259436968735891787e+04 2.714779329801659333e+04 6.602704108080924016e+03 2.786499748407752122e+03 8.555651974809446756e+02 1.566675942538483923e+02
7.506946542266402685e+04 4.771742301034471893e+04 3.028912350290497125e+04 1.899435207444535263e+04 1.154971081684254023e+04 6.602704108080924016e+03 8.951762610150906767e+03 1.424393188685405221e+03 4.373448231834589137e+02 8.008479249654524779e+01
3.168111777981162231e+04 2.013789881183060061e+04 1.278273774483392663e+04 8.016072871088222200e+03 4.874255419976422672e+03 2.786499748407752577e+03 1.424393188685405448e+03 2.341678232911264331e+03 1.845700215880710289e+02 3.379770628670058841e+01
9.727351242428767364e+03 6.183128271818506619e+03 3.924804066196389158e+03 2.461250166232082847e+03 1.496588436208412531e+03 8.555651974809445619e+02 4.373448231834588569e+02 1.845700215880710289e+02 4.376129190804792870e+02 1.037722729747492956e+01
1.781232712714965146e+03 1.132229120774090006e+03 7.186940431648463345e+02 4.506940482569746678e+02 2.740491438633151802e+02 1.566675942538483923e+02 8.008479249654526200e+01 3.379770628670058841e+01 1.037722729747492778e+01 4.980166662553917689e+01
