2.366707809200685471e+06 1.250862422785628121e+06 7.848204717820337974e+05 4.852778936660587788e+05 2.899216208537219791e+05 1.620058974141415674e+05 8.035059348793439858e+04 3.254673560593850561e+04 9.437886581652594032e+03 1.593417575574739431e+03
1.250862422785628121e+06 9.980912483785607619e+05 4.938817439605937689e+05 3.053818051982208272e+05 1.824455412000073411e+05 1.019491183316364477e+05 5.056403682995546842e+04 2.048142106281539964e+04 5.939192531082973801e+03 1.002725947369112532e+03
7.848204717820336809e+05 4.938817439605937689e+05 4.241987226700093597e+05 1.916037192128452007e+05 1.144706189192618476e+05 6.396527203096711310e+04 3.172506465716312232e+04 1.285052476473669958e+04 3.726388929222557181e+03 6.291338173943867105e+02
4.852778936660587788e+05 3.053818051982207689e+05 1.916037192128451716e+05 1.779364545678772265e+05 7.078059611474721169e+04 3.955163453940216277e+04 1.961655322049677488e+04 7.945862543793178702e+03 2.304137360799970793e+03 3.890121941467734814e+02
2.899216208537219209e+05 1.824455412000073411e+05 1.144706189192618476e+05 7.078059611474722624e+04 7.130051539402148046e+04 2.362950000967567030e+04 1.171960021150969442e+04 4.747130206929759879e+03 1.376570511518989633e+03 2.324091975566196595e+02
1.620058974141415674e+05 1.019491183316364477e+05 6.396527203096710582e+04 3.955163453940216277e+04 2.362950000967567030e+04 2.602849181925066659e+04 6.548819449924849323e+03 2.652658629083276082e+03 7.692166607505184857e+02 1.298684123888007207e+02
8.035059348793439858e+04 5.056403682995546842e+04 3.172506465716312960e+04 1.961655322049677488e+04 1.171960021150969624e+04 6.548819449924849323e+03 8.111294799091027926e+03 1.315647754617643841e+03 3.815108968169950572e+02 6.441126019073595899e+01
3.254673560593850561e+04 2.048142106281539964e+04 1.285052476473670140e+04 7.945862543793178702e+03 4.747130206929760789e+03 2.652658629083276082e+03 1.315647754617643841e+03 1.986585762464107802e+03 1.545344439970039048e+02 2.609036429566623028e+01
9.437886581652592213e+03 5.939192531082972891e+03 3.726388929222556271e+03 2.304137360799970793e+03 1.376570511518989633e+03 7.692166607505184857e+02 3.815108968169950572e+02 1.545344439970039048e+02 3.447334233730485380e+02 7.565671165238687657e+00
1.593417575574739431e+03 1.002725947369112305e+03 6.291338173943865968e+02 3.890121941467734814e+02 2.324091975566196595e+02 1.298684123888007207e+02 6.441126019073595899e+01 2.609036429566623028e+01 7.565671165238687657e+00 3.599262192502139612e+01
