2.372883665804140037e+05 6.138337708425201708e+05 3.847904826545861433e+05 2.300595852888768131e+05 1.284063497776745935e+05 6.491585958894050418e+04 2.849991210886514455e+04 1.024358180765302495e+04 2.774692133880358597e+03 5.040788934827679668e+02
6.138337708425201708e+05 1.334804340184965113e+05 2.489849497889182530e+05 1.488638021825242904e+05 8.308742027975815290e+04 4.200486438425215601e+04 1.844133237511558764e+04 6.628276469942379663e+03 1.795409743161623510e+03 3.261724591460983902e+02
3.847904826545861433e+05 2.489849497889182530e+05 7.169867233081397717e+04 9.331740450348400918e+04 5.208453830764364830e+04 2.633135029060413581e+04 1.156021307800426075e+04 4.155029949780163406e+03 1.125478288178360572e+03 2.044658732464228592e+02
2.300595852888767549e+05 1.488638021825242904e+05 9.331740450348400918e+04 3.617770663930907176e+04 3.114044609511679664e+04 1.574305966759162948e+04 6.911651785743595610e+03 2.484220660850833610e+03 6.729040345376187133e+02 1.222466150417388633e+02
1.284063497776745935e+05 8.308742027975815290e+04 5.208453830764364830e+04 3.114044609511679300e+04 1.677211717220852734e+04 8.786892420540718376e+03 3.857696151313506562e+03 1.386552560727235686e+03 3.755772693285104538e+02 6.823120014963012636e+01
6.491585958894050418e+04 4.200486438425215601e+04 2.633135029060413581e+04 1.574305966759162948e+04 8.786892420540718376e+03 6.927131648735676208e+03 1.950259174324758305e+03 7.009719651769481743e+02 1.898731746735336969e+02 3.449429888916899500e+01
2.849991210886514818e+04 1.844133237511558764e+04 1.156021307800426075e+04 6.911651785743595610e+03 3.857696151313506562e+03 1.950259174324758305e+03 2.442221139030455561e+03 3.077466666054133952e+02 8.335973403560733175e+01 1.514398011246123410e+01
1.024358180765302495e+04 6.628276469942379663e+03 4.155029949780164316e+03 2.484220660850833156e+03 1.386552560727235686e+03 7.009719651769481743e+02 3.077466666054134521e+02 6.925064762268083314e+02 2.996157503209731132e+01 5.443125529050772293e+00
2.774692133880359052e+03 1.795409743161623283e+03 1.125478288178360572e+03 6.729040345376187133e+02 3.755772693285104538e+02 1.898731746735336969e+02 8.335973403560731754e+01 2.996157503209731132e+01 1.453031460016802612e+02 1.474386388743147203e+00
5.040788934827680805e+02 3.261724591460983902e+02 2.044658732464228592e+02 1.222466150417388775e+02 6.823120014963012636e+01 3.449429888916899500e+01 1.514398011246123588e+01 5.443125529050772293e+00 1.474386388743147425e+00 2.006662353633470985e+01
