2.685970004733626847e+05 6.907813682993390830e+05 4.231802535740850144e+05 2.463251709704672103e+05 1.325742436349689378e+05 6.342464254773888388e+04 2.547592526681415256e+04 7.910040490792502169e+03 1.683852750989027982e+03 2.063907581357287597e+02
6.907813682993390830e+05 1.465299654791099019e+05 2.677601157906537992e+05 1.558580669682833832e+05 8.388410027818812523e+04 4.013086501350728213e+04 1.611945888709098290e+04 5.004943732216393073e+03 1.065429220223057200e+03 1.305902457163416841e+02
4.231802535740850144e+05 2.677601157906537992e+05 7.604195682536296954e+04 9.548036372721605585e+04 5.138832119046832668e+04 2.458460869373687819e+04 9.874957565966429684e+03 3.066083503290959925e+03 6.526936426922510464e+02 8.000101889342812456e+01
2.463251709704672103e+05 1.558580669682833832e+05 9.548036372721605585e+04 3.679897658294170833e+04 2.991216366127382935e+04 1.431023278751969883e+04 5.748024843358970429e+03 1.784708848721493041e+03 3.799205463148089166e+02 4.656707039210971288e+01
1.325742436349689378e+05 8.388410027818811068e+04 5.138832119046832668e+04 2.991216366127383662e+04 1.614379984354089174e+04 7.701885603372687910e+03 3.093634495415371020e+03 9.605450583702454423e+02 2.044763792130229945e+02 2.506278230197788304e+01
6.342464254773888388e+04 4.013086501350728940e+04 2.458460869373687819e+04 1.431023278751969883e+04 7.701885603372687910e+03 6.166695503750004718e+03 1.480020980435144793e+03 4.595329025287414311e+02 9.782323402689294767e+01 1.199024761650955817e+01
2.547592526681415620e+04 1.611945888709098472e+04 9.874957565966429684e+03 5.748024843358970429e+03 3.093634495415371020e+03 1.480020980435144793e+03 1.935747372577322039e+03 1.845816611997882148e+02 3.929288836829309872e+01 4.816150946043981307e+00
7.910040490792503078e+03 5.004943732216393073e+03 3.066083503290959925e+03 1.784708848721493041e+03 9.605450583702454423e+02 4.595329025287414311e+02 1.845816611997882433e+02 4.593879875080329498e+02 1.220008045785320583e+01 1.495370574139721187e+00
1.683852750989027754e+03 1.065429220223057428e+03 6.526936426922510464e+02 3.799205463148089166e+02 2.044763792130229945e+02 9.782323402689294767e+01 3.929288836829309872e+01 1.220008045785320583e+01 7.305579259146965398e+01 3.183275557115303744e-01
2.063907581357287597e+02 1.305902457163416841e+02 8.000101889342812456e+01 4.656707039210971288e+01 2.506278230197788304e+01 1.199024761650955817e+01 4.816150946043981307e+00 1.495370574139721187e+00 3.183275557115304299e-01 6.533989377782055463e+00
