3.754554643833403679e+04 1.054742842864597696e+04 6.064153293982334617e+03 3.290479171311175378e+03 1.667092388639177216e+03 7.786991574939768270e+02 3.303155252838602678e+02 1.249242670364305212e+02 4.122530084246049142e+01 1.156092662483616174e+01
1.054742842864597696e+04 1.730838392746098543e+04 3.662436434550903869e+03 1.987280040578740227e+03 1.006837988408609363e+03 4.702942072374896725e+02 1.994935741314316431e+02 7.544782675725058141e+01 2.489795961796958323e+01 6.982204577510620958e+00
6.064153293982334617e+03 3.662436434550903869e+03 7.755379179264101367e+03 1.142569573775053414e+03 5.788728451887134270e+02 2.703916111167345093e+02 1.146971153093411289e+02 4.337807933459707499e+01 1.431486782320190798e+01 4.014358492632607245e+00
3.290479171311174468e+03 1.987280040578740227e+03 1.142569573775053186e+03 3.362967824054121138e+03 3.141030491134296767e+02 1.467175912851318458e+02 6.223597106448121252e+01 2.353744366647456232e+01 7.767411562478164555e+00 2.178236988054312206e+00
1.667092388639177216e+03 1.006837988408609476e+03 5.788728451887134270e+02 3.141030491134296199e+02 1.397514345795808367e+03 7.433317975188796822e+01 3.153130843852800069e+01 1.192503922423168916e+01 3.935290886547514244e+00 1.103584649645625193e+00
7.786991574939768270e+02 4.702942072374896156e+02 2.703916111167345093e+02 1.467175912851318458e+02 7.433317975188796822e+01 5.480098683327881872e+02 1.472827989803676374e+01 5.570187987344771940e+00 1.838175087794447160e+00 5.154845902714589867e-01
3.303155252838602678e+02 1.994935741314316431e+02 1.146971153093411289e+02 6.223597106448121252e+01 3.153130843852800069e+01 1.472827989803676019e+01 1.986206131724048873e+02 2.362811816685275179e+00 7.797334360069925197e-01 2.186628322023957682e-01
1.249242670364305496e+02 7.544782675725059562e+01 4.337807933459707499e+01 2.353744366647456232e+01 1.192503922423168916e+01 5.570187987344771940e+00 2.362811816685274735e+00 6.489119956284014279e+01 2.948926723721591592e-01 8.269757837606857287e-02
4.122530084246048432e+01 2.489795961796958323e+01 1.431486782320190798e+01 7.767411562478162779e+00 3.935290886547514244e+00 1.838175087794447160e+00 7.797334360069925197e-01 2.948926723721592147e-01 1.859056006207195821e+01 2.729039463967540546e-02
1.156092662483616174e+01 6.982204577510622734e+00 4.014358492632607245e+00 2.178236988054312206e+00 1.103584649645624971e+00 5.154845902714589867e-01 2.186628322023958237e-01 8.269757837606857287e-02 2.729039463967539852e-02 4.527782158243947030e+00
