1.247927600989391976e+04 4.547812099770313580e+03 2.727812276347036459e+03 1.561790302328834969e+03 8.474249777370768015e+02 4.320932412425873963e+02 2.050737816124528763e+02 8.953224916848846249e+01 3.548167475538922844e+01 1.256396311081443962e+01
4.547812099770313580e+03 7.126344688409851187e+03 1.703491458326697511e+03 9.753224086510301731e+02 5.292084149870389638e+02 2.698379034510222141e+02 1.280665236140774255e+02 5.591199329432672727e+01 2.215795067609041169e+01 7.846069184300879407e+00
2.727812276347036459e+03 1.703491458326697511e+03 3.897407877628301321e+03 5.850057964903627408e+02 3.174232311006670102e+02 1.618508261796083900e+02 7.681527460670845642e+01 3.353643870005106464e+01 1.329050729162363353e+01 4.706131953667358481e+00
1.561790302328835423e+03 9.753224086510301731e+02 5.850057964903626271e+02 2.028609988695175616e+03 1.817385046491507410e+02 9.266658594620373890e+01 4.398006123505728482e+01 1.920105910166441632e+01 7.609389246127040707e+00 2.694463732145201629e+00
8.474249777370768015e+02 5.292084149870389638e+02 3.174232311006670102e+02 1.817385046491507410e+02 9.976543838853149282e+02 5.028074474232361979e+01 2.386351250703728155e+01 1.041846466679513661e+01 4.128842715233002281e+00 1.462011810946529433e+00
4.320932412425875100e+02 2.698379034510222141e+02 1.618508261796083616e+02 9.266658594620371048e+01 5.028074474232361979e+01 4.596422404279345528e+02 1.216775848893841427e+01 5.312267498496607843e+00 2.105254244652904116e+00 7.454647180848509302e-01
2.050737816124529331e+02 1.280665236140774255e+02 7.681527460670845642e+01 4.398006123505729192e+01 2.386351250703728155e+01 1.216775848893841427e+01 1.964915108785566247e+02 2.521230792041030178e+00 9.991650134704471720e-01 3.538015738378412767e-01
8.953224916848846249e+01 5.591199329432672016e+01 3.353643870005106464e+01 1.920105910166441632e+01 1.041846466679513661e+01 5.312267498496607843e+00 2.521230792041029733e+00 7.701887355024855708e+01 4.362210041824283735e-01 1.544646537260199459e-01
3.548167475538922133e+01 2.215795067609041524e+01 1.329050729162363353e+01 7.609389246127040707e+00 4.128842715233002281e+00 2.105254244652904116e+00 9.991650134704471720e-01 4.362210041824282625e-01 2.731283848948450910e+01 6.121441888940529208e-02
1.256396311081443962e+01 7.846069184300878518e+00 4.706131953667358481e+00 2.694463732145201629e+00 1.462011810946529433e+00 7.454647180848509302e-01 3.538015738378412767e-01 1.544646537260199459e-01 6.121441888940527820e-02 8.625022492016631404e+00
