1.916030716451827902e+06 1.030383485079926788e+06 6.474601004374754848e+05 3.935298241228939733e+05 2.264045379156307608e+05 1.194358863520617888e+05 5.511262101025482843e+04 2.074897213227297470e+04 5.753535113003775223e+03 1.009832371465044048e+03
1.030383485079926788e+06 8.312819785004064906e+05 4.145648272081104224e+05 2.519747910774931079e+05 1.449654705775795155e+05 7.647408319761243183e+04 3.528828137929211516e+04 1.328544267198795569e+04 3.683954097474989339e+03 6.465896235191870574e+02
6.474601004374756012e+05 4.145648272081104806e+05 3.528859353986942442e+05 1.583329176962600031e+05 9.109167557440508972e+04 4.805387344125495292e+04 2.217402989948938557e+04 8.348148210172841573e+03 2.314879192549544314e+03 4.062962854583101944e+02
3.935298241228939150e+05 2.519747910774931370e+05 1.583329176962600031e+05 1.434104419288884092e+05 5.536602339454441244e+04 2.920740961641240210e+04 1.347749781113272002e+04 5.074050578068667164e+03 1.406996355287750248e+03 2.469491257456014921e+02
2.264045379156307608e+05 1.449654705775795446e+05 9.109167557440510427e+04 5.536602339454441244e+04 5.417201016111510398e+04 1.680352967568564054e+04 7.753838405994685672e+03 2.919189362708695626e+03 8.094694230046993653e+02 1.420741180867700848e+02
1.194358863520617742e+05 7.647408319761243183e+04 4.805387344125493837e+04 2.920740961641239846e+04 1.680352967568564418e+04 1.833115677013441018e+04 4.090406363655738915e+03 1.539968996092072075e+03 4.270219091080488738e+02 7.494879907267691976e+01
5.511262101025483571e+04 3.528828137929211516e+04 2.217402989948938557e+04 1.347749781113272002e+04 7.753838405994685672e+03 4.090406363655738460e+03 5.318142165239073620e+03 7.106049131580783751e+02 1.970454388421852912e+02 3.458445266852476152e+01
2.074897213227297834e+04 1.328544267198795387e+04 8.348148210172841573e+03 5.074050578068667164e+03 2.919189362708696081e+03 1.539968996092072075e+03 7.106049131580783751e+02 1.257460239877793583e+03 7.418428382433953061e+01 1.302046303505709623e+01
5.753535113003774313e+03 3.683954097474989339e+03 2.314879192549543859e+03 1.406996355287750248e+03 8.094694230046992516e+02 4.270219091080488170e+02 1.970454388421852912e+02 7.418428382433953061e+01 2.257477243741940924e+02 3.610477221820923344e+00
1.009832371465044162e+03 6.465896235191870574e+02 4.062962854583101944e+02 2.469491257456014921e+02 1.420741180867700848e+02 7.494879907267693397e+01 3.458445266852476152e+01 1.302046303505709268e+01 3.610477221820923344e+00 2.686716269688718128e+01
