2.079545317513080663e+05 4.587393614010337042e+05 2.859406620814061607e+05 1.690971895342386561e+05 9.290978101591154700e+04 4.609051135991460615e+04 1.986063257676134162e+04 7.048844480745429792e+03 1.915928748469598986e+03 3.607526598423281143e+02
4.587393614010336460e+05 1.170364535909438273e+05 1.849703864236403024e+05 1.093862351147349545e+05 6.010183361804029846e+04 2.981520583553606775e+04 1.284752177462475447e+04 4.559783410840784200e+03 1.239383298565944642e+03 2.333650569620424733e+02
2.859406620814061025e+05 1.849703864236403315e+05 6.267197057685227628e+04 6.818244764472306997e+04 3.746257579589993838e+04 1.858436492275105411e+04 8.008096081229812626e+03 2.842196674516032999e+03 7.725303533628381274e+02 1.454607223818687203e+02
1.690971895342386561e+05 1.093862351147349545e+05 6.818244764472305542e+04 3.142323257160487265e+04 2.215430374151045180e+04 1.099026579445079369e+04 4.735760667961912077e+03 1.680794421702057207e+03 4.568525183954341173e+02 8.602134150263474055e+01
9.290978101591154700e+04 6.010183361804029119e+04 3.746257579589993838e+04 2.215430374151045180e+04 1.443919355106361400e+04 6.038558009637020405e+03 2.602044941231964003e+03 9.235058375791879826e+02 2.510158066943687061e+02 4.726408536841163510e+01
4.609051135991460615e+04 2.981520583553606411e+04 1.858436492275105411e+04 1.099026579445079369e+04 6.038558009637020405e+03 5.906137196176835459e+03 1.290817614803346260e+03 4.581310582424195559e+02 1.245234545110333215e+02 2.344667956127974406e+01
1.986063257676134162e+04 1.284752177462475447e+04 8.008096081229812626e+03 4.735760667961912077e+03 2.602044941231963548e+03 1.290817614803346032e+03 2.067971254257040528e+03 1.974109713972243583e+02 5.365778127130048603e+01 1.010329185274848918e+01
7.048844480745429792e+03 4.559783410840784200e+03 2.842196674516032544e+03 1.680794421702056979e+03 9.235058375791880962e+02 4.581310582424195559e+02 1.974109713972243583e+02 5.874708988824728522e+02 1.904397324211154796e+01 3.585813933083679572e+00
1.915928748469598986e+03 1.239383298565944642e+03 7.725303533628381274e+02 4.568525183954340605e+02 2.510158066943687061e+02 1.245234545110333215e+02 5.365778127130047892e+01 1.904397324211154796e+01 1.258444081069211080e+02 9.746510963356266322e-01
3.607526598423281143e+02 2.333650569620425017e+02 1.454607223818687487e+02 8.602134150263475476e+01 4.726408536841163510e+01 2.344667956127974406e+01 1.010329185274848918e+01 3.585813933083679572e+00 9.746510963356265211e-01 1.837958553912423909e+01
