3.049546335605629720e+05 1.001588477276597405e+06 6.298326942049574573e+05 3.813239331025360152e+05 2.173853271563973103e+05 1.129240859750846721e+05 5.098059880033522495e+04 1.866198606665069747e+04 5.008698818332573865e+03 8.504038642501021741e+02
1.001588477276597521e+06 1.705756051330757327e+05 4.051367111662123352e+05 2.452847011080267548e+05 1.398320177886387974e+05 7.263785005817550700e+04 3.279301363884230523e+04 1.200422862839220215e+04 3.221820310618897111e+03 5.470180063615576955e+02
6.298326942049573408e+05 4.051367111662123352e+05 9.162375153255794430e+04 1.542433121497092652e+05 8.793109994576383906e+04 4.567713571125901217e+04 2.062135557650604824e+04 7.548664776406570127e+03 2.025989528153256970e+03 3.439834148872496939e+02
3.813239331025360152e+05 2.452847011080267548e+05 1.542433121497092652e+05 4.648909110789511033e+04 5.323672966147989791e+04 2.765462193775473861e+04 1.248492891316994792e+04 4.570239952128022196e+03 1.226608752464266900e+03 2.082602410032448574e+02
2.173853271563973103e+05 1.398320177886387974e+05 8.793109994576383906e+04 5.323672966147989064e+04 2.176705964785851393e+04 1.576535988290244313e+04 7.117414147682205112e+03 2.605404541732343660e+03 6.992656945968432183e+02 1.187250961559418840e+02
1.129240859750846721e+05 7.263785005817550700e+04 4.567713571125901217e+04 2.765462193775474225e+04 1.576535988290244131e+04 9.092572765349916153e+03 3.697248096946809255e+03 1.353416674064613744e+03 3.632441087400109154e+02 6.167354136127227804e+01
5.098059880033522495e+04 3.279301363884230523e+04 2.062135557650604824e+04 1.248492891316994610e+04 7.117414147682205112e+03 3.697248096946808801e+03 3.229163732637460726e+03 6.110121846405355654e+02 1.639898345366789272e+02 2.784307742308068612e+01
1.866198606665069747e+04 1.200422862839220397e+04 7.548664776406568308e+03 4.570239952128022196e+03 2.605404541732343660e+03 1.353416674064613971e+03 6.110121846405356791e+02 9.090047421800193206e+02 6.003020912292092248e+01 1.019225225182705508e+01
5.008698818332573865e+03 3.221820310618897111e+03 2.025989528153256970e+03 1.226608752464266900e+03 6.992656945968432183e+02 3.632441087400109154e+02 1.639898345366789272e+02 6.003020912292091538e+01 1.832792774405916134e+02 2.735503157464082236e+00
8.504038642501021741e+02 5.470180063615576955e+02 3.439834148872496939e+02 2.082602410032448859e+02 1.187250961559418698e+02 6.167354136127227804e+01 2.784307742308068967e+01 1.019225225182705508e+01 2.735503157464082236e+00 2.282383544609062653e+01
