2.452183741802657314e+05 6.946613884814063786e+05 4.329055676955353119e+05 2.574577621003135864e+05 1.429209356708368578e+05 7.181213701230606239e+04 3.127584956242716726e+04 1.110889313591229438e+04 2.952964125267053078e+03 5.201804671112423648e+02
6.946613884814063786e+05 1.370425657258528809e+05 2.783339878921807394e+05 1.655308940022109600e+05 9.189014174685585022e+04 4.617117442054317507e+04 2.010861625034269309e+04 7.142394920088323488e+03 1.898590229419681918e+03 3.344468508580529260e+02
4.329055676955353119e+05 2.783339878921807394e+05 7.313510601044466603e+04 1.031570875068071909e+05 5.726495619039377198e+04 2.877338341402549850e+04 1.253147515864742127e+04 4.451064329839752645e+03 1.183181179660633688e+03 2.084237100772224380e+02
2.574577621003135864e+05 1.655308940022109600e+05 1.031570875068072055e+05 3.666547692862455733e+04 3.405663629145172308e+04 1.711211740995514265e+04 7.452723621309781265e+03 2.647138652952218308e+03 7.036619563388844654e+02 1.239538272764045956e+02
1.429209356708368578e+05 9.189014174685585022e+04 5.726495619039377198e+04 3.405663629145173036e+04 1.687758135866615339e+04 9.499343937383768207e+03 4.137184385370078417e+03 1.469489713745588915e+03 3.906195112374995801e+02 6.880972175708765803e+01
7.181213701230606239e+04 4.617117442054317507e+04 2.877338341402549122e+04 1.711211740995514265e+04 9.499343937383770026e+03 6.912379140878672843e+03 2.078772088447730766e+03 7.383606619027021907e+02 1.962709083102596992e+02 3.457417307971716980e+01
3.127584956242716726e+04 2.010861625034269309e+04 1.253147515864742127e+04 7.452723621309781265e+03 4.137184385370078417e+03 2.078772088447730766e+03 2.410664854143079083e+03 3.215731761404867939e+02 8.548052818342797821e+01 1.505785346286590176e+01
1.110889313591229620e+04 7.142394920088321669e+03 4.451064329839752645e+03 2.647138652952218308e+03 1.469489713745589142e+03 7.383606619027023044e+02 3.215731761404867939e+02 6.731752134126617193e+02 3.036189475510915869e+01 5.348410588857644754e+00
2.952964125267053078e+03 1.898590229419682373e+03 1.183181179660633688e+03 7.036619563388844654e+02 3.906195112374995801e+02 1.962709083102596992e+02 8.548052818342797821e+01 3.036189475510915869e+01 1.380504094334266370e+02 1.421713612946555294e+00
5.201804671112423648e+02 3.344468508580529260e+02 2.084237100772224665e+02 1.239538272764045956e+02 6.880972175708765803e+01 3.457417307971716269e+01 1.505785346286590176e+01 5.348410588857644754e+00 1.421713612946555294e+00 1.839988578075348613e+01
