2.309046472099549603e+06 1.236886255417516455e+06 7.803731193959881784e+05 4.821810448984886170e+05 2.858196307618044084e+05 1.573283664505017514e+05 7.642878683142679802e+04 3.028023945805829862e+04 8.661201113103745229e+03 1.482401659195986667e+03
1.236886255417516455e+06 9.909499713025422534e+05 4.964197910311426385e+05 3.067304698205834720e+05 1.818188221106257697e+05 1.000815031367040356e+05 4.861874588528488675e+04 1.926220902608339384e+04 5.509661391173446646e+03 9.430021403759719760e+02
7.803731193959881784e+05 4.964197910311426385e+05 4.240753489949966897e+05 1.935216051591479918e+05 1.147126671946717106e+05 6.314316652363944741e+04 3.067441506560645939e+04 1.215286375631058945e+04 3.476141502756302089e+03 5.949565036066204584e+02
4.821810448984886170e+05 3.067304698205834138e+05 1.935216051591479918e+05 1.771356584901693859e+05 7.087926577203389024e+04 3.901523163193191431e+04 1.895326881509202212e+04 7.509075337016198318e+03 2.147856583414055876e+03 3.676148517266142335e+02
2.858196307618044084e+05 1.818188221106257697e+05 1.147126671946716961e+05 7.087926577203389024e+04 6.993008511346824525e+04 2.312683009236227372e+04 1.123481802483398315e+04 4.451110558774411402e+03 1.273172353197662005e+03 2.179089001832840609e+02
1.573283664505017223e+05 1.000815031367040356e+05 6.314316652363946196e+04 3.901523163193191431e+04 2.312683009236227736e+04 2.494703594738868560e+04 6.184164336454634395e+03 2.450097466139968219e+03 7.008130477414966890e+02 1.199471541177393874e+02
7.642878683142678346e+04 4.861874588528489403e+04 3.067441506560646303e+04 1.895326881509202576e+04 1.123481802483398496e+04 6.184164336454634395e+03 7.582198371034404772e+03 1.190236580856797900e+03 3.404490381673734305e+02 5.826931074114488496e+01
3.028023945805829862e+04 1.926220902608339748e+04 1.215286375631058763e+04 7.509075337016197409e+03 4.451110558774411402e+03 2.450097466139968219e+03 1.190236580856797900e+03 1.827165114342282095e+03 1.348821409622948977e+02 2.308565601321788208e+01
8.661201113103747048e+03 5.509661391173446646e+03 3.476141502756302089e+03 2.147856583414055876e+03 1.273172353197662005e+03 7.008130477414966890e+02 3.404490381673734305e+02 1.348821409622948693e+02 3.191154150858970979e+02 6.603300143493465946e+00
1.482401659195986667e+03 9.430021403759719760e+02 5.949565036066203447e+02 3.676148517266141766e+02 2.179089001832840324e+02 1.199471541177393590e+02 5.826931074114488496e+01 2.308565601321788208e+01 6.603300143493465946e+00 3.473300101016207719e+01
