2.751159851617615204e+05 7.464228884457821259e+05 4.702407557099632686e+05 2.846263553030376206e+05 1.618888564227366005e+05 8.382141263830859680e+04 3.773633114338383893e+04 1.382486051049598609e+04 3.745208147069009101e+03 6.532368200647814547e+02
7.464228884457821259e+05 1.547912251655979489e+05 3.037250160923216608e+05 1.838380516682261950e+05 1.045628115494316589e+05 5.413962867598376761e+04 2.437361637547783903e+04 8.929374857534343391e+03 2.419002162031289572e+03 4.219208166819237817e+02
4.702407557099632686e+05 3.037250160923216608e+05 8.353051998373010429e+04 1.158165775499169831e+05 6.587377783195453230e+04 3.410755524319730466e+04 1.535519336452121570e+04 5.625438402307909200e+03 1.523953006192218709e+03 2.658069128874043372e+02
2.846263553030376206e+05 1.838380516682261659e+05 1.158165775499170122e+05 4.253628900835451350e+04 3.987194445969200024e+04 2.064455073127675860e+04 9.294159787827302353e+03 3.404953760363138372e+03 9.224151342448357127e+02 1.608870603214092228e+02
1.618888564227366005e+05 1.045628115494316444e+05 6.587377783195453230e+04 3.987194445969200024e+04 1.997107020663542426e+04 1.174214069420681335e+04 5.286302098973223110e+03 1.936658570674541807e+03 5.246482922178213357e+02 9.150882103281745117e+01
8.382141263830859680e+04 5.413962867598376761e+04 3.410755524319730466e+04 2.064455073127676224e+04 1.174214069420681335e+04 8.367065990280976621e+03 2.737095803627895748e+03 1.002746333374115011e+03 2.716478574481890860e+02 4.738064631087014789e+01
3.773633114338383893e+04 2.437361637547783903e+04 1.535519336452121934e+04 9.294159787827302353e+03 5.286302098973222201e+03 2.737095803627896203e+03 2.985264765408230687e+03 4.514355759225861107e+02 1.222956423711071920e+02 2.133072806455416170e+01
1.382486051049598609e+04 8.929374857534343391e+03 5.625438402307910110e+03 3.404953760363138372e+03 1.936658570674541807e+03 1.002746333374115238e+03 4.514355759225861107e+02 8.482773844545361044e+02 4.480351283748172619e+01 7.814600178255165730e+00
3.745208147069009101e+03 2.419002162031289572e+03 1.523953006192218936e+03 9.224151342448357127e+02 5.246482922178213357e+02 2.716478574481890860e+02 1.222956423711071920e+02 4.480351283748172619e+01 1.743291572368571565e+02 2.117005392674169428e+00
6.532368200647813410e+02 4.219208166819237817e+02 2.658069128874043372e+02 1.608870603214092228e+02 9.150882103281743696e+01 4.738064631087014789e+01 2.133072806455416170e+01 7.814600178255165730e+00 2.117005392674168984e+00 2.254649468778245591e+01
