1.809173604728701466e+05 4.077188003917565220e+05 2.478221047002671985e+05 1.420366904770131223e+05 7.504355011021038808e+04 3.545695604802753951e+04 1.437552214974170965e+04 4.727461519271401812e+03 1.167789794607004069e+03 1.949316945689046179e+02
4.077188003917565220e+05 9.957712875265246839e+04 1.571382215547909436e+05 9.006215552918789035e+04 4.758336637378893647e+04 2.248242957129331990e+04 9.115183600204012691e+03 2.997573184625678550e+03 7.404682955796934039e+02 1.236016450036482297e+02
2.478221047002671985e+05 1.571382215547909436e+05 5.190160914154957572e+04 5.474212353131759301e+04 2.892240924908479792e+04 1.366540618136795456e+04 5.540445970020052300e+03 1.822003044483689791e+03 4.500759133453228742e+02 7.512829867003280526e+01
1.420366904770131223e+05 9.006215552918789035e+04 5.474212353131760028e+04 2.518591495283044060e+04 1.657658139628143181e+04 7.832187005163182221e+03 3.175449624641591981e+03 1.044262305779805729e+03 2.579563807365231014e+02 4.305901169375606941e+01
7.504355011021038808e+04 4.758336637378893647e+04 2.892240924908479792e+04 1.657658139628143181e+04 1.111839277857268826e+04 4.138051344484280889e+03 1.677714485102041408e+03 5.517247016162567661e+02 1.362884654594414258e+02 2.274976339482835996e+01
3.545695604802753951e+04 2.248242957129331990e+04 1.366540618136795638e+04 7.832187005163182221e+03 4.138051344484280889e+03 4.329614769812295890e+03 7.926950240498886160e+02 2.606816770673682413e+02 6.439426336509424686e+01 1.074892325334838183e+01
1.437552214974170965e+04 9.115183600204012691e+03 5.540445970020052300e+03 3.175449624641592436e+03 1.677714485102041181e+03 7.926950240498885023e+02 1.426378890702010722e+03 1.056897049379464448e+02 2.610774478405090449e+01 4.357999149872859412e+00
4.727461519271401812e+03 2.997573184625678550e+03 1.822003044483689791e+03 1.044262305779805729e+03 5.517247016162567661e+02 2.606816770673682413e+02 1.056897049379464448e+02 3.756200164678117517e+02 8.585660926672980864e+00 1.433149562669040034e+00
1.167789794607004069e+03 7.404682955796934039e+02 4.500759133453228742e+02 2.579563807365231014e+02 1.362884654594414542e+02 6.439426336509424686e+01 2.610774478405090804e+01 8.585660926672980864e+00 7.318763499120855442e+01 3.540203186441450156e-01
1.949316945689046179e+02 1.236016450036482297e+02 7.512829867003280526e+01 4.305901169375606941e+01 2.274976339482835996e+01 1.074892325334838183e+01 4.357999149872859412e+00 1.433149562669040034e+00 3.540203186441450711e-01 9.487339572210363059e+00
