2.372453718190745451e+06 1.228591367822444299e+06 7.467530640779938549e+05 4.434085127382802893e+05 2.504552298742652929e+05 1.287423811083196924e+05 5.605143768796764198e+04 1.841121661350940121e+04 3.792673746323043815e+03 3.648275806664146899e+02
1.228591367822444299e+06 9.484287177279829048e+05 4.573318533890537219e+05 2.715554132870647009e+05 1.533855835071820766e+05 7.884532999497445417e+04 3.432742243195130868e+04 1.127552898279660440e+04 2.322736386555709032e+03 2.234303167401396024e+02
7.467530640779939713e+05 4.573318533890537219e+05 3.793952002090738388e+05 1.650547466392323840e+05 9.322965916030487278e+04 4.792316900805114710e+04 2.086463290751683962e+04 6.853406297268116759e+03 1.411787970462604108e+03 1.358037163563472518e+02
4.434085127382801729e+05 2.715554132870646426e+05 1.650547466392323840e+05 1.478059370754075353e+05 5.535809158333761297e+04 2.845591416729134289e+04 1.238904303362316386e+04 4.069429158907916189e+03 8.382942560236169811e+02 8.063779954923619187e+01
2.504552298742652929e+05 1.533855835071820766e+05 9.322965916030485823e+04 5.535809158333761297e+04 5.379286411134258378e+04 1.607306201687190514e+04 6.997837280448709862e+03 2.298579720892512341e+03 4.735028186493033786e+02 4.554752117395536004e+01
1.287423811083196924e+05 7.884532999497445417e+04 4.792316900805114710e+04 2.845591416729134289e+04 1.607306201687190332e+04 1.721663683038068120e+04 3.597122865215545971e+03 1.181547003764147348e+03 2.433963162398946452e+02 2.341295221689098938e+01
5.605143768796764925e+04 3.432742243195130141e+04 2.086463290751683962e+04 1.238904303362316386e+04 6.997837280448709862e+03 3.597122865215545062e+03 4.472040842193193384e+03 5.144180780777185191e+02 1.059690937494995211e+02 1.019345471925268853e+01
1.841121661350940121e+04 1.127552898279660621e+04 6.853406297268116759e+03 4.069429158907917099e+03 2.298579720892512796e+03 1.181547003764147576e+03 5.144180780777185191e+02 8.535906801635312604e+02 3.480766988030600828e+01 3.348244230967301505e+00
3.792673746323043815e+03 2.322736386555709032e+03 1.411787970462604108e+03 8.382942560236170948e+02 4.735028186493033218e+02 2.433963162398946452e+02 1.059690937494995211e+02 3.480766988030600828e+01 1.043986886465053203e+02 6.897316053383139023e-01
3.648275806664146899e+02 2.234303167401396024e+02 1.358037163563472518e+02 8.063779954923620608e+01 4.554752117395536004e+01 2.341295221689098938e+01 1.019345471925268676e+01 3.348244230967301505e+00 6.897316053383139023e-01 6.259577695571556966e+00
