1.796819481878392166e+06 9.689548892924044048e+05 6.226756742653468391e+05 3.891542338353915256e+05 2.321530314377684845e+05 1.285672613922722812e+05 6.345902681679010857e+04 2.628372300048043326e+04 8.360473251416480707e+03 1.792253994273415401e+03
9.689548892924044048e+05 8.110874084158875048e+05 4.063111202055149479e+05 2.539326638525413291e+05 1.514855359876956500e+05 8.389328531210390793e+04 4.140856843894333724e+04 1.715077266844659607e+04 5.455413456193084130e+03 1.169489604624766343e+03
6.226756742653468391e+05 4.063111202055149479e+05 3.602918801013723132e+05 1.631837502753558510e+05 9.734855492753561703e+04 5.391201239120358514e+04 2.661022567512000387e+04 1.102153366839962291e+04 3.505790919443067651e+03 7.515445106405619526e+02
3.891542338353914674e+05 2.539326638525413291e+05 1.631837502753558510e+05 1.544636822563283495e+05 6.084002294212628476e+04 3.369344386445794225e+04 1.663061913733168694e+04 6.888138830021616741e+03 2.191017628643639455e+03 4.696935183417659232e+02
2.321530314377684845e+05 1.514855359876956209e+05 9.734855492753561703e+04 6.084002294212627748e+04 6.225475873298610531e+04 2.010009002245838929e+04 9.921127182318201449e+03 4.109173616315137224e+03 1.307068869353138325e+03 2.801993776478743712e+02
1.285672613922722667e+05 8.389328531210390793e+04 5.391201239120358514e+04 3.369344386445794225e+04 2.010009002245838929e+04 2.279436287518434256e+04 5.494359233026017137e+03 2.275676501672715858e+03 7.238598778705743371e+02 1.551755167912295690e+02
6.345902681679010129e+04 4.140856843894333724e+04 2.661022567512000387e+04 1.663061913733168331e+04 9.921127182318201449e+03 5.494359233026017137e+03 7.275660797100962554e+03 1.123242531435518686e+03 3.572872510773431145e+02 7.659249465786460576e+01
2.628372300048043326e+04 1.715077266844659607e+04 1.102153366839962291e+04 6.888138830021615831e+03 4.109173616315137224e+03 2.275676501672715858e+03 1.123242531435518686e+03 1.928354465972230628e+03 1.479827159346752978e+02 3.172339719792947932e+01
8.360473251416480707e+03 5.455413456193083221e+03 3.505790919443067651e+03 2.191017628643639455e+03 1.307068869353138098e+03 7.238598778705743371e+02 3.572872510773431145e+02 1.479827159346752978e+02 3.985361309874632525e+02 1.009075516860766086e+01
1.792253994273415401e+03 1.169489604624765889e+03 7.515445106405619526e+02 4.696935183417659232e+02 2.801993776478743712e+02 1.551755167912295690e+02 7.659249465786460576e+01 3.172339719792948287e+01 1.009075516860765909e+01 5.764099032947716239e+01
