3.404524006323477370e+05 1.151924363581586862e+06 7.349271311957008438e+05 4.562367435172705445e+05 2.701183356089725858e+05 1.479784857184095599e+05 7.172271581096966111e+04 2.876453164754499812e+04 8.640530353444717548e+03 1.676901434828823312e+03
1.151924363581586862e+06 1.928323659654139774e+05 4.755179807336114463e+05 2.951976676392977242e+05 1.747739606495751650e+05 9.574613282591967436e+04 4.640656134122385993e+04 1.861143972673173994e+04 5.590659769836979649e+03 1.085001152266294639e+03
7.349271311957010766e+05 4.755179807336114463e+05 1.056304514258294948e+05 1.883359549226561503e+05 1.115056939229371637e+05 6.108598181051656138e+04 2.960736144960215097e+04 1.187408864524800993e+04 3.566837959189065714e+03 6.922301579765320412e+02
4.562367435172705445e+05 2.951976676392977242e+05 1.883359549226561503e+05 5.513262996455260873e+04 6.922182148353371304e+04 3.792167717422857822e+04 1.838000748445395948e+04 7.371336974496282892e+03 2.214263790352397336e+03 4.297308122586645140e+02
2.701183356089725858e+05 1.747739606495751941e+05 1.115056939229371637e+05 6.922182148353369848e+04 2.683494244220388646e+04 2.245180921386186674e+04 1.088201926023352826e+04 4.364254530254514975e+03 1.310971240584798352e+03 2.544253031273187844e+02
1.479784857184095308e+05 9.574613282591967436e+04 6.108598181051656138e+04 3.792167717422857095e+04 2.245180921386186310e+04 1.180292202987710880e+04 5.961478801716840280e+03 2.390862416728588414e+03 7.181872291814877372e+02 1.393813974173523320e+02
7.172271581096967566e+04 4.640656134122385265e+04 2.960736144960215097e+04 1.838000748445395584e+04 1.088201926023352826e+04 5.961478801716840280e+03 4.480876379527197969e+03 1.158811328725601697e+03 3.480934291736933233e+02 6.755584980997619482e+01
2.876453164754499812e+04 1.861143972673174358e+04 1.187408864524800993e+04 7.371336974496282892e+03 4.364254530254515885e+03 2.390862416728588414e+03 1.158811328725601697e+03 1.372089242589330979e+03 1.396035321105027265e+02 2.709340210927499726e+01
8.640530353444715729e+03 5.590659769836979649e+03 3.566837959189065714e+03 2.214263790352397336e+03 1.310971240584798352e+03 7.181872291814877372e+02 3.480934291736933801e+02 1.396035321105027265e+02 3.065446278725462435e+02 8.138542499900355054e+00
1.676901434828823312e+03 1.085001152266294639e+03 6.922301579765319275e+02 4.297308122586645709e+02 2.544253031273187560e+02 1.393813974173523320e+02 6.755584980997619482e+01 2.709340210927500081e+01 8.138542499900353278e+00 4.307720794973578649e+01
