2.699236581282654079e+05 7.394016217714386294e+05 4.529578911694384879e+05 2.642880272302823141e+05 1.430318250730346772e+05 6.908226186332010548e+04 2.816301720941358144e+04 8.934533438322259826e+03 1.959349909119660197e+03 2.499405174077136849e+02
7.394016217714386294e+05 1.474242941029407957e+05 2.861235399491155404e+05 1.669449354818938009e+05 9.035005883134189935e+04 4.363774579794441524e+04 1.778995870631817161e+04 5.643748315249548796e+03 1.237678254260912126e+03 1.578819290084015279e+02
4.529578911694384879e+05 2.861235399491154822e+05 7.671475586869676772e+04 1.022705708112061693e+05 5.534850196464658075e+04 2.673251008656151680e+04 1.089813971505754489e+04 3.457363711269661053e+03 7.582024646540343156e+02 9.671856743575644089e+01
2.642880272302823141e+05 1.669449354818938009e+05 1.022705708112061839e+05 3.730934756874697632e+04 3.229427432342922111e+04 1.559765817403128494e+04 6.358754095963263353e+03 2.017273244340548217e+03 4.423895411275542529e+02 5.643252912128480148e+01
1.430318250730346772e+05 9.035005883134189935e+04 5.534850196464658075e+04 3.229427432342921747e+04 1.649693063252853608e+04 8.441402128115047162e+03 3.441337139134876907e+03 1.091741751727638984e+03 2.394197880389121167e+02 3.054110213880958824e+01
6.908226186332010548e+04 4.363774579794441524e+04 2.673251008656151316e+04 1.559765817403128676e+04 8.441402128115045343e+03 6.374606271588369054e+03 1.662115080222827601e+03 5.272951634467207214e+02 1.156362263022182049e+02 1.475090186726151842e+01
2.816301720941358144e+04 1.778995870631817161e+04 1.089813971505754489e+04 6.358754095963263353e+03 3.441337139134876907e+03 1.662115080222827601e+03 2.034169848024731891e+03 2.149643390653861275e+02 4.714184138649594047e+01 6.013553869501103044e+00
8.934533438322261645e+03 5.643748315249548796e+03 3.457363711269661053e+03 2.017273244340547762e+03 1.091741751727638984e+03 5.272951634467206077e+02 2.149643390653861559e+02 4.938053735173407404e+02 1.495544156650048073e+01 1.907760725021002690e+00
1.959349909119660197e+03 1.237678254260911899e+03 7.582024646540343156e+02 4.423895411275542529e+02 2.394197880389121167e+02 1.156362263022182049e+02 4.714184138649594047e+01 1.495544156650047718e+01 8.094937381996420811e+01 4.183733631975616318e-01
2.499405174077136849e+02 1.578819290084015279e+02 9.671856743575642668e+01 5.643252912128480148e+01 3.054110213880959535e+01 1.475090186726151842e+01 6.013553869501103044e+00 1.907760725021002690e+00 4.183733631975616318e-01 7.535434991654211601e+00
