3.393274012846405967e+05 1.008845708764982410e+06 6.317377567434196826e+05 3.835759236874494818e+05 2.204199801268361916e+05 1.154925278063149890e+05 5.212365997389507538e+04 1.858048339370958274e+04 4.586272765225241528e+03 6.418176354971581077e+02
1.008845708764982526e+06 1.878017459582826705e+05 4.016898002917848644e+05 2.438963549954913324e+05 1.401538167575896659e+05 7.343580454785804613e+04 3.314277537141822540e+04 1.181438117965041056e+04 2.916176801975147100e+03 4.080990807888488803e+02
6.317377567434197990e+05 4.016898002917848644e+05 1.001855992168839875e+05 1.527275527309023892e+05 8.776412193481819122e+04 4.598539700040440221e+04 2.075395908758170481e+04 7.398148794111311872e+03 1.826105791144467048e+03 2.555510675088354446e+02
3.835759236874495400e+05 2.438963549954913615e+05 1.527275527309024183e+05 5.061998212624929147e+04 5.328825731630053633e+04 2.792122354929660651e+04 1.260130321832882328e+04 4.491977449483028067e+03 1.108767377147172056e+03 1.551644424014178867e+02
2.204199801268361625e+05 1.401538167575896368e+05 8.776412193481819122e+04 5.328825731630053633e+04 2.360250495642314854e+04 1.604479103038728317e+04 7.241275673025662400e+03 2.581292304863299250e+03 6.371476105346088161e+02 8.916446835797898984e+01
1.154925278063149890e+05 7.343580454785806069e+04 4.598539700040439493e+04 2.792122354929660287e+04 1.604479103038728499e+04 9.769301407663593636e+03 3.794180688787237614e+03 1.352508847537797919e+03 3.338435475951500280e+02 4.671913061258558741e+01
5.212365997389508266e+04 3.314277537141823268e+04 2.075395908758170481e+04 1.260130321832882328e+04 7.241275673025663309e+03 3.794180688787237614e+03 3.386563110258010511e+03 6.104092846506226806e+02 1.506690336582709051e+02 2.108510502437242451e+01
1.858048339370958638e+04 1.181438117965041056e+04 7.398148794111312782e+03 4.491977449483028067e+03 2.581292304863299250e+03 1.352508847537797919e+03 6.104092846506226806e+02 9.006649666331215940e+02 5.370888151821724676e+01 7.516192146832819887e+00
4.586272765225241528e+03 2.916176801975147100e+03 1.826105791144467048e+03 1.108767377147171828e+03 6.371476105346088161e+02 3.338435475951500848e+02 1.506690336582709051e+02 5.370888151821723966e+01 1.609762719288360699e+02 1.855242762569323078e+00
6.418176354971581077e+02 4.080990807888488234e+02 2.555510675088354446e+02 1.551644424014178867e+02 8.916446835797898984e+01 4.671913061258558741e+01 2.108510502437242451e+01 7.516192146832819887e+00 1.855242762569323078e+00 1.582105276220224077e+01
