1.104695522593983449e+06 5.531398452704725787e+05 3.388130181709035533e+05 1.964820674095978611e+05 1.051635902101681713e+05 5.011641020880194264e+04 2.022150527382959262e+04 6.432247419713806266e+03 1.458005047632289688e+03 2.039586382573685910e+02
5.531398452704725787e+05 4.801305738514017430e+05 2.153078208776309912e+05 1.248598002634991426e+05 6.682902435702207731e+04 3.184781721351598753e+04 1.285029795749350706e+04 4.087544164509548409e+03 9.265284177361444335e+02 1.296109877637938723e+02
3.388130181709035533e+05 2.153078208776309912e+05 1.989142624389860139e+05 7.647998266117781168e+04 4.093457312363349774e+04 1.950764379845086660e+04 7.871152788215504188e+03 2.503730633628741543e+03 5.675235518077626011e+02 7.939021267016151739e+01
1.964820674095978902e+05 1.248598002634991426e+05 7.647998266117781168e+04 7.689463950649986509e+04 2.373849033098213840e+04 1.131273586977776722e+04 4.564583678261440582e+03 1.451945895667960713e+03 3.291142747843898633e+02 4.603941490126771896e+01
1.051635902101681568e+05 6.682902435702207731e+04 4.093457312363349774e+04 2.373849033098214204e+04 2.704198124530397763e+04 6.054944020336915855e+03 2.443113581556600820e+03 7.771286468655215458e+02 1.761526595380865103e+02 2.464179162009529733e+01
5.011641020880194264e+04 3.184781721351598753e+04 1.950764379845086660e+04 1.131273586977776722e+04 6.054944020336915855e+03 8.410395420643726538e+03 1.164282069443339424e+03 3.703458390255482868e+02 8.394672459488347727e+01 1.174321012286158172e+01
2.022150527382959262e+04 1.285029795749350706e+04 7.871152788215504188e+03 4.564583678261439672e+03 2.443113581556600820e+03 1.164282069443339424e+03 2.239771006344217312e+03 1.494311006274085969e+02 3.387172239678930197e+01 4.738276034571776485e+00
6.432247419713806266e+03 4.087544164509548864e+03 2.503730633628741089e+03 1.451945895667960713e+03 7.771286468655216595e+02 3.703458390255483437e+02 1.494311006274085969e+02 4.861819714146608362e+02 1.077423742880192492e+01 1.507195601145973729e+00
1.458005047632289234e+03 9.265284177361444335e+02 5.675235518077624874e+02 3.291142747843898633e+02 1.761526595380865103e+02 8.394672459488349148e+01 3.387172239678930197e+01 1.077423742880192492e+01 7.841094992806638686e+01 3.416377901610300749e-01
2.039586382573685626e+02 1.296109877637938723e+02 7.939021267016151739e+01 4.603941490126771896e+01 2.464179162009529733e+01 1.174321012286158172e+01 4.738276034571776485e+00 1.507195601145973951e+00 3.416377901610300749e-01 8.006054545382799148e+00
