5.747387413179134019e+05 2.611695601227526786e+05 1.499548073015057307e+05 7.975080681994243059e+04 3.824745310224803688e+04 1.596028771108594992e+04 5.523931473051849025e+03 1.486446850779263514e+03 2.850981927371661300e+02 3.462165606036770527e+01
2.611695601227526786e+05 2.345970069849478314e+05 9.111997494492190890e+04 4.846054388012603886e+04 2.324104862724812847e+04 9.698262046536561684e+03 3.356614612627333827e+03 9.032387973240025758e+02 1.732397956860449995e+02 2.103783459525496013e+01
1.499548073015057307e+05 9.111997494492190890e+04 8.944581577548640780e+04 2.782441995098869666e+04 1.334423110697080119e+04 5.568416991874392806e+03 1.927255600481826150e+03 5.186094418365750016e+02 9.946848387248144263e+01 1.207921945915003192e+01
7.975080681994243059e+04 4.846054388012603886e+04 2.782441995098869666e+04 3.142344308205896232e+04 7.096892832738206380e+03 2.961463895712001431e+03 1.024976737008783630e+03 2.758132410369985337e+02 5.290055040407612807e+01 6.424118805911004593e+00
3.824745310224803688e+04 2.324104862724812847e+04 1.334423110697079755e+04 7.096892832738206380e+03 1.003558867109847415e+04 1.420279693482946868e+03 4.915655557961786144e+02 1.322764548998107443e+02 2.537041819816501231e+01 3.080924100330351578e+00
1.596028771108594992e+04 9.698262046536563503e+03 5.568416991874391897e+03 2.961463895712001886e+03 1.420279693482946641e+03 2.865801105987391566e+03 2.051254936738716879e+02 5.519766955356767824e+01 1.058682712050923058e+01 1.285639462733294325e+00
5.523931473051849025e+03 3.356614612627333827e+03 1.927255600481826150e+03 1.024976737008783630e+03 4.915655557961786144e+02 2.051254936738716879e+02 7.088861400006439908e+02 1.910417591496677048e+01 3.664151210138852033e+00 4.449659316765979256e-01
1.486446850779263741e+03 9.032387973240025758e+02 5.186094418365750016e+02 2.758132410369985337e+02 1.322764548998107443e+02 5.519766955356767113e+01 1.910417591496677048e+01 1.424721757019603388e+02 9.859944957066634208e-01 1.197368597114984029e-01
2.850981927371661868e+02 1.732397956860449995e+02 9.946848387248144263e+01 5.290055040407612807e+01 2.537041819816501587e+01 1.058682712050923058e+01 3.664151210138852477e+00 9.859944957066634208e-01 2.097521455091965947e+01 2.296534335544909294e-02
3.462165606036770527e+01 2.103783459525496013e+01 1.207921945915003192e+01 6.424118805911004593e+00 3.080924100330351578e+00 1.285639462733294547e+00 4.449659316765979256e-01 1.197368597114983890e-01 2.296534335544909641e-02 1.966758479113639879e+00
