7.561676586370203877e+05 3.809974347199707408e+05 2.365825675157060905e+05 1.394081312629011809e+05 7.652316858748733648e+04 3.819235208910747315e+04 1.677683978629170451e+04 6.209670702552363764e+03 1.827494015379445955e+03 3.953884808045457362e+02
3.809974347199706826e+05 3.395288795748731936e+05 1.526732719382440846e+05 8.996392151036384166e+04 4.938251642973628623e+04 2.464658075905938313e+04 1.082655856622581632e+04 4.007272191577621015e+03 1.179332415339591762e+03 2.551551185068363168e+02
2.365825675157060905e+05 1.526732719382440846e+05 1.451843282683833386e+05 5.586361900401452294e+04 3.066436007875084761e+04 1.530443731398653654e+04 6.722814353958709034e+03 2.488338916283077197e+03 7.323133054179456849e+02 1.584400511659335677e+02
1.394081312629011809e+05 8.996392151036382711e+04 5.586361900401452294e+04 5.835221287010844389e+04 1.806921439665062280e+04 9.018259580057334460e+03 3.961471023644092384e+03 1.466273199713867371e+03 4.315213520560702136e+02 9.336204134641026542e+01
7.652316858748733648e+04 4.938251642973628623e+04 3.066436007875084033e+04 1.806921439665062280e+04 2.174302580441481041e+04 4.950254995592920750e+03 2.174509565909622779e+03 8.048588718646577718e+02 2.368684012427808341e+02 5.124779426352262135e+01
3.819235208910747315e+04 2.464658075905937949e+04 1.530443731398653472e+04 9.018259580057336279e+03 4.950254995592920750e+03 7.410102377338957012e+03 1.085287456012797747e+03 4.017012622935637296e+02 1.182199005351630632e+02 2.557753211780413594e+01
1.677683978629170451e+04 1.082655856622581632e+04 6.722814353958709034e+03 3.961471023644092384e+03 2.174509565909622779e+03 1.085287456012797747e+03 2.270625685314938892e+03 1.764562104927890118e+02 5.193071969493672668e+01 1.123549964841032356e+01
6.209670702552363764e+03 4.007272191577620561e+03 2.488338916283077197e+03 1.466273199713867371e+03 8.048588718646577718e+02 4.017012622935636728e+02 1.764562104927889834e+02 6.073677712480382525e+02 1.922129988483283825e+01 4.158634992287330689e+00
1.827494015379445955e+03 1.179332415339591762e+03 7.323133054179456849e+02 4.315213520560702136e+02 2.368684012427808341e+02 1.182199005351630632e+02 5.193071969493672668e+01 1.922129988483283825e+01 1.342037101444817893e+02 1.223878193320116381e+00
3.953884808045457362e+02 2.551551185068363168e+02 1.584400511659335962e+02 9.336204134641026542e+01 5.124779426352261424e+01 2.557753211780413949e+01 1.123549964841032534e+01 4.158634992287330689e+00 1.223878193320116381e+00 2.237680662940758225e+01
