1.349211805559672881e+06 6.973523496985353995e+05 4.202343965968842967e+05 2.394151403164470976e+05 1.256420775044232723e+05 5.852324034549476346e+04 2.296486965972440885e+04 7.051158349298477333e+03 1.524621887336566488e+03 1.998425820497062091e+02
6.973523496985353995e+05 5.628091344950892963e+05 2.628820351346543757e+05 1.497686525380038365e+05 7.859671959359468019e+04 3.660982691870454437e+04 1.436591512174944182e+04 4.410926073475149678e+03 9.537432152141113875e+02 1.250136235901362056e+02
4.202343965968842967e+05 2.628820351346544339e+05 2.232225708171389124e+05 9.025270991865798715e+04 4.736349572377175355e+04 2.206159989472892266e+04 8.657103794602888229e+03 2.658086486295791019e+03 5.747391612391324998e+02 7.533497907980338937e+01
2.394151403164470976e+05 1.497686525380038365e+05 9.025270991865798715e+04 8.227604839000223728e+04 2.698384060517984472e+04 1.256889268745070876e+04 4.932108691014904252e+03 1.514359972061546614e+03 3.274393006563427662e+02 4.291970084597654278e+01
1.256420775044232723e+05 7.859671959359468019e+04 4.736349572377174627e+04 2.698384060517984472e+04 2.746357714257128828e+04 6.595998010377189530e+03 2.588309083534446472e+03 7.947172126535821235e+02 1.718360582237253595e+02 2.252372332438658020e+01
5.852324034549477074e+04 3.660982691870454437e+04 2.206159989472892266e+04 1.256889268745070694e+04 6.595998010377189530e+03 8.072047576677145116e+03 1.205617079825673500e+03 3.701739685193432479e+02 8.004008796412547611e+01 1.049139985401861708e+01
2.296486965972441249e+04 1.436591512174944182e+04 8.657103794602888229e+03 4.932108691014905162e+03 2.588309083534446927e+03 1.205617079825673272e+03 2.026932567770478272e+03 1.452584800206482498e+02 3.140820940189994204e+01 4.116888073408547122e+00
7.051158349298477333e+03 4.410926073475150588e+03 2.658086486295791019e+03 1.514359972061546614e+03 7.947172126535821235e+02 3.701739685193432479e+02 1.452584800206482214e+02 4.152643877116670978e+02 9.643610490379735722e+00 1.264053754367807203e+00
1.524621887336566488e+03 9.537432152141113875e+02 5.747391612391323861e+02 3.274393006563428230e+02 1.718360582237253311e+02 8.004008796412546189e+01 3.140820940189994204e+01 9.643610490379735722e+00 6.312891980736915798e+01 2.733173650639767471e-01
1.998425820497061522e+02 1.250136235901362056e+02 7.533497907980338937e+01 4.291970084597654278e+01 2.252372332438658020e+01 1.049139985401861708e+01 4.116888073408547122e+00 1.264053754367807425e+00 2.733173650639766916e-01 6.006751950489027436e+00
