3.924089916720291949e+05 1.532986217429554556e+06 9.485584373154073255e+05 5.797880161817084299e+05 3.430919797015396180e+05 1.900139519999185286e+05 9.317887101663251815e+04 3.697559156009529397e+04 1.028103568397280833e+04 1.592076913829101386e+03
1.532986217429554556e+06 2.149987356807089527e+05 5.873491259618877666e+05 3.590058041245066561e+05 2.124431837563497538e+05 1.176569879485520796e+05 5.769652801215524960e+04 2.289535418208964620e+04 6.366036171745647152e+03 9.858169481346236580e+02
9.485584373154072091e+05 5.873491259618877666e+05 1.148343013360333716e+05 2.221402780244838505e+05 1.314524371524515736e+05 7.280204307045234600e+04 3.570060045386515412e+04 1.416684712349262372e+04 3.939081287429707118e+03 6.099891657014151178e+02
5.797880161817083135e+05 3.590058041245066561e+05 2.221402780244839087e+05 5.890337076699937461e+04 8.034776220490074775e+04 4.449884210112991423e+04 2.182130219854834286e+04 8.659211563734319498e+03 2.407687323599187039e+03 3.728440909505728200e+02
3.430919797015396180e+05 2.124431837563497538e+05 1.314524371524515736e+05 8.034776220490076230e+04 2.834637668892283909e+04 2.633237563523229255e+04 1.291284669916174607e+04 5.124124602680604767e+03 1.424759027956617729e+03 2.206320477727194316e+02
1.900139519999185286e+05 1.176569879485520796e+05 7.280204307045233145e+04 4.449884210112991423e+04 2.633237563523228891e+04 1.233731232937938148e+04 7.151496327635712078e+03 2.837883785981677647e+03 7.890714722772183904e+02 1.221922102976548246e+02
9.317887101663253270e+04 5.769652801215524960e+04 3.570060045386515412e+04 2.182130219854834286e+04 1.291284669916174789e+04 7.151496327635712078e+03 4.584063192598851856e+03 1.391638900570274473e+03 3.869441594386435668e+02 5.992050627191468948e+01
3.697559156009529397e+04 2.289535418208964620e+04 1.416684712349262372e+04 8.659211563734319498e+03 5.124124602680604767e+03 2.837883785981677647e+03 1.391638900570274473e+03 1.326717187315519823e+03 1.535486429473241401e+02 2.377788163573005420e+01
1.028103568397280833e+04 6.366036171745647152e+03 3.939081287429707572e+03 2.407687323599186584e+03 1.424759027956617729e+03 7.890714722772185041e+02 3.869441594386436236e+02 1.535486429473241685e+02 2.586961034193782893e+02 6.611422272687835999e+00
1.592076913829101159e+03 9.858169481346237717e+02 6.099891657014151178e+02 3.728440909505728200e+02 2.206320477727194316e+02 1.221922102976548103e+02 5.992050627191468948e+01 2.377788163573005775e+01 6.611422272687835999e+00 2.699429622634494663e+01
