4.200239871724090335e+04 3.718627249503674102e+04 2.171635737331075870e+04 1.193648701898149557e+04 6.092830870289621089e+03 2.842087407835782415e+03 1.187710596528583665e+03 4.339114201508869542e+02 1.344840869924471178e+02 3.405102798803842035e+01
3.718627249503674102e+04 2.301019053840615015e+04 1.333223597912443074e+04 7.328119489063059518e+03 3.740547162086570552e+03 1.744831296667319293e+03 7.291663917488585867e+02 2.663894937830764889e+02 8.256327488071063669e+01 2.090481072236509164e+01
2.171635737331075870e+04 1.333223597912443256e+04 1.192816040448440253e+04 4.279537878394702602e+03 2.184436715307705072e+03 1.018961499828252045e+03 4.258248241992848762e+02 1.555684143459326094e+02 4.821600722308782139e+01 1.220817011247608264e+01
1.193648701898149557e+04 7.328119489063059518e+03 4.279537878394702602e+03 5.788524722769911023e+03 1.200684813195346123e+03 5.600764670823598408e+02 2.340564026940185443e+02 8.550883218959756960e+01 2.650213083308472761e+01 6.710271965416295892e+00
6.092830870289621998e+03 3.740547162086571007e+03 2.184436715307705072e+03 1.200684813195346123e+03 2.594216708520563770e+03 2.858840446888305564e+02 1.194711704922322610e+02 4.364691651896501412e+01 1.352768202332038072e+01 3.425174602369397192e+00
2.842087407835782415e+03 1.744831296667319521e+03 1.018961499828252045e+03 5.600764670823599545e+02 2.858840446888305564e+02 1.056447111311033041e+03 5.572902259787081647e+01 2.035972349639724399e+01 6.310179217867861290e+00 1.597721291510306063e+00
1.187710596528583665e+03 7.291663917488585867e+02 4.258248241992849330e+02 2.340564026940185443e+02 1.194711704922322610e+02 5.572902259787080936e+01 3.831807063870223828e+02 8.508344701993841852e+00 2.637028932464541509e+00 6.676890031581219631e-01
4.339114201508868973e+02 2.663894937830764889e+02 1.555684143459325810e+02 8.550883218959756960e+01 4.364691651896501412e+01 2.035972349639724399e+01 8.508344701993841852e+00 1.207723102047089299e+02 9.633971208213675252e-01 2.439296950168267364e-01
1.344840869924471178e+02 8.256327488071065090e+01 4.821600722308782139e+01 2.650213083308472761e+01 1.352768202332037895e+01 6.310179217867861290e+00 2.637028932464541064e+00 9.633971208213675252e-01 3.209406093085305400e+01 7.560221003926707872e-02
3.405102798803842745e+01 2.090481072236509164e+01 1.220817011247608264e+01 6.710271965416295004e+00 3.425174602369397192e+00 1.597721291510306063e+00 6.676890031581219631e-01 2.439296950168267364e-01 7.560221003926707872e-02 6.923178639792197053e+00
