4.981534619232506884e+03 6.167700540072511330e+02 3.801796885550938896e+02 2.259792026613182259e+02 1.289154877213513828e+02 7.024670528751208565e+01 3.635666865546887294e+01 1.776598285691591173e+01 8.135267489019456733e+00 3.463281418328730155e+00
6.167700540072511330e+02 2.766897694045087519e+03 2.421608050472356979e+02 1.439406346203763860e+02 8.211453486194193374e+01 4.474462791263684380e+01 2.315789195342056317e+01 1.131629290201463967e+01 5.181873160827913161e+00 2.205985857779672266e+00
3.801796885550938896e+02 2.421608050472356695e+02 1.505906577862147969e+03 8.872562032616758643e+01 5.061574907346661689e+01 2.758077924473915488e+01 1.427462324612218936e+01 6.975411148991298660e+00 3.194128689640295615e+00 1.359779079607774888e+00
2.259792026613182543e+02 1.439406346203763292e+02 8.872562032616758643e+01 7.989672715477179281e+02 3.008605394254193044e+01 1.639404389590575306e+01 8.484850918020432786e+00 4.146191648677448605e+00 1.898593418353948792e+00 8.082541005100968290e-01
1.289154877213513828e+02 8.211453486194193374e+01 5.061574907346661689e+01 3.008605394254192689e+01 4.103863051452989339e+02 9.352392342641454803e+00 4.840395405673299400e+00 2.365298718999955252e+00 1.083100097837203402e+00 4.610887654391969126e-01
7.024670528751208565e+01 4.474462791263685091e+01 2.758077924473915488e+01 1.639404389590575661e+01 9.352392342641454803e+00 2.026471998370315077e+02 2.637556088468680393e+00 1.288863308570493249e+00 5.901867550165910137e-01 2.512496146871073255e-01
3.635666865546887294e+01 2.315789195342056317e+01 1.427462324612218758e+01 8.484850918020432786e+00 4.840395405673299400e+00 2.637556088468680393e+00 9.545286560418081478e+01 6.670601284444717116e-01 3.054552410559685516e-01 1.300359775395368844e-01
1.776598285691591173e+01 1.131629290201463967e+01 6.975411148991298660e+00 4.146191648677448605e+00 2.365298718999955252e+00 1.288863308570493249e+00 6.670601284444717116e-01 4.255322181978382190e+01 1.492631964600846795e-01 6.354314168996902379e-02
8.135267489019458509e+00 5.181873160827913161e+00 3.194128689640295615e+00 1.898593418353948792e+00 1.083100097837203402e+00 5.901867550165910137e-01 3.054552410559685516e-01 1.492631964600846517e-01 1.779269643350889396e+01 2.909720553621542027e-02
3.463281418328730599e+00 2.205985857779672266e+00 1.359779079607774888e+00 8.082541005100968290e-01 4.610887654391968016e-01 2.512496146871073255e-01 1.300359775395368844e-01 6.354314168996902379e-02 2.909720553621542027e-02 6.914888011802410084e+00
