1.737359024043524114e+05 4.900956545120224473e+05 3.092288963559325784e+05 1.863746951209100371e+05 1.055037003311056615e+05 5.487232619903279556e+04 2.545352314257834951e+04 1.011871081755720843e+04 3.268715710695114467e+03 7.981771092671522183e+02
4.900956545120225055e+05 9.950346345372762880e+04 2.017498894620531355e+05 1.215962498404010257e+05 6.883367023739592696e+04 3.580029510708500311e+04 1.660661581420953735e+04 6.601740047575869539e+03 2.132604815031750150e+03 5.207538670009539601e+02
3.092288963559325784e+05 2.017498894620531355e+05 5.452260000778210815e+04 7.672190886206903087e+04 4.343103164387676225e+04 2.258841849190282664e+04 1.047804736311739725e+04 4.165408875076180266e+03 1.345580249986563331e+03 3.285728858912762007e+02
1.863746951209100371e+05 1.215962498404010403e+05 7.672190886206903087e+04 2.821958925623393225e+04 2.617622536833413687e+04 1.361421800906398312e+04 6.315201799626367574e+03 2.510524786961302652e+03 8.109918309940393328e+02 1.980334702048595261e+02
1.055037003311056324e+05 6.883367023739591241e+04 4.343103164387676225e+04 2.617622536833413687e+04 1.355940129769468695e+04 7.706788607427634815e+03 3.574933591526435066e+03 1.421167474616361687e+03 4.590893578801632771e+02 1.121035443275601438e+02
5.487232619903279556e+04 3.580029510708500311e+04 2.258841849190282664e+04 1.361421800906398312e+04 7.706788607427634815e+03 5.914258759353614550e+03 1.859317934427775981e+03 7.391472053195178660e+02 2.387717295321979805e+02 5.830489578189703792e+01
2.545352314257834223e+04 1.660661581420953735e+04 1.047804736311739725e+04 6.315201799626365755e+03 3.574933591526435066e+03 1.859317934427775981e+03 2.272251987529374219e+03 3.428668292306529679e+02 1.107585948041762549e+02 2.704578276355802657e+01
1.011871081755721025e+04 6.601740047575871358e+03 4.165408875076181175e+03 2.510524786961302198e+03 1.421167474616361687e+03 7.391472053195180933e+02 3.428668292306529111e+02 7.386073025576162081e+02 4.403061160157053422e+01 1.075169252939793196e+01
3.268715710695114012e+03 2.132604815031749695e+03 1.345580249986563558e+03 8.109918309940393328e+02 4.590893578801632771e+02 2.387717295321979805e+02 1.107585948041762549e+02 4.403061160157052711e+01 1.925272500321597420e+02 3.473192081586791158e+00
7.981771092671523320e+02 5.207538670009539601e+02 3.285728858912762007e+02 1.980334702048595830e+02 1.121035443275601153e+02 5.830489578189703792e+01 2.704578276355803013e+01 1.075169252939793196e+01 3.473192081586791158e+00 3.742087629167081531e+01
