2.361673028022130951e+06 1.234563747259453405e+06 7.711054239931661868e+05 4.772149440556901973e+05 2.872318204834109056e+05 1.628836188400824612e+05 8.255467477048102592e+04 3.431187028847256443e+04 1.017944684027078438e+04 1.726746743634823133e+03
1.234563747259453405e+06 9.824032608912633732e+05 4.810374556634057080e+05 2.977002305396026932e+05 1.791833643127538962e+05 1.016114258026222960e+05 5.149994990187497751e+04 2.140471882190510223e+04 6.350227939971211526e+03 1.077193642124513872e+03
7.711054239931661868e+05 4.810374556634055916e+05 4.154690933339648182e+05 1.859428182649042283e+05 1.119174805008029216e+05 6.346624202274966956e+04 3.216673970288418059e+04 1.336933375798449015e+04 3.966336464175853507e+03 6.728124505332673380e+02
4.772149440556901973e+05 2.977002305396026932e+05 1.859428182649042283e+05 1.751126600574870536e+05 6.926250618166808272e+04 3.927742977019934915e+04 1.990706900785833932e+04 8.273895712390893095e+03 2.454651432816919623e+03 4.163842529838702262e+02
2.872318204834109056e+05 1.791833643127538962e+05 1.119174805008029361e+05 6.926250618166808272e+04 7.121904144840396475e+04 2.364076774487414150e+04 1.198190405149752405e+04 4.979991003137125517e+03 1.477434871817296198e+03 2.506183188413001233e+02
1.628836188400824612e+05 1.016114258026222815e+05 6.346624202274966956e+04 3.927742977019934915e+04 2.364076774487414150e+04 2.662377042369571791e+04 6.794706412464772256e+03 2.824056732352451490e+03 8.378247859764314853e+02 1.421208090795296641e+02
8.255467477048102592e+04 5.149994990187497751e+04 3.216673970288418059e+04 1.990706900785833568e+04 1.198190405149752405e+04 6.794706412464772256e+03 8.537915788084877931e+03 1.431323092726946697e+03 4.246366406485541916e+02 7.203141270576314525e+01
3.431187028847255715e+04 2.140471882190510223e+04 1.336933375798449015e+04 8.273895712390893095e+03 4.979991003137124608e+03 2.824056732352451490e+03 1.431323092726946925e+03 2.143207844206771369e+03 1.764900337161249695e+02 2.993812883797250635e+01
1.017944684027078438e+04 6.350227939971211526e+03 3.966336464175853507e+03 2.454651432816919623e+03 1.477434871817296198e+03 8.378247859764313716e+02 4.246366406485542484e+02 1.764900337161249695e+02 3.750266299336961993e+02 8.881870572520325524e+00
1.726746743634823133e+03 1.077193642124513644e+03 6.728124505332673380e+02 4.163842529838702262e+02 2.506183188413001233e+02 1.421208090795296641e+02 7.203141270576314525e+01 2.993812883797250635e+01 8.881870572520325524e+00 3.841691079411813803e+01
