3.145301448520804988e+05 1.119089324538339395e+06 6.892703319740400184e+05 4.094783429432374542e+05 2.287897778523434827e+05 1.157102398366188718e+05 4.999407302834009897e+04 1.691286472618036714e+04 3.929401430379449721e+03 5.142718178874717978e+02
1.119089324538339395e+06 1.713741199552023609e+05 4.328707898667339468e+05 2.571577587497793720e+05 1.436829749638905341e+05 7.266754506943278830e+04 3.139693219995986146e+04 1.062150040893773985e+04 2.467715527520904288e+03 3.229694325847400478e+02
6.892703319740400184e+05 4.328707898667339468e+05 8.971377100883497042e+04 1.583887986924389552e+05 8.849732517396165349e+04 4.475744859277358773e+04 1.933802191291598501e+04 6.542002458964660946e+03 1.519917189428567326e+03 1.989235739577680704e+02
4.094783429432374542e+05 2.571577587497793720e+05 1.583887986924389552e+05 4.430023140363923449e+04 5.257405750129905209e+04 2.658928584906265314e+04 1.148823734516849618e+04 3.886440779708947957e+03 9.029449597166078547e+02 1.181755425382812348e+02
2.287897778523434827e+05 1.436829749638905341e+05 8.849732517396165349e+04 5.257405750129904482e+04 2.008845619467265351e+04 1.485635786970738627e+04 6.418877372668395765e+03 2.171489501092267346e+03 5.045067225328032805e+02 6.602878171913843630e+01
1.157102398366188718e+05 7.266754506943277374e+04 4.475744859277358773e+04 2.658928584906265314e+04 1.485635786970738809e+04 8.039686407103692545e+03 3.246341891868305993e+03 1.098229008886257134e+03 2.551538552615420201e+02 3.339400143030912460e+01
4.999407302834011352e+04 3.139693219995985419e+04 1.933802191291598865e+04 1.148823734516849254e+04 6.418877372668395765e+03 3.246341891868306902e+03 2.676968596995580356e+03 4.745037375225050482e+02 1.102424512421682579e+02 1.442830080183638231e+01
1.691286472618036714e+04 1.062150040893773985e+04 6.542002458964660946e+03 3.886440779708948412e+03 2.171489501092267346e+03 1.098229008886257134e+03 4.745037375225050482e+02 6.789810142383975062e+02 3.729473419547932878e+01 4.881056591483729612e+00
3.929401430379449721e+03 2.467715527520903834e+03 1.519917189428567326e+03 9.029449597166078547e+02 5.045067225328032805e+02 2.551538552615419917e+02 1.102424512421682579e+02 3.729473419547932167e+01 1.149628866673021435e+02 1.134026142989838615e+00
5.142718178874717978e+02 3.229694325847399909e+02 1.989235739577680704e+02 1.181755425382812348e+02 6.602878171913843630e+01 3.339400143030912460e+01 1.442830080183638053e+01 4.881056591483729612e+00 1.134026142989838615e+00 1.065000570478098396e+01
