5.971254389609948703e+04 7.343155575256781594e+04 4.190897098188615928e+04 2.233231858168091276e+04 1.092891018122358037e+04 4.809078740313851085e+03 1.853675518180045401e+03 6.057122230527288593e+02 1.609163211287616662e+02 3.297700972073560877e+01
7.343155575256781594e+04 3.178400398671965377e+04 2.527395599665126065e+04 1.346790493568921738e+04 6.590875140575148180e+03 2.900201117313454688e+03 1.117892240752022417e+03 3.652856110135753056e+02 9.704347122025870931e+01 1.988737668942646408e+01
4.190897098188615200e+04 2.527395599665126429e+04 1.590759714960308338e+04 7.686423518500264436e+03 3.761554445915980978e+03 1.655207263709281733e+03 6.380051872578488883e+02 2.084763684382807014e+02 5.538479986799283239e+01 1.135015435858946375e+01
2.233231858168091276e+04 1.346790493568921738e+04 7.686423518500264436e+03 7.384581457546006277e+03 2.004445117128791026e+03 8.820215592467017132e+02 3.399781661249945728e+02 1.110922212508601064e+02 2.951327523095838501e+01 6.048233997366120995e+00
1.092891018122358037e+04 6.590875140575148180e+03 3.761554445915981432e+03 2.004445117128791026e+03 3.126860440450111582e+03 4.316405555318039546e+02 1.663772987819122022e+02 5.436591384108237435e+01 1.444310105881523931e+01 2.959863118129578030e+00
4.809078740313851995e+03 2.900201117313454688e+03 1.655207263709281733e+03 8.820215592467019405e+02 4.316405555318040115e+02 1.182217335495140560e+03 7.321146547782861091e+01 2.392278425895273841e+01 6.355437925135960064e+00 1.302436799241988297e+00
1.853675518180045628e+03 1.117892240752022417e+03 6.380051872578487746e+02 3.399781661249945728e+02 1.663772987819122022e+02 7.321146547782861091e+01 3.887397359036146440e+02 9.221117370315630168e+00 2.449724848624263984e+00 5.020286294114808534e-01
6.057122230527288593e+02 3.652856110135753056e+02 2.084763684382807014e+02 1.110922212508601064e+02 5.436591384108237435e+01 2.392278425895273841e+01 9.221117370315630168e+00 1.075668758564090979e+02 8.004789777795348060e-01 1.640442861626050242e-01
1.609163211287616662e+02 9.704347122025870931e+01 5.538479986799283239e+01 2.951327523095838856e+01 1.444310105881524109e+01 6.355437925135959176e+00 2.449724848624263984e+00 8.004789777795346950e-01 2.401609472471691475e+01 4.358076661956723080e-02
3.297700972073561587e+01 1.988737668942646408e+01 1.135015435858946375e+01 6.048233997366120995e+00 2.959863118129578474e+00 1.302436799241988297e+00 5.020286294114808534e-01 1.640442861626050242e-01 4.358076661956723080e-02 4.104067508611925597e+00
