1.509319643168715294e+06 7.939012468995272648e+05 4.933471452981216135e+05 2.930668482018596260e+05 1.625264935234101140e+05 8.137417455564643024e+04 3.504615600346538122e+04 1.211821072034163444e+04 3.045437295722409999e+03 4.821409075506294357e+02
7.939012468995272648e+05 6.565067530702811200e+05 3.155490217799979728e+05 1.874480437306709646e+05 1.039533248209118901e+05 5.204761276904221450e+04 2.241581885988225986e+04 7.750910438970867290e+03 1.947887544736519658e+03 3.083814169955040256e+02
4.933471452981216135e+05 3.155490217799979728e+05 2.749290872507309541e+05 1.164842071068663354e+05 6.459881029905431205e+04 3.234349521362910309e+04 1.392966730715093036e+04 4.816580844861202422e+03 1.210458811231904974e+03 1.916347811920940387e+02
2.930668482018596260e+05 1.874480437306709355e+05 1.164842071068663354e+05 1.084536559310675511e+05 3.837413454676729452e+04 1.921325843765109312e+04 8.274748791219471968e+03 2.861231043426689666e+03 7.190582778613978689e+02 1.138383020254071880e+02
1.625264935234101140e+05 1.039533248209118901e+05 6.459881029905431205e+04 3.837413454676730180e+04 3.919616634986904683e+04 1.065512371047736451e+04 4.588939056312694447e+03 1.586756917412117673e+03 3.987691588347090601e+02 6.313146700272510259e+01
8.137417455564643024e+04 5.204761276904221450e+04 3.234349521362909582e+04 1.921325843765109312e+04 1.065512371047736269e+04 1.257460667983501480e+04 2.297601576815077806e+03 7.944614541030178998e+02 1.996567478627718515e+02 3.160882207240765851e+01
3.504615600346538122e+04 2.241581885988225986e+04 1.392966730715093399e+04 8.274748791219471968e+03 4.588939056312693538e+03 2.297601576815077806e+03 3.456212712977081537e+03 3.421579415247334168e+02 8.598798784690995944e+01 1.361325894221942789e+01
1.211821072034163444e+04 7.750910438970867290e+03 4.816580844861203332e+03 2.861231043426689666e+03 1.586756917412117900e+03 7.944614541030178998e+02 3.421579415247334168e+02 7.792184386864475982e+02 2.973280596148675770e+01 4.707173603749237323e+00
3.045437295722409999e+03 1.947887544736519203e+03 1.210458811231904974e+03 7.190582778613978689e+02 3.987691588347090601e+02 1.996567478627718515e+02 8.598798784690995944e+01 2.973280596148675770e+01 1.334523614681934305e+02 1.182963589355198630e+00
4.821409075506294357e+02 3.083814169955040256e+02 1.916347811920940671e+02 1.138383020254071880e+02 6.313146700272510259e+01 3.160882207240765851e+01 1.361325894221942967e+01 4.707173603749237323e+00 1.182963589355198630e+00 1.498642221148108611e+01
