1.322209409143285593e+05 2.285941626809976588e+05 1.419592020826337975e+05 8.350422276690915169e+04 4.574036963604559423e+04 2.281110021646748282e+04 1.005712598479158987e+04 3.771467939903634942e+03 1.143304314842262556e+03 2.619526870588480847e+02
2.285941626809976588e+05 7.507922741389757721e+04 9.183211834236701543e+04 5.401812319820207631e+04 2.958902963540114069e+04 1.475629352564877627e+04 6.505863445765715369e+03 2.439728352235099919e+03 7.395931760789841292e+02 1.694548138139468278e+02
1.419592020826338266e+05 9.183211834236700088e+04 4.054665838707799412e+04 3.354578077271099028e+04 1.837507567200061385e+04 9.163802041268701942e+03 4.040204582600432786e+03 1.515095075568454831e+03 4.592945677639613677e+02 1.052330902764948348e+02
8.350422276690915169e+04 5.401812319820207631e+04 3.354578077271098300e+04 2.054184410006547841e+04 1.080871398093930475e+04 5.390394957281667303e+03 2.376557056815307988e+03 8.912196944420018099e+02 2.701694243101475195e+02 6.190093550810165368e+01
4.574036963604560151e+04 2.958902963540113342e+04 1.837507567200061385e+04 1.080871398093930293e+04 9.594695477893936186e+03 2.952648975831738426e+03 1.301785641946744818e+03 4.881755305296359211e+02 1.479883163130386379e+02 3.390692802280172913e+01
2.281110021646748646e+04 1.475629352564877263e+04 9.163802041268701942e+03 5.390394957281667303e+03 2.952648975831738426e+03 4.038278917351638938e+03 6.492112541959968439e+02 2.434571700829270355e+02 7.380299593431226413e+01 1.690966512328227367e+01
1.005712598479158987e+04 6.505863445765715369e+03 4.040204582600432786e+03 2.376557056815307988e+03 1.301785641946745045e+03 6.492112541959968439e+02 1.486688775696655057e+03 1.073371914633585931e+02 3.253880878707497715e+01 7.455257786413866938e+00
3.771467939903634942e+03 2.439728352235099919e+03 1.515095075568454604e+03 8.912196944420018099e+02 4.881755305296359211e+02 2.434571700829270355e+02 1.073371914633585931e+02 4.604570102382431855e+02 1.220220113864378852e+01 2.795755543650923158e+00
1.143304314842262556e+03 7.395931760789841292e+02 4.592945677639613677e+02 2.701694243101475763e+02 1.479883163130386379e+02 7.380299593431226413e+01 3.253880878707497004e+01 1.220220113864378852e+01 1.139898955951277486e+02 8.475212907104674454e-01
2.619526870588480847e+02 1.694548138139468278e+02 1.052330902764948348e+02 6.190093550810165368e+01 3.390692802280172202e+01 1.690966512328227367e+01 7.455257786413865162e+00 2.795755543650923158e+00 8.475212907104674454e-01 2.108145624777083071e+01
