1.864933068396381801e+06 9.868394354532309808e+05 6.017473727509281598e+05 3.509676149783946457e+05 1.906907762527526065e+05 9.281361860278557288e+04 3.819765018188142858e+04 1.220632493964436253e+04 2.670311807757101178e+03 3.318139647513800128e+02
9.868394354532309808e+05 7.743639939615377225e+05 3.767771099948494229e+05 2.197542850396110443e+05 1.193988089233012288e+05 5.811416645735209750e+04 2.391701384308423440e+04 7.642848216174723348e+03 1.671984642180210813e+03 2.077614499975644833e+02
6.017473727509281598e+05 3.767771099948493647e+05 3.107349727781912079e+05 1.340000803804639145e+05 7.280608881037331594e+04 3.543641014838535193e+04 1.458393303619208564e+04 4.660397293816112324e+03 1.019529955498545860e+03 1.266871815246613551e+02
3.509676149783946457e+05 2.197542850396110443e+05 1.340000803804639145e+05 1.174423735116513853e+05 4.246396495071776735e+04 2.066819551918983416e+04 8.506041615632560934e+03 2.718164793283483050e+03 5.946382370471288823e+02 7.388997436711575517e+01
1.906907762527525774e+05 1.193988089233012288e+05 7.280608881037330138e+04 4.246396495071776735e+04 4.044606799936538300e+04 1.122962370058158376e+04 4.621576491104576235e+03 1.476856930078971118e+03 3.230840173645812570e+02 4.014654335052730261e+01
9.281361860278557288e+04 5.811416645735209750e+04 3.543641014838535193e+04 2.066819551918983052e+04 1.122962370058158376e+04 1.219377174700050273e+04 2.249428347915639279e+03 7.188204827356024680e+02 1.572524762528945246e+02 1.954025273785234518e+01
3.819765018188142858e+04 2.391701384308423803e+04 1.458393303619208564e+04 8.506041615632560934e+03 4.621576491104575325e+03 2.249428347915639279e+03 3.077010586405969661e+03 2.958321608019021483e+02 6.471760468525042143e+01 8.041834267235795863e+00
1.220632493964436253e+04 7.642848216174722438e+03 4.660397293816112324e+03 2.718164793283483050e+03 1.476856930078971345e+03 7.188204827356024680e+02 2.958321608019021483e+02 6.156120141139551833e+02 2.068096095812528290e+01 2.569824104604436332e+00
2.670311807757101178e+03 1.671984642180210813e+03 1.019529955498545860e+03 5.946382370471289960e+02 3.230840173645812570e+02 1.572524762528945246e+02 6.471760468525042143e+01 2.068096095812528290e+01 8.875569092850646769e+01 5.621865454438723653e-01
3.318139647513800128e+02 2.077614499975644549e+02 1.266871815246613409e+02 7.388997436711575517e+01 4.014654335052730261e+01 1.954025273785234518e+01 8.041834267235795863e+00 2.569824104604435888e+00 5.621865454438722542e-01 7.603630784495593709e+00
