7.762477591701026540e+05 3.884431766278451541e+05 2.381847355673038983e+05 1.381671531214918068e+05 7.431061528512532823e+04 3.606946075675404427e+04 1.523866784619832470e+04 5.336907464524936586e+03 1.450557343942273519e+03 2.797916495228257645e+02
3.884431766278451541e+05 3.414378376529009547e+05 1.520693682395390642e+05 8.821300675124011468e+04 4.744371335545680631e+04 2.302859625725478327e+04 9.729148203658696730e+03 3.407355826351261385e+03 9.261103082997292404e+02 1.786333590198181867e+02
2.381847355673039274e+05 1.520693682395390642e+05 1.426431833496531472e+05 5.409025811456295924e+04 2.909143215746832357e+04 1.412062417375268524e+04 5.965697768978239765e+03 2.089314976591122104e+03 5.678702887857931501e+02 1.095340115148894995e+02
1.381671531214918068e+05 8.821300675124011468e+04 5.409025811456295924e+04 5.579445425964720198e+04 1.687547420640073688e+04 8.191148092421018191e+03 3.460605798938976022e+03 1.211978179886850057e+03 3.294124661554632780e+02 6.353892706408368696e+01
7.431061528512532823e+04 4.744371335545679904e+04 2.909143215746831993e+04 1.687547420640073324e+04 2.013123389396234052e+04 4.405455572383109029e+03 1.861222008043436972e+03 6.518397623807513810e+02 1.771683246674301699e+02 3.417322176810717593e+01
3.606946075675405154e+04 2.302859625725478327e+04 1.412062417375268524e+04 8.191148092421018191e+03 4.405455572383109939e+03 6.598897954364394536e+03 9.034143227201579975e+02 3.163950216085839884e+02 8.599533067264059127e+01 1.658726248958034333e+01
1.523866784619832470e+04 9.729148203658696730e+03 5.965697768978239765e+03 3.460605798938976477e+03 1.861222008043436972e+03 9.034143227201579975e+02 1.927912499795653048e+03 1.336709377220487625e+02 3.633140759385975826e+01 7.007806001343905855e+00
5.336907464524936586e+03 3.407355826351261385e+03 2.089314976591122104e+03 1.211978179886850057e+03 6.518397623807514947e+02 3.163950216085839884e+02 1.336709377220487625e+02 4.852078677170896981e+02 1.272403613894247165e+01 2.454283572290431259e+00
1.450557343942273519e+03 9.261103082997293541e+02 5.678702887857931501e+02 3.294124661554633349e+02 1.771683246674301699e+02 8.599533067264059127e+01 3.633140759385975826e+01 1.272403613894247165e+01 9.859294901298079594e+01 6.670677885211677705e-01
2.797916495228257645e+02 1.786333590198181582e+02 1.095340115148895137e+02 6.353892706408370117e+01 3.417322176810717593e+01 1.658726248958034333e+01 7.007806001343905855e+00 2.454283572290431259e+00 6.670677885211676594e-01 1.457198576547560798e+01
