2.550689240425184835e+05 6.664794670559768565e+05 4.151452901959139272e+05 2.466931370575380570e+05 1.365627923619857465e+05 6.811425511961197481e+04 2.917819549735909095e+04 1.003046065151470611e+04 2.510283720771335084e+03 3.979909051817967907e+02
6.664794670559768565e+05 1.419741999616642715e+05 2.666541000824132352e+05 1.584547338295509981e+05 8.771634741379797924e+04 4.375081647471575707e+04 1.874159636667266386e+04 6.442716614174984898e+03 1.612393208647319398e+03 2.556355790816138267e+02
4.151452901959138690e+05 2.666541000824132934e+05 7.541888403777335770e+04 9.870031968000644702e+04 5.463788503925254918e+04 2.725207046802922559e+04 1.167400624770265676e+04 4.013122069996296887e+03 1.004348190156009650e+03 1.592335726875794535e+02
2.466931370575380570e+05 1.584547338295509689e+05 9.870031968000644702e+04 3.757869985209786682e+04 3.246764826878192616e+04 1.619408653750731719e+04 6.937082730520672158e+03 2.384730590042404856e+03 5.968170941087205392e+02 9.462188419057032718e+01
1.365627923619857465e+05 8.771634741379799380e+04 5.463788503925254918e+04 3.246764826878192616e+04 1.713551995118758350e+04 8.964617758287431570e+03 3.840185421554936966e+03 1.320123746820242104e+03 3.303821495522323630e+02 5.238017108113901088e+01
6.811425511961197481e+04 4.375081647471574979e+04 2.725207046802922559e+04 1.619408653750731719e+04 8.964617758287429751e+03 6.910676503167002920e+03 1.915392655541655586e+03 6.584461559780055495e+02 1.647867155639005432e+02 2.612597673583293911e+01
2.917819549735909095e+04 1.874159636667266750e+04 1.167400624770265676e+04 6.937082730520672158e+03 3.840185421554936966e+03 1.915392655541655813e+03 2.347947796764776285e+03 2.820594694880410884e+02 7.058990799573155073e+01 1.119161995413349509e+01
1.003046065151470793e+04 6.442716614174985807e+03 4.013122069996296887e+03 2.384730590042404856e+03 1.320123746820242332e+03 6.584461559780055495e+02 2.820594694880410884e+02 6.275458007951791615e+02 2.426638393759867540e+01 3.847294243634881816e+00
2.510283720771335084e+03 1.612393208647319852e+03 1.004348190156009650e+03 5.968170941087205392e+02 3.303821495522323630e+02 1.647867155639005432e+02 7.058990799573153652e+01 2.426638393759867540e+01 1.196257034872062945e+02 9.628471158356499693e-01
3.979909051817967907e+02 2.556355790816138267e+02 1.592335726875794251e+02 9.462188419057032718e+01 5.238017108113901088e+01 2.612597673583293911e+01 1.119161995413349509e+01 3.847294243634881816e+00 9.628471158356501913e-01 1.414440448759151181e+01
