1.585178692926026633e+04 3.274945366351895700e+03 1.788368141183248099e+03 9.177408659151843722e+02 4.379821886934007580e+02 1.919730646317340472e+02 7.619679941392109868e+01 2.691165591170269522e+01 8.290280183623467636e+00 2.173395733423711729e+00
3.274945366351895700e+03 7.190399099452622067e+03 1.030352562779614118e+03 5.287483216613621835e+02 2.523395827625791412e+02 1.106035913819691388e+02 4.390011527480751141e+01 1.550491366890480727e+01 4.776371954214000404e+00 1.252182820918380735e+00
1.788368141183248099e+03 1.030352562779614118e+03 3.175997997606258650e+03 2.887366192055391707e+02 1.377965187476596043e+02 6.039793553817406746e+01 2.397278695344864019e+01 8.466856858792120022e+00 2.608260742643379260e+00 6.837866325574539772e-01
9.177408659151843722e+02 5.287483216613621835e+02 2.887366192055391139e+02 1.354199294636887089e+03 7.071334672284177714e+01 3.099454322845357979e+01 1.230216852470972455e+01 4.344955809840494787e+00 1.338486980036646345e+00 3.509003106314026454e-01
4.379821886934007580e+02 2.523395827625791128e+02 1.377965187476596043e+02 7.071334672284177714e+01 5.495378302901062852e+02 1.479182020211454684e+01 5.871080711606221136e+00 2.073584522655352202e+00 6.387788523173916211e-01 1.674634875393458122e-01
1.919730646317340472e+02 1.106035913819691530e+02 6.039793553817406746e+01 3.099454322845357623e+01 1.479182020211455040e+01 2.083599442214397754e+02 2.573368018159983173e+00 9.088779997529550236e-01 2.799847506747691894e-01 7.340133856299627113e-02
7.619679941392111289e+01 4.390011527480751141e+01 2.397278695344864019e+01 1.230216852470972455e+01 5.871080711606220248e+00 2.573368018159982729e+00 7.231024886779333372e+01 3.607464139396448499e-01 1.111298708860404272e-01 2.913401982682834596e-02
2.691165591170269877e+01 1.550491366890480727e+01 8.466856858792120022e+00 4.344955809840493899e+00 2.073584522655352202e+00 9.088779997529550236e-01 3.607464139396449609e-01 2.244440826600877514e+01 3.924953370483261900e-02 1.028973294068679691e-02
8.290280183623465859e+00 4.776371954214000404e+00 2.608260742643379260e+00 1.338486980036646345e+00 6.387788523173916211e-01 2.799847506747691339e-01 1.111298708860404411e-01 3.924953370483261900e-02 6.082310000618094570e+00 3.169807512879878504e-03
2.173395733423711729e+00 1.252182820918380735e+00 6.837866325574540882e-01 3.509003106314026454e-01 1.674634875393458122e-01 7.340133856299627113e-02 2.913401982682834596e-02 1.028973294068679691e-02 3.169807512879878504e-03 1.400415638456793621e+00
