1.107055896468429361e+06 5.725002326286048628e+05 3.518908693066556007e+05 2.049933364797186805e+05 1.107257746945626568e+05 5.381552387856701534e+04 2.258636810475483435e+04 7.735366818905856235e+03 1.999313076380848315e+03 3.499762478129056262e+02
5.725002326286048628e+05 4.817772057780775358e+05 2.245787918088420702e+05 1.308279351669097232e+05 7.066583100606928929e+04 3.434537917116646713e+04 1.441475100024616404e+04 4.936755926094233473e+03 1.275973190284587190e+03 2.233568692773343969e+02
3.518908693066556007e+05 2.245787918088420702e+05 1.993697304509662499e+05 8.041421332547142811e+04 4.343519755237298523e+04 2.111060335769128869e+04 8.860117378513294170e+03 3.034408084712600612e+03 7.842849479373219310e+02 1.372877047311214653e+02
2.049933364797186805e+05 1.308279351669097232e+05 8.041421332547142811e+04 7.705457622740163060e+04 2.530308923462663370e+04 1.229794062551209936e+04 5.161444019852054225e+03 1.767688484648339227e+03 4.568836598268997022e+02 7.997668341303206319e+01
1.107257746945626568e+05 7.066583100606927474e+04 4.343519755237298523e+04 2.530308923462663370e+04 2.726907787907549209e+04 6.642650079712632760e+03 2.787919341452736262e+03 9.548050694843420843e+02 2.467826420524922071e+02 4.319886870706105242e+01
5.381552387856701534e+04 3.434537917116646713e+04 2.111060335769128869e+04 1.229794062551209936e+04 6.642650079712632760e+03 8.658350309447248947e+03 1.354999233966399743e+03 4.640593859736137574e+02 1.199425987564927851e+02 2.099574156825553217e+01
2.258636810475483435e+04 1.441475100024616404e+04 8.860117378513294170e+03 5.161444019852055135e+03 2.787919341452735807e+03 1.354999233966399743e+03 2.412165934042386652e+03 1.947656616280000890e+02 5.033989250142726490e+01 8.811909900997683565e+00
7.735366818905857144e+03 4.936755926094233473e+03 3.034408084712600612e+03 1.767688484648339227e+03 9.548050694843418569e+02 4.640593859736137574e+02 1.947656616280000890e+02 5.694520215917475525e+02 1.724037845822822135e+01 3.017898014555774111e+00
1.999313076380848088e+03 1.275973190284587190e+03 7.842849479373219310e+02 4.568836598268997022e+02 2.467826420524922071e+02 1.199425987564927709e+02 5.033989250142726490e+01 1.724037845822822135e+01 1.062673901421495088e+02 7.800176908143847676e-01
3.499762478129055694e+02 2.233568692773344537e+02 1.372877047311214653e+02 7.997668341303207740e+01 4.319886870706105242e+01 2.099574156825553217e+01 8.811909900997683565e+00 3.017898014555773667e+00 7.800176908143846566e-01 1.386930563387476489e+01
