3.517155238941048738e+05 1.018645991961337626e+06 6.241861428883812623e+05 3.704543450440775487e+05 2.069785884486890282e+05 1.040903203053039178e+05 4.389310531782823819e+04 1.389770057472410008e+04 2.781963230844275131e+03 2.692664192413431010e+02
1.018645991961337742e+06 1.896371291701113223e+05 3.880007331348264706e+05 2.302783538336054480e+05 1.286600879822219140e+05 6.470364818387032574e+04 2.728442025975408251e+04 8.638958223149020341e+03 1.729297879198082910e+03 1.673788648860045782e+02
6.241861428883812623e+05 3.880007331348264706e+05 9.837547747212200193e+04 1.411055053515976761e+05 7.883783443419361720e+04 3.964784715142698406e+04 1.671881809507762227e+04 5.293613340095402236e+03 1.059645629237087860e+03 1.025631759204880069e+02
3.704543450440775487e+05 2.302783538336054480e+05 1.411055053515976761e+05 4.812242750039410021e+04 4.679023822102903068e+04 2.353098897858115015e+04 9.922615037018855219e+03 3.141758408392467572e+03 6.288994589680305580e+02 6.087122342294492938e+01
2.069785884486890573e+05 1.286600879822219140e+05 7.883783443419361720e+04 4.679023822102903068e+04 2.152621962936077034e+04 1.314712851595489155e+04 5.543918924307761699e+03 1.755349152507581493e+03 3.513758821693922982e+02 3.400969665972430533e+01
1.040903203053038887e+05 6.470364818387031846e+04 3.964784715142698406e+04 2.353098897858115379e+04 1.314712851595489155e+04 8.403072199533764433e+03 2.788057938277460380e+03 8.827717731655794751e+02 1.767082691823354708e+02 1.710360595909914849e+01
4.389310531782823819e+04 2.728442025975408251e+04 1.671881809507761864e+04 9.922615037018855219e+03 5.543918924307762609e+03 2.788057938277460380e+03 2.662526810286597993e+03 3.722497375117441152e+02 7.451485063166022371e+01 7.212297699492428826e+00
1.389770057472410008e+04 8.638958223149020341e+03 5.293613340095402236e+03 3.141758408392467572e+03 1.755349152507581493e+03 8.827717731655795887e+02 3.722497375117441720e+02 6.124661994447174038e+02 2.359334284850603680e+01 2.283601334595132482e+00
2.781963230844274221e+03 1.729297879198082683e+03 1.059645629237087860e+03 6.288994589680305580e+02 3.513758821693922982e+02 1.767082691823354423e+02 7.451485063166022371e+01 2.359334284850603680e+01 8.604267114059170751e+01 4.571184213239311567e-01
2.692664192413431010e+02 1.673788648860045782e+02 1.025631759204880211e+02 6.087122342294494359e+01 3.400969665972430533e+01 1.710360595909914849e+01 7.212297699492428826e+00 2.283601334595132482e+00 4.571184213239312122e-01 5.642396497824601731e+00
