3.248513849683637382e+05 1.073429424951985944e+06 6.727496286063353764e+05 4.103944134517053608e+05 2.384142190818709496e+05 1.275526472941821412e+05 5.968379083036805241e+04 2.258280073351968531e+04 6.132763498392068868e+03 9.973102363146939524e+02
1.073429424951985944e+06 1.805972969168105337e+05 4.271694422727784840e+05 2.605842430105775420e+05 1.513836123642027669e+05 8.099089302798481367e+04 3.789684981996793067e+04 1.433918650282856834e+04 3.894062592982788374e+03 6.332526088524530223e+02
6.727496286063354928e+05 4.271694422727784840e+05 9.706554489901832130e+04 1.633157696546938969e+05 9.487653927472526266e+04 5.075936241221390810e+04 2.375106462436864604e+04 8.986787738491881100e+03 2.440522965276616560e+03 3.968779386111355052e+02
4.103944134517053608e+05 2.605842430105775420e+05 1.633157696546938969e+05 4.963616087204360520e+04 5.787710617788052332e+04 3.096450429485513087e+04 1.448875453943212597e+04 5.482169481674271992e+03 1.488781187326666441e+03 2.421056540241470714e+02
2.384142190818709496e+05 1.513836123642027378e+05 9.487653927472526266e+04 5.787710617788052332e+04 2.358369634783943184e+04 1.798849562454843908e+04 8.417086065900173708e+03 3.184807377992356578e+03 8.648914130553519044e+02 1.406486749027475014e+02
1.275526472941821557e+05 8.099089302798481367e+04 5.075936241221390810e+04 3.096450429485513814e+04 1.798849562454843908e+04 1.005140991694285549e+04 4.503177764912839848e+03 1.703885840992853673e+03 4.627206790855571512e+02 7.524765465479072191e+01
5.968379083036805241e+04 3.789684981996793067e+04 2.375106462436864604e+04 1.448875453943212597e+04 8.417086065900171889e+03 4.503177764912840757e+03 3.644267352145450786e+03 7.972736614246784939e+02 2.165139243228227315e+02 3.520950271250970331e+01
2.258280073351968531e+04 1.433918650282856834e+04 8.986787738491881100e+03 5.482169481674271992e+03 3.184807377992356578e+03 1.703885840992853446e+03 7.972736614246787212e+02 1.038015827342040438e+03 8.192326159227164339e+01 1.332236395544689955e+01
6.132763498392068868e+03 3.894062592982789283e+03 2.440522965276616560e+03 1.488781187326666441e+03 8.648914130553519044e+02 4.627206790855571512e+02 2.165139243228227031e+02 8.192326159227164339e+01 2.059708758878148274e+02 3.617926241406682841e+00
9.973102363146939524e+02 6.332526088524530223e+02 3.968779386111355052e+02 2.421056540241470714e+02 1.406486749027475014e+02 7.524765465479073612e+01 3.520950271250971042e+01 1.332236395544689955e+01 3.617926241406681953e+00 2.373725276001092865e+01
