6.499315962979101641e+03 1.257924540308784572e+03 6.746687655987536800e+02 3.395937190275548687e+02 1.587920454442234757e+02 6.815433221052133206e+01 2.647490893751111685e+01 9.154574836531672588e+00 2.763025535576032254e+00 7.111921789401741689e-01
1.257924540308784572e+03 3.341484836138624814e+03 3.822133987619798177e+02 1.923866587073293033e+02 8.995888127671094026e+01 3.861079730201836924e+01 1.499856736059152063e+01 5.186250410431226143e+00 1.565309429852469458e+00 4.029046455773321878e-01
6.746687655987536800e+02 3.822133987619798177e+02 1.621355669797158498e+03 1.031836691220612039e+02 4.824808280686308137e+01 2.070831605538279518e+01 8.044254327398762783e+00 2.781566819288509240e+00 8.395299932374487017e-01 2.160918013563327411e-01
3.395937190275549256e+02 1.923866587073293033e+02 1.031836691220612039e+02 7.359781904618475892e+02 2.428561497402501601e+01 1.042350620426952368e+01 4.049065827762834857e+00 1.400098343144013269e+00 4.225764214616695713e-01 1.087695506532520562e-01
1.587920454442235041e+02 8.995888127671094026e+01 4.824808280686308137e+01 2.428561497402501601e+01 3.093382326164855840e+02 4.873970801392266239e+00 1.893319601934682295e+00 6.546778319915467215e-01 1.975942738651007557e-01 5.086000848230507604e-02
6.815433221052131785e+01 3.861079730201836924e+01 2.070831605538279518e+01 1.042350620426952368e+01 4.873970801392266239e+00 1.189447391326760624e+02 8.126221484833353603e-01 2.809909673220276627e-01 8.480844078949235920e-02 2.182936748900635854e-02
2.647490893751111329e+01 1.499856736059152240e+01 8.044254327398761006e+00 4.049065827762835745e+00 1.893319601934682295e+00 8.126221484833353603e-01 4.125193587642784365e+01 1.091524196750242315e-01 3.294428503970428523e-02 8.479732655141342459e-03
9.154574836531672588e+00 5.186250410431226143e+00 2.781566819288509240e+00 1.400098343144013269e+00 6.546778319915468325e-01 2.809909673220276627e-01 1.091524196750242454e-01 1.269051446377233638e+01 1.139157545523010115e-02 2.932147844908531125e-03
2.763025535576032254e+00 1.565309429852469458e+00 8.395299932374487017e-01 4.225764214616695713e-01 1.975942738651007835e-01 8.480844078949235920e-02 3.294428503970428523e-02 1.139157545523009941e-02 3.395395190975376565e+00 8.849782228265554076e-04
7.111921789401741689e-01 4.029046455773322433e-01 2.160918013563327411e-01 1.087695506532520423e-01 5.086000848230507604e-02 2.182936748900635854e-02 8.479732655141340725e-03 2.932147844908530691e-03 8.849782228265555160e-04 7.718774258337880445e-01
