2.997591404919095221e+05 9.301770742735998938e+05 5.878635998648233945e+05 3.586433332884348929e+05 2.067593028382682241e+05 1.091715607889802632e+05 5.045995225491447491e+04 1.910436023078726430e+04 5.379897044778859708e+03 9.782327943891037876e+02
9.301770742735998938e+05 1.688056806555115327e+05 3.793830000195298926e+05 2.314536633179154596e+05 1.334339540852093487e+05 7.045483724194126262e+04 3.256477875431256689e+04 1.232916870423085675e+04 3.471964382747521086e+03 6.313112299148386910e+02
5.878635998648233945e+05 3.793830000195298926e+05 9.145372742606775137e+04 1.462766471923917416e+05 8.432906675751534931e+04 4.452682762718281447e+04 2.058064920839022670e+04 7.791924460694674053e+03 2.194250468103947696e+03 3.989830565783913130e+02
3.586433332884348929e+05 2.314536633179154596e+05 1.462766471923917416e+05 4.692726174642730621e+04 5.144740651057956711e+04 2.716488975443364325e+04 1.255582525442009683e+04 4.753690757444102928e+03 1.338666490205320997e+03 2.434112494289253164e+02
2.067593028382682241e+05 1.334339540852093487e+05 8.432906675751534931e+04 5.144740651057956711e+04 2.229937350659605363e+04 1.566066658985692811e+04 7.238483014196141085e+03 2.740521559137416716e+03 7.717465363428489127e+02 1.403275498625846751e+02
1.091715607889802486e+05 7.045483724194126262e+04 4.452682762718281447e+04 2.716488975443364325e+04 1.566066658985692811e+04 9.501410709026780751e+03 3.822011767095460527e+03 1.447030493331234993e+03 4.074920583957604094e+02 7.409474412948323163e+01
5.045995225491447491e+04 3.256477875431256689e+04 2.058064920839022670e+04 1.255582525442009683e+04 7.238483014196141085e+03 3.822011767095460982e+03 3.466399140727560280e+03 6.688288513712426493e+02 1.883460276861995908e+02 3.424717228638564137e+01
1.910436023078726430e+04 1.232916870423085857e+04 7.791924460694674053e+03 4.753690757444102928e+03 2.740521559137416716e+03 1.447030493331234993e+03 6.688288513712427630e+02 1.012486081734872528e+03 7.130863586190854164e+01 1.296613030745036887e+01
5.379897044778859708e+03 3.471964382747520631e+03 2.194250468103947696e+03 1.338666490205321224e+03 7.717465363428490264e+02 4.074920583957604094e+02 1.883460276861995908e+02 7.130863586190854164e+01 2.148516061264630537e+02 3.651336411195555520e+00
9.782327943891037876e+02 6.313112299148386910e+02 3.989830565783913130e+02 2.434112494289253164e+02 1.403275498625846467e+02 7.409474412948323163e+01 3.424717228638564137e+01 1.296613030745037065e+01 3.651336411195555520e+00 2.873679628179118239e+01
