1.596179760546262376e+06 8.522638604521445232e+05 5.243683985313938465e+05 3.062642692956184619e+05 1.659125580663703440e+05 8.067688864199850650e+04 3.365183888536320592e+04 1.129696311125768989e+04 2.790388738520260631e+03 4.470678236510628381e+02
8.522638604521445232e+05 6.859569521965829190e+05 3.341592128091385821e+05 1.951700892464494100e+05 1.057295023000695655e+05 5.141218592883363453e+04 2.144498414284148748e+04 7.199107175345421638e+03 1.778204229901910367e+03 2.848986179219377277e+02
5.243683985313939629e+05 3.341592128091385821e+05 2.806087082514399663e+05 1.200813878052927903e+05 6.505169627771852538e+04 3.163213513030865579e+04 1.319435507396403045e+04 4.429360994362748897e+03 1.094067398095161025e+03 1.752882398935446133e+02
3.062642692956185201e+05 1.951700892464494100e+05 1.200813878052927612e+05 1.069567921523577534e+05 3.799429996684513026e+04 1.847516513023474545e+04 7.706336855676475352e+03 2.587026625144353602e+03 6.390044731456337104e+02 1.023794051233189180e+02
1.659125580663703149e+05 1.057295023000695364e+05 6.505169627771853266e+04 3.799429996684513026e+04 3.707979104703223857e+04 1.000855213866668782e+04 4.174754253857469848e+03 1.401470064237915494e+03 3.461679254954541989e+02 5.546200030578006590e+01
8.067688864199852105e+04 5.141218592883362726e+04 3.163213513030865579e+04 1.847516513023474545e+04 1.000855213866668782e+04 1.139121472484236074e+04 2.030022247691675375e+03 6.814809296255120898e+02 1.683281332173565659e+02 2.696903522361437311e+01
3.365183888536320592e+04 2.144498414284148748e+04 1.319435507396403409e+04 7.706336855676475352e+03 4.174754253857469848e+03 2.030022247691675375e+03 3.022294098539558945e+03 2.842584392287388937e+02 7.021281204882265570e+01 1.124928890436043361e+01
1.129696311125768989e+04 7.199107175345421638e+03 4.429360994362748897e+03 2.587026625144353602e+03 1.401470064237915494e+03 6.814809296255120898e+02 2.842584392287389505e+02 6.689364168618581061e+02 2.357052612652962154e+01 3.776399923146982029e+00
2.790388738520260176e+03 1.778204229901910367e+03 1.094067398095161252e+03 6.390044731456337104e+02 3.461679254954541420e+02 1.683281332173565374e+02 7.021281204882265570e+01 2.357052612652962154e+01 1.150415016042061467e+02 9.327837679842579943e-01
4.470678236510629517e+02 2.848986179219376709e+02 1.752882398935445849e+02 1.023794051233189180e+02 5.546200030578006590e+01 2.696903522361437311e+01 1.124928890436043361e+01 3.776399923146982029e+00 9.327837679842582164e-01 1.338876098913522839e+01
