1.157506404177465942e+06 5.743930857873939676e+05 3.449251776228255476e+05 1.950509095831171435e+05 1.009404466118118435e+05 4.588990427403879585e+04 1.728900827113379637e+04 4.968403114521980569e+03 9.669452634670494717e+02 1.073995824185983139e+02
5.743930857873939676e+05 4.868911371224489412e+05 2.155134802984384878e+05 1.218701999353608844e+05 6.306882873009125615e+04 2.867257487209255123e+04 1.080238435796332851e+04 3.104319186310901387e+03 6.041592568685948663e+02 6.710457598123277023e+01
3.449251776228255476e+05 2.155134802984384878e+05 1.944518750777396490e+05 7.318350690452578419e+04 3.787306548505761748e+04 1.721798751651571365e+04 6.486871857645724958e+03 1.864155180886984908e+03 3.627998737175046813e+02 4.029654667221811337e+01
1.950509095831171435e+05 1.218701999353608844e+05 7.318350690452578419e+04 7.196688342276785988e+04 2.141674876410239813e+04 9.736558373130785185e+03 3.668245574019800188e+03 1.054156632293417715e+03 2.051588285115561519e+02 2.278719731520853031e+01
1.009404466118118435e+05 6.306882873009124887e+04 3.787306548505761020e+04 2.141674876410239449e+04 2.400803617115103407e+04 5.038748872006623969e+03 1.898347192098458436e+03 5.455347093224285118e+02 1.061713776191745069e+02 1.179256163913690791e+01
4.588990427403880312e+04 2.867257487209255123e+04 1.721798751651571365e+04 9.736558373130787004e+03 5.038748872006623969e+03 6.999335731562206092e+03 8.630333414246513257e+02 2.480129267234918302e+02 4.826800870342702154e+01 5.361176247286085328e+00
1.728900827113379637e+04 1.080238435796332851e+04 6.486871857645724958e+03 3.668245574019800188e+03 1.898347192098458208e+03 8.630333414246513257e+02 1.719096767784231588e+03 9.343879899737190442e+01 1.818495843271590573e+01 2.019821613242548164e+00
4.968403114521980569e+03 3.104319186310901841e+03 1.864155180886984908e+03 1.054156632293417715e+03 5.455347093224285118e+02 2.480129267234918018e+02 9.343879899737190442e+01 3.353052893757592869e+02 5.225875463626774575e+00 5.804432409676314464e-01
9.669452634670496991e+02 6.041592568685949800e+02 3.627998737175046813e+02 2.051588285115561519e+02 1.061713776191745211e+02 4.826800870342701444e+01 1.818495843271590928e+01 5.225875463626774575e+00 4.628399804098181392e+01 1.129652384535054371e-01
1.073995824185983139e+02 6.710457598123277023e+01 4.029654667221812048e+01 2.278719731520852676e+01 1.179256163913690791e+01 5.361176247286084440e+00 2.019821613242548164e+00 5.804432409676315574e-01 1.129652384535054371e-01 3.723024625452536096e+00
