2.703644352170634666e+05 7.234210822165597929e+05 4.515045875115086674e+05 2.685060937657010509e+05 1.485755787497578131e+05 7.396928031548170839e+04 3.159488916792224336e+04 1.082348197178992268e+04 2.702075132616709197e+03 4.288239530067303917e+02
7.234210822165597929e+05 1.506396515437951311e+05 2.908158370846883627e+05 1.729458051604443463e+05 9.569810030634848226e+04 4.764389724600629415e+04 2.035038933183166228e+04 6.971446264024698394e+03 1.740416959855626601e+03 2.762071533823310006e+02
4.515045875115086674e+05 2.908158370846883045e+05 8.004283561775356065e+04 1.079396582990883617e+05 5.972749808737018611e+04 2.973570815435430632e+04 1.270116999191447212e+04 4.351048161539280954e+03 1.086236302583193719e+03 1.723875622666539300e+02
2.685060937657010509e+05 1.729458051604443463e+05 1.079396582990883617e+05 3.985093186278671783e+04 3.551945571633725194e+04 1.768358298613978695e+04 7.553282148425937521e+03 2.587532835669290307e+03 6.459758650972224814e+02 1.025174765402155685e+02
1.485755787497578131e+05 9.569810030634848226e+04 5.972749808737020066e+04 3.551945571633725194e+04 1.814012101641251502e+04 9.785061261319899131e+03 4.179544869629145069e+03 1.431789436142308205e+03 3.574452879976138320e+02 5.672717961558953448e+01
7.396928031548170839e+04 4.764389724600629415e+04 2.973570815435430632e+04 1.768358298613979059e+04 9.785061261319899131e+03 7.295345296134611999e+03 2.080812530930394587e+03 7.128253179019067147e+02 1.779563702718316449e+02 2.824198085446840167e+01
3.159488916792224336e+04 2.035038933183166228e+04 1.270116999191447212e+04 7.553282148425938431e+03 4.179544869629145069e+03 2.080812530930394587e+03 2.470280118020948521e+03 3.044728408758889486e+02 7.601144382484235962e+01 1.206314636527230455e+01
1.082348197178992450e+04 6.971446264024698394e+03 4.351048161539280954e+03 2.587532835669290307e+03 1.431789436142308205e+03 7.128253179019067147e+02 3.044728408758889486e+02 6.580016127601361404e+02 2.603929032684139599e+01 4.132479987938952881e+00
2.702075132616709197e+03 1.740416959855626601e+03 1.086236302583193719e+03 6.459758650972225951e+02 3.574452879976138320e+02 1.779563702718317018e+02 7.601144382484234541e+01 2.603929032684139244e+01 1.252157902771620428e+02 1.031670902261357270e+00
4.288239530067303917e+02 2.762071533823309437e+02 1.723875622666539300e+02 1.025174765402155685e+02 5.672717961558953448e+01 2.824198085446840167e+01 1.206314636527230277e+01 4.132479987938953769e+00 1.031670902261357048e+00 1.484197164917588552e+01
