1.497444595671357820e+05 3.380027830082513392e+05 2.038379231952299306e+05 1.157340860230909893e+05 6.062756575388529018e+04 2.852204892398535958e+04 1.162464946460935062e+04 3.914252773474268452e+03 1.021609004214648166e+03 1.897442521752529672e+02
3.380027830082513392e+05 8.231275286363576015e+04 1.285449946203784930e+05 7.298464011028932873e+04 3.823317070501924172e+04 1.798667572757956441e+04 7.330777705485193110e+03 2.468419977116534483e+03 6.442506963001441136e+02 1.196571937781909298e+02
2.038379231952299306e+05 1.285449946203784639e+05 4.281883801800415677e+04 4.401454133846428886e+04 2.305711818204045630e+04 1.084714922423099233e+04 4.420941418270854228e+03 1.488619700793316497e+03 3.885255700622331574e+02 7.216116286983412920e+01
1.157340860230910039e+05 7.298464011028932873e+04 4.401454133846428886e+04 2.074468306000666780e+04 1.309125631430732756e+04 6.158740639346506214e+03 2.510100212879221544e+03 8.452011176657894111e+02 2.205951230413890300e+02 4.097130749857982579e+01
6.062756575388529018e+04 3.823317070501924900e+04 2.305711818204045994e+04 1.309125631430732756e+04 9.169502515331438190e+03 3.226270374646654091e+03 1.314921739433044877e+03 4.427605392443865071e+02 1.155592599099098123e+02 2.146291317233198015e+01
2.852204892398535958e+04 1.798667572757956805e+04 1.084714922423099233e+04 6.158740639346507123e+03 3.226270374646653636e+03 3.597994721896103783e+03 6.186008248387869344e+02 2.082953126174168119e+02 5.436449284719576269e+01 1.009716045730026757e+01
1.162464946460934880e+04 7.330777705485193110e+03 4.420941418270854228e+03 2.510100212879221544e+03 1.314921739433044877e+03 6.186008248387869344e+02 1.208603355514441319e+03 8.489432160893852597e+01 2.215718002427466260e+01 4.115270653130533418e+00
3.914252773474268906e+03 2.468419977116534483e+03 1.488619700793316497e+03 8.452011176657892975e+02 4.427605392443865071e+02 2.082953126174168119e+02 8.489432160893852597e+01 3.313154742065105438e+02 7.460767193576645084e+00 1.385694219568002872e+00
1.021609004214648166e+03 6.442506963001441136e+02 3.885255700622331574e+02 2.205951230413890585e+02 1.155592599099098123e+02 5.436449284719575559e+01 2.215718002427466615e+01 7.460767193576645084e+00 6.951325406605921842e+01 3.616623079102653793e-01
1.897442521752529672e+02 1.196571937781909440e+02 7.216116286983412920e+01 4.097130749857983290e+01 2.146291317233197660e+01 1.009716045730026757e+01 4.115270653130534306e+00 1.385694219568002872e+00 3.616623079102653793e-01 1.024406983173905239e+01
