2.581756174030487891e+06 1.364390007294735871e+06 8.322211234100842848e+05 4.941766624775920063e+05 2.783695489138413686e+05 1.426481622709707008e+05 6.224269158446213987e+04 2.084168437085595724e+04 4.549439767216231303e+03 5.016719916337141285e+02
1.364390007294736104e+06 1.039580973622083664e+06 5.131087151156078326e+05 3.046862729042380815e+05 1.716296757587944448e+05 8.795020121159970586e+04 3.837593952599427575e+04 1.285001015662198733e+04 2.804972293766081748e+03 3.093075431465836118e+02
8.322211234100845177e+05 5.131087151156077744e+05 4.159760393238529796e+05 1.858459465169779432e+05 1.046869595986695640e+05 5.364596256578203611e+04 2.340772604129848332e+04 7.837971424005610061e+03 1.710916366267333387e+03 1.886647290440442930e+02
4.941766624775920063e+05 3.046862729042380815e+05 1.858459465169779141e+05 1.610331183906798251e+05 6.216358951262129267e+04 3.185521490673900917e+04 1.389961346316210802e+04 4.654222838082429917e+03 1.015949867020684792e+03 1.120299683624868834e+02
2.783695489138414268e+05 1.716296757587944739e+05 1.046869595986695640e+05 6.216358951262129995e+04 5.798098579162462556e+04 1.794403191701612013e+04 7.829647621193846135e+03 2.621722170136377372e+03 5.722842207556672065e+02 6.310644375949559048e+01
1.426481622709707008e+05 8.795020121159970586e+04 5.364596256578203611e+04 3.185521490673900917e+04 1.794403191701612013e+04 1.836730997576501250e+04 4.012237864200686545e+03 1.343479741280062854e+03 2.932622936165245164e+02 3.233837273104407473e+01
6.224269158446214715e+04 3.837593952599428303e+04 2.340772604129848696e+04 1.389961346316210802e+04 7.829647621193846135e+03 4.012237864200686545e+03 4.767849330236442256e+03 5.862101120351076133e+02 1.279612313564304742e+02 1.411043316785423407e+01
2.084168437085595724e+04 1.285001015662198733e+04 7.837971424005610061e+03 4.654222838082429917e+03 2.621722170136377372e+03 1.343479741280062854e+03 5.862101120351076133e+02 9.320512056752409080e+02 4.284724082051995708e+01 4.724814864752548971e+00
4.549439767216231303e+03 2.804972293766081748e+03 1.710916366267333387e+03 1.015949867020684792e+03 5.722842207556672065e+02 2.932622936165245164e+02 1.279612313564304742e+02 4.284724082051995708e+01 1.222355464273062182e+02 1.031359090558803260e+00
5.016719916337141285e+02 3.093075431465835550e+02 1.886647290440442930e+02 1.120299683624868550e+02 6.310644375949557627e+01 3.233837273104407473e+01 1.411043316785423407e+01 4.724814864752548971e+00 1.031359090558803038e+00 8.551103227796890138e+00
