2.414242423235906288e+06 1.275473204469965538e+06 8.027088210084470920e+05 5.015951661676712101e+05 3.060798629882252426e+05 1.772777085159171547e+05 9.296026016913940839e+04 4.086189213648431905e+04 1.330081068995591522e+04 2.630734393328334590e+03
1.275473204469965538e+06 1.015923266336001689e+06 5.040816627260013483e+05 3.149895936853843741e+05 1.922107272575090465e+05 1.113260994948236184e+05 5.837678780536082195e+04 2.566027679179170809e+04 8.352586383408133770e+03 1.652037367065972148e+03
8.027088210084470920e+05 5.040816627260013483e+05 4.352840718692474766e+05 1.982361718701857317e+05 1.209662780224125163e+05 7.006218692778755212e+04 3.673896272323053563e+04 1.614908918360939242e+04 5.256633181081171642e+03 1.039696453466852972e+03
5.015951661676712101e+05 3.149895936853843159e+05 1.982361718701857317e+05 1.865145669228660408e+05 7.558917846337980882e+04 4.378032653230831056e+04 2.295737337087613923e+04 1.009121223102125987e+04 3.284754975825982456e+03 6.496835486191283735e+02
3.060798629882252426e+05 1.922107272575090465e+05 1.209662780224125163e+05 7.558917846337982337e+04 7.760724379435567243e+04 2.671532193775029373e+04 1.400888638862682092e+04 6.157788322911401337e+03 2.004400003756470369e+03 3.964453107998537575e+02
1.772777085159171547e+05 1.113260994948236184e+05 7.006218692778755212e+04 4.378032653230831784e+04 2.671532193775029373e+04 2.999193779556261507e+04 8.113775449288942582e+03 3.566515590912299103e+03 1.160923937125888187e+03 2.296162693106745110e+02
9.296026016913940839e+04 5.837678780536082922e+04 3.673896272323053563e+04 2.295737337087613560e+04 1.400888638862682092e+04 8.113775449288942582e+03 1.010026530865820314e+04 1.870196879258122408e+03 6.087612037365345259e+02 1.204053702683717404e+02
4.086189213648431178e+04 2.566027679179170809e+04 1.614908918360939242e+04 1.009121223102125987e+04 6.157788322911401337e+03 3.566515590912299558e+03 1.870196879258122408e+03 2.720848183862358383e+03 2.675889094834587922e+02 5.292574744958578492e+01
1.330081068995591704e+04 8.352586383408131951e+03 5.256633181081170733e+03 3.284754975825982456e+03 2.004400003756470369e+03 1.160923937125888187e+03 6.087612037365345259e+02 2.675889094834587922e+02 5.261255586275212863e+02 1.722767377242469067e+01
2.630734393328334590e+03 1.652037367065972148e+03 1.039696453466852745e+03 6.496835486191282598e+02 3.964453107998537575e+02 2.296162693106744825e+02 1.204053702683717262e+02 5.292574744958579203e+01 1.722767377242469067e+01 6.265701064796199660e+01
