2.855363616485417588e+05 9.705046289319980424e+05 6.107383959648060845e+05 3.693964320380757563e+05 2.101868334864377393e+05 1.091240046202032099e+05 4.946096480657269421e+04 1.837486319681497844e+04 5.109173840750810086e+03 9.328900699579273805e+02
9.705046289319981588e+05 1.603335521943736530e+05 3.939764121754975058e+05 2.382910292300951842e+05 1.355877657121910015e+05 7.039394298204153893e+04 3.190638346300233388e+04 1.185329549333577779e+04 3.295836633588539371e+03 6.017906932731186771e+02
6.107383959648059681e+05 3.939764121754974476e+05 8.639237805119254335e+04 1.499565036850415345e+05 8.532535762827130384e+04 4.429889620392782672e+04 2.007868162223618856e+04 7.459276814025380190e+03 2.074069426309713435e+03 3.787067797096781305e+02
3.693964320380757563e+05 2.382910292300951842e+05 1.499565036850415345e+05 4.396387345368816750e+04 5.160782894690069952e+04 2.679355728913262283e+04 1.214430499259118915e+04 4.511637484871840570e+03 1.254471392236188422e+03 2.290554092188531001e+02
2.101868334864377393e+05 1.355877657121910015e+05 8.532535762827130384e+04 5.160782894690069952e+04 2.066189142033791722e+04 1.524555322142300611e+04 6.910118208784353556e+03 2.567124949074178858e+03 7.137951175615828561e+02 1.303326913338687234e+02
1.091240046202032099e+05 7.039394298204153893e+04 4.429889620392783399e+04 2.679355728913262647e+04 1.524555322142300611e+04 8.690675053811512043e+03 3.587569015783235045e+03 1.332790214100091134e+03 3.705854473120202215e+02 6.766563335756380582e+01
4.946096480657269421e+04 3.190638346300233388e+04 2.007868162223618856e+04 1.214430499259118915e+04 6.910118208784353556e+03 3.587569015783235045e+03 3.127817328108799302e+03 6.040933899336064314e+02 1.679695849792366289e+02 3.066976438191754895e+01
1.837486319681497844e+04 1.185329549333577779e+04 7.459276814025379281e+03 4.511637484871840570e+03 2.567124949074178858e+03 1.332790214100091134e+03 6.040933899336064314e+02 9.037185317281907828e+02 6.240109058303524137e+01 1.139388863521309858e+01
5.109173840750809177e+03 3.295836633588538916e+03 2.074069426309713435e+03 1.254471392236188422e+03 7.137951175615828561e+02 3.705854473120202783e+02 1.679695849792366289e+02 6.240109058303525558e+01 1.912965397074582086e+02 3.168097478382814636e+00
9.328900699579273805e+02 6.017906932731186771e+02 3.787067797096781305e+02 2.290554092188531286e+02 1.303326913338687234e+02 6.766563335756380582e+01 3.066976438191754895e+01 1.139388863521309858e+01 3.168097478382814192e+00 2.601300907285204289e+01
