2.615934395318264724e+05 8.203818125368759502e+05 5.009138563240665826e+05 2.911536408968583564e+05 1.570084120179953752e+05 7.572891186729987385e+04 3.098658145609184430e+04 9.966848840307749924e+03 2.258487696815181607e+03 3.075415033249905150e+02
8.203818125368758338e+05 1.424470458697515132e+05 3.156138247549917432e+05 1.834489364481647790e+05 9.892724030306741770e+04 4.771497377686706750e+04 1.952390289461707653e+04 6.279872763610047514e+03 1.423019010463904351e+03 1.937745361000842763e+02
5.009138563240666990e+05 3.156138247549918015e+05 7.390203239010367543e+04 1.120113985835934291e+05 6.040361290125466621e+04 2.913410701422376223e+04 1.192102669755327952e+04 3.834403975286794321e+03 8.688758444677137049e+02 1.183160677772061717e+02
2.911536408968582982e+05 1.834489364481647790e+05 1.120113985835934291e+05 3.584644964637250814e+04 3.510929393845114100e+04 1.693405208176590168e+04 6.929036365038818985e+03 2.228727882009079622e+03 5.050296820706113294e+02 6.877061489719856979e+01
1.570084120179953752e+05 9.892724030306741770e+04 6.040361290125466621e+04 3.510929393845114828e+04 1.582884483815407657e+04 9.131909249693955644e+03 3.736573560057538089e+03 1.201870684139713831e+03 2.723438668312917912e+02 3.708545428197237470e+01
7.572891186729987385e+04 4.771497377686706750e+04 2.913410701422376223e+04 1.693405208176589804e+04 9.131909249693955644e+03 6.129138302364367519e+03 1.802238785669957224e+03 5.796909728930704659e+02 1.313579598939114135e+02 1.788720147399731886e+01
3.098658145609183703e+04 1.952390289461707653e+04 1.192102669755327952e+04 6.929036365038819895e+03 3.736573560057538089e+03 1.802238785669957224e+03 1.972409503349650322e+03 2.371966149782830655e+02 5.374874699495479291e+01 7.319043834497213297e+00
9.966848840307749924e+03 6.279872763610047514e+03 3.834403975286794321e+03 2.228727882009079167e+03 1.201870684139713831e+03 5.796909728930704659e+02 2.371966149782830655e+02 4.884710811693838650e+02 1.728831034213172657e+01 2.354173972284989702e+00
2.258487696815181607e+03 1.423019010463904351e+03 8.688758444677137049e+02 5.050296820706112157e+02 2.723438668312917912e+02 1.313579598939114135e+02 5.374874699495479291e+01 1.728831034213173012e+01 8.337648610050638354e+01 5.334557629755325436e-01
3.075415033249905150e+02 1.937745361000842479e+02 1.183160677772061717e+02 6.877061489719856979e+01 3.708545428197237470e+01 1.788720147399731886e+01 7.319043834497213297e+00 2.354173972284989702e+00 5.334557629755326547e-01 8.361364359342596586e+00
