3.917511827342796023e+05 1.440611698182811495e+06 9.019932040277246851e+05 5.534213563050910598e+05 3.254393549386907835e+05 1.770718225151051302e+05 8.430346147533254407e+04 3.218367524036661780e+04 8.597546487303803588e+03 1.300820287053830043e+03
1.440611698182811262e+06 2.164850112441015372e+05 5.685920494492758298e+05 3.488618115806087735e+05 2.051481418815133802e+05 1.116212738787856797e+05 5.314261540096266253e+04 2.028771589632453833e+04 5.419660099014708067e+03 8.200018244909063014e+02
9.019932040277246851e+05 5.685920494492758298e+05 1.160589339848792733e+05 2.184287296760368627e+05 1.284469854225485760e+05 6.988811113402865885e+04 3.327355872258411546e+04 1.270250816844874134e+04 3.393347828299496541e+03 5.134180667240937055e+02
5.534213563050910598e+05 3.488618115806087735e+05 2.184287296760368627e+05 5.939630128019984841e+04 7.880913577666172932e+04 4.288011603711178759e+04 2.041511833473148727e+04 7.793672133746280451e+03 2.082001448754507237e+03 3.150096049163272482e+02
3.254393549386907835e+05 2.051481418815134093e+05 1.284469854225485469e+05 7.880913577666172932e+04 2.831452267007030241e+04 2.521564653012920462e+04 1.200510762036693268e+04 4.583067861247815927e+03 1.224320674915474683e+03 1.852413562568515601e+02
1.770718225151051302e+05 1.116212738787856797e+05 6.988811113402865885e+04 4.288011603711178032e+04 2.521564653012920098e+04 1.211334805735273221e+04 6.531988997547089639e+03 2.493651018496025245e+03 6.661538930687961511e+02 1.007899753358039305e+02
8.430346147533254407e+04 5.314261540096264798e+04 3.327355872258412273e+04 2.041511833473148727e+04 1.200510762036693268e+04 6.531988997547089639e+03 4.391232807032395613e+03 1.187221148936727786e+03 3.171542386772317172e+02 4.798586066451555610e+01
3.218367524036662508e+04 2.028771589632453833e+04 1.270250816844873771e+04 7.793672133746280451e+03 4.583067861247815017e+03 2.493651018496025699e+03 1.187221148936727786e+03 1.234639358550914267e+03 1.210767486893809490e+02 1.831907407749961436e+01
8.597546487303803588e+03 5.419660099014708067e+03 3.393347828299496086e+03 2.082001448754507237e+03 1.224320674915474683e+03 6.661538930687961511e+02 3.171542386772316604e+02 1.210767486893809490e+02 2.347543783115288534e+02 4.893757155121939206e+00
1.300820287053830043e+03 8.200018244909063014e+02 5.134180667240935918e+02 3.150096049163272482e+02 1.852413562568515317e+02 1.007899753358039305e+02 4.798586066451555610e+01 1.831907407749961436e+01 4.893757155121939206e+00 2.441671027693249485e+01
