3.287683566000889987e+05 1.084949701384782093e+06 6.859562668070319341e+05 4.192831851883112686e+05 2.424225498788956029e+05 1.283106689376746945e+05 5.924157937416864297e+04 2.221991881656364058e+04 6.092005732332894695e+03 1.044814436937851951e+03
1.084949701384782093e+06 1.847451098533135082e+05 4.419759251450822339e+05 2.701528984259744757e+05 1.561979034866022121e+05 8.267323932134355709e+04 3.817058479956961673e+04 1.431675698701943111e+04 3.925206313909827259e+03 6.731957264856516758e+02
6.859562668070319341e+05 4.419759251450822339e+05 9.997221994087466737e+04 1.708033777371018077e+05 9.875566638895761571e+04 5.226991310042364057e+04 2.413324029448990404e+04 9.051727617478181855e+03 2.481700180294405527e+03 4.256260237512817639e+02
4.192831851883112686e+05 2.701528984259744757e+05 1.708033777371017786e+05 5.125089025528258207e+04 6.036330938660933316e+04 3.194940656534169466e+04 1.475117634931547764e+04 5.532768443940615725e+03 1.516911801272252887e+03 2.601592019388543235e+02
2.424225498788955447e+05 1.561979034866022121e+05 9.875566638895761571e+04 6.036330938660933316e+04 2.432107778104489626e+04 1.847261440548601968e+04 8.528884321245152023e+03 3.198954504858510973e+03 8.770531225588001689e+02 1.504197147332532438e+02
1.283106689376746945e+05 8.267323932134355709e+04 5.226991310042364057e+04 3.194940656534169466e+04 1.847261440548601968e+04 1.032704005771856282e+04 4.514212283872528133e+03 1.693159289944902184e+03 4.642112415103878789e+02 7.961492950420515058e+01
5.924157937416864297e+04 3.817058479956961673e+04 2.413324029448990404e+04 1.475117634931547764e+04 8.528884321245152023e+03 4.514212283872528133e+03 3.735022785353492054e+03 7.817388164120948204e+02 2.143282966101368174e+02 3.675855020195708533e+01
2.221991881656364058e+04 1.431675698701943111e+04 9.051727617478181855e+03 5.532768443940616635e+03 3.198954504858510973e+03 1.693159289944902184e+03 7.817388164120948204e+02 1.070626303717459905e+03 8.038876412613272748e+01 1.378714088872191823e+01
6.092005732332894695e+03 3.925206313909826804e+03 2.481700180294405527e+03 1.516911801272252887e+03 8.770531225588001689e+02 4.642112415103878220e+02 2.143282966101368174e+02 8.038876412613274169e+01 2.186965011466235183e+02 3.780002169223254160e+00
1.044814436937852179e+03 6.731957264856516758e+02 4.256260237512818208e+02 2.601592019388543235e+02 1.504197147332532438e+02 7.961492950420515058e+01 3.675855020195708533e+01 1.378714088872191823e+01 3.780002169223253716e+00 2.722592826896765317e+01
