2.304585777120270301e+06 1.176186427222416969e+06 7.094020102854603902e+05 4.113352995592287625e+05 2.216068016789082612e+05 1.050975349081515888e+05 4.027828843682258594e+04 1.090726192367969634e+04 1.691293240118366612e+03 1.077554215342530313e+02
1.176186427222416969e+06 9.288266442929843906e+05 4.358198073346303427e+05 2.527030772462835885e+05 1.361437269861722016e+05 6.456647535659511777e+04 2.474489168594406146e+04 6.700856103034731859e+03 1.039042860561029102e+03 6.619934306842850447e+01
7.094020102854603902e+05 4.358198073346303427e+05 3.671628817489577341e+05 1.524146741152080067e+05 8.211337197609235591e+04 3.894245534118355135e+04 1.492456935399171380e+04 4.041536851732031664e+03 6.266855976185853478e+02 3.992729890891652644e+01
4.113352995592288207e+05 2.527030772462835885e+05 1.524146741152080358e+05 1.376551920400445815e+05 4.761211269476523012e+04 2.258015384942577657e+04 8.653770523636319922e+03 2.343419876859250053e+03 3.633735234583933220e+02 2.315119948797621063e+01
2.216068016789082612e+05 1.361437269861722016e+05 8.211337197609237046e+04 4.761211269476522284e+04 4.662551857890452084e+04 1.216505289322589124e+04 4.662216955999709171e+03 1.262516940457190458e+03 1.957674054103766821e+02 1.247270360471954476e+01
1.050975349081515888e+05 6.456647535659511777e+04 3.894245534118355135e+04 2.258015384942578385e+04 1.216505289322589306e+04 1.337413522451280733e+04 2.211067104305358953e+03 5.987515600450138891e+02 9.284314185359029636e+01 5.915208344531612816e+00
4.027828843682258594e+04 2.474489168594406146e+04 1.492456935399171380e+04 8.653770523636319922e+03 4.662216955999709171e+03 2.211067104305358953e+03 3.000552155511215460e+03 2.294695880218978061e+02 3.558183215455891002e+01 2.266984359558605000e+00
1.090726192367969634e+04 6.700856103034730950e+03 4.041536851732032119e+03 2.343419876859250053e+03 1.262516940457190458e+03 5.987515600450138891e+02 2.294695880218978061e+02 4.779377757778866567e+02 9.635473057474289504e+00 6.138938159046951615e-01
1.691293240118366612e+03 1.039042860561028874e+03 6.266855976185853478e+02 3.633735234583933220e+02 1.957674054103767105e+02 9.284314185359029636e+01 3.558183215455891002e+01 9.635473057474289504e+00 4.583845549449538481e+01 9.519111838104694912e-02
1.077554215342530313e+02 6.619934306842850447e+01 3.992729890891651934e+01 2.315119948797621063e+01 1.247270360471954653e+01 5.915208344531613704e+00 2.266984359558605444e+00 6.138938159046951615e-01 9.519111838104694912e-02 1.878937567372488182e+00
