1.615543825963943265e+06 8.500469802127773874e+05 5.294078170276936144e+05 3.155393224784963531e+05 1.756790234471652366e+05 8.821475382373431057e+04 3.798521025396654295e+04 1.303535519895492143e+04 3.206250645208122933e+03 4.843855633622495702e+02
8.500469802127773874e+05 7.036048039678479545e+05 3.388755292626421433e+05 2.019776653628112981e+05 1.124526690694633580e+05 5.646652812689368147e+04 2.431444684975684504e+04 8.343969903907383923e+03 2.052330640759605103e+03 3.100566498491630227e+02
5.294078170276936144e+05 3.388755292626421433e+05 2.956293240191604127e+05 1.257913472986050765e+05 7.003533150144279352e+04 3.516725791239073442e+04 1.514299624444706205e+04 5.196610299193887840e+03 1.278188040938185623e+03 1.931027554623833566e+02
3.155393224784963531e+05 2.019776653628112981e+05 1.257913472986050765e+05 1.171108646752921195e+05 4.174267991657958191e+04 2.096050035189003393e+04 9.025576543417922949e+03 3.097300115813438879e+03 7.618296811372047159e+02 1.150937154071977488e+02
1.756790234471652657e+05 1.124526690694633580e+05 7.003533150144280808e+04 4.174267991657958191e+04 4.246982630410917045e+04 1.166992501555793024e+04 5.025061411492887601e+03 1.724446434741834082e+03 4.241547245648609419e+02 6.407933999737988984e+01
8.821475382373429602e+04 5.646652812689366692e+04 3.516725791239073442e+04 2.096050035189003393e+04 1.166992501555793024e+04 1.361410465906234640e+04 2.523263999684674218e+03 8.659065535431847138e+02 2.129833367494552192e+02 3.217654044369319166e+01
3.798521025396654295e+04 2.431444684975684504e+04 1.514299624444706205e+04 9.025576543417922949e+03 5.025061411492887601e+03 2.523263999684674218e+03 3.711557221054514230e+03 3.728587460817225292e+02 9.171047332042466849e+01 1.385519542956657446e+01
1.303535519895492143e+04 8.343969903907383923e+03 5.196610299193888750e+03 3.097300115813438879e+03 1.724446434741834082e+03 8.659065535431847138e+02 3.728587460817224724e+02 8.207904011925782015e+02 3.147221213738519552e+01 4.754676690422622976e+00
3.206250645208122933e+03 2.052330640759605103e+03 1.278188040938185395e+03 7.618296811372048296e+02 4.241547245648608282e+02 2.129833367494552192e+02 9.171047332042466849e+01 3.147221213738519552e+01 1.358767645284541459e+02 1.169487518655859981e+00
4.843855633622495702e+02 3.100566498491630227e+02 1.931027554623833566e+02 1.150937154071977488e+02 6.407933999737988984e+01 3.217654044369319166e+01 1.385519542956657446e+01 4.754676690422622976e+00 1.169487518655859981e+00 1.439807694110713499e+01
