2.199348299106507620e+05 6.621056714224751340e+05 4.013944865228097187e+05 2.296391372208687826e+05 1.210895712229129713e+05 5.697386638179922738e+04 2.287706737702890314e+04 7.372134566568092851e+03 1.751156792973485608e+03 2.724369443569575537e+02
6.621056714224751340e+05 1.201560559840726055e+05 2.534014760194674891e+05 1.449718376246266998e+05 7.644418921710054565e+04 3.596776318666109000e+04 1.444235741889420751e+04 4.654049428445086960e+03 1.105510242367970022e+03 1.719902144653985658e+02
4.013944865228097187e+05 2.534014760194675182e+05 6.220141543656420981e+04 8.788762705896662374e+04 4.634347265524572140e+04 2.180507199804930497e+04 8.755524821108112519e+03 2.821467722167406464e+03 6.702037684221163545e+02 1.042672292384523018e+02
2.296391372208688117e+05 1.449718376246266998e+05 8.788762705896662374e+04 2.996565007886500098e+04 2.651325674291441101e+04 1.247475510699727056e+04 5.009065229701187491e+03 1.614171183634915678e+03 3.834258324668937803e+02 5.965163291142538071e+01
1.210895712229129713e+05 7.644418921710054565e+04 4.634347265524572140e+04 2.651325674291441101e+04 1.311399034308778937e+04 6.577984769052111915e+03 2.641298727353858339e+03 8.511584692061420583e+02 2.021818676515448203e+02 3.145452791456788333e+01
5.697386638179922738e+04 3.596776318666108273e+04 2.180507199804930497e+04 1.247475510699727056e+04 6.577984769052112824e+03 5.044655415046870985e+03 1.242757730883762861e+03 4.004786572826790234e+02 9.512861096185012855e+01 1.479967310486322418e+01
2.287706737702890314e+04 1.444235741889420751e+04 8.755524821108110700e+03 5.009065229701187491e+03 2.641298727353858339e+03 1.242757730883762861e+03 1.630599737141079004e+03 1.608066611509574386e+02 3.819757690084801283e+01 5.942603868747065476e+00
7.372134566568092851e+03 4.654049428445086960e+03 2.821467722167406464e+03 1.614171183634915678e+03 8.511584692061420583e+02 4.004786572826790234e+02 1.608066611509574386e+02 4.162802788659154203e+02 1.230916849563680060e+01 1.915003993921059022e+00
1.751156792973485381e+03 1.105510242367970022e+03 6.702037684221163545e+02 3.834258324668938940e+02 2.021818676515448487e+02 9.512861096185014276e+01 3.819757690084801283e+01 1.230916849563680060e+01 7.705615712429968767e+01 4.548848399666882703e-01
2.724369443569574969e+02 1.719902144653985374e+02 1.042672292384523018e+02 5.965163291142537361e+01 3.145452791456788333e+01 1.479967310486322418e+01 5.942603868747065476e+00 1.915003993921059244e+00 4.548848399666882703e-01 9.184700070550372075e+00
