1.346061194273208966e+06 7.062873625791941304e+05 4.309227435967350029e+05 2.491222834176261968e+05 1.332555193475059059e+05 6.382678753015674010e+04 2.614918739967380679e+04 8.594230661183793927e+03 2.072063397575650470e+03 3.230475454477621042e+02
7.062873625791941304e+05 5.733377988766514463e+05 2.727763648195932037e+05 1.576957166359491239e+05 8.435144512533690431e+04 4.040269245310866245e+04 1.655257325787473746e+04 5.440193243484599407e+03 1.311627036783546146e+03 2.044907965999511816e+02
4.309227435967351194e+05 2.727763648195932037e+05 2.321933885648746218e+05 9.621391301419032970e+04 5.146482591309839336e+04 2.465064505332488625e+04 1.009911922510087425e+04 3.319191482653696767e+03 8.002548979531628675e+02 1.247647059538775949e+02
2.491222834176261968e+05 1.576957166359491239e+05 9.621391301419032970e+04 8.759815956397942500e+04 2.975251396607609422e+04 1.425087228431039694e+04 5.838437815708364724e+03 1.918869620009747905e+03 4.626382117366196098e+02 7.212816890965829941e+01
1.332555193475059059e+05 8.435144512533690431e+04 5.146482591309837881e+04 2.975251396607609422e+04 3.007500347820213938e+04 7.622792153912950198e+03 3.122980620750402522e+03 1.026403436363407536e+03 2.474651979309963394e+02 3.858136042984383351e+01
6.382678753015672555e+04 4.040269245310866972e+04 2.465064505332488625e+04 1.425087228431039694e+04 7.622792153912950198e+03 9.175647044067764000e+03 1.495846637478612365e+03 4.916271714205444709e+02 1.185309898365985646e+02 1.847971706416323556e+01
2.614918739967380679e+04 1.655257325787473746e+04 1.009911922510087425e+04 5.838437815708363814e+03 3.122980620750402522e+03 1.495846637478612365e+03 2.425443300851388813e+03 2.014146651227490565e+02 4.856094417162398003e+01 7.570952625109622858e+00
8.594230661183793927e+03 5.440193243484598497e+03 3.319191482653696767e+03 1.918869620009747905e+03 1.026403436363407309e+03 4.916271714205444709e+02 2.014146651227490565e+02 5.350443730339922013e+02 1.596011183663058830e+01 2.488280503351271378e+00
2.072063397575650924e+03 1.311627036783546146e+03 8.002548979531628675e+02 4.626382117366196098e+02 2.474651979309963394e+02 1.185309898365985646e+02 4.856094417162398003e+01 1.596011183663058830e+01 9.122375017513108730e+01 5.999228036992320101e-01
3.230475454477621611e+02 2.044907965999511532e+02 1.247647059538775665e+02 7.212816890965829941e+01 3.858136042984383351e+01 1.847971706416323556e+01 7.570952625109622858e+00 2.488280503351271378e+00 5.999228036992320101e-01 1.042969516012288089e+01
