1.962005887969782809e+06 1.024832238959638518e+06 6.318288652828376507e+05 3.754733095038379543e+05 2.094697893683596340e+05 1.053333020900373231e+05 4.489279732778700418e+04 1.477236212018399783e+04 3.256895998377853175e+03 3.884197354636880277e+02
1.024832238959638518e+06 8.253294648286427837e+05 3.972168286010776646e+05 2.360517624637188273e+05 1.316890221268839086e+05 6.622071655994091998e+04 2.822310844185938186e+04 9.287057231390415836e+03 2.047538456445909105e+03 2.441908940293339469e+02
6.318288652828376507e+05 3.972168286010777229e+05 3.396917907721297815e+05 1.455304698229143105e+05 8.118882511453900952e+04 4.082635051055580698e+04 1.740009135512449575e+04 5.725650120338646957e+03 1.262346997272927865e+03 1.505484016033497028e+02
3.754733095038379543e+05 2.360517624637188565e+05 1.455304698229143105e+05 1.332309249843277212e+05 4.824761661820885638e+04 2.426164074396947399e+04 1.034025231476738918e+04 3.402549199429549390e+03 7.501676970648103406e+02 8.946553362233363771e+01
2.094697893683596340e+05 1.316890221268839086e+05 8.118882511453900952e+04 4.824761661820885638e+04 4.802257724121582578e+04 1.353513191945844846e+04 5.768640325599170865e+03 1.898220848405479046e+03 4.185050322292136684e+02 4.991120809189386165e+01
1.053333020900373231e+05 6.622071655994091998e+04 4.082635051055580698e+04 2.426164074396947399e+04 1.353513191945844846e+04 1.517099423646004652e+04 2.900799852319376896e+03 9.545332081615346169e+02 2.104480895260747104e+02 2.509818898216873961e+01
4.489279732778700418e+04 2.822310844185937822e+04 1.740009135512449575e+04 1.034025231476738918e+04 5.768640325599170865e+03 2.900799852319376896e+03 3.969189583932206006e+03 4.068197332312732328e+02 8.969246424116067828e+01 1.069678714057485713e+01
1.477236212018399783e+04 9.287057231390417655e+03 5.725650120338646047e+03 3.402549199429549390e+03 1.898220848405479046e+03 9.545332081615347306e+02 4.068197332312732897e+02 8.036901791200411935e+02 2.951407887434031707e+01 3.519870058649534172e+00
3.256895998377853175e+03 2.047538456445909105e+03 1.262346997272927865e+03 7.501676970648103406e+02 4.185050322292137253e+02 2.104480895260747388e+02 8.969246424116069250e+01 2.951407887434032062e+01 1.132966995248292221e+02 7.760336915355078302e-01
3.884197354636880277e+02 2.441908940293339185e+02 1.505484016033496744e+02 8.946553362233363771e+01 4.991120809189385454e+01 2.509818898216873961e+01 1.069678714057485713e+01 3.519870058649534617e+00 7.760336915355080523e-01 9.027364271532240636e+00
