1.743860510433002491e+05 3.901327212827209150e+05 2.447356023779906391e+05 1.460561075192913704e+05 8.140642922460030240e+04 4.133989672830665222e+04 1.850205381988201771e+04 6.978513484345981851e+03 2.087900687034463772e+03 4.564604257922528063e+02
3.901327212827209150e+05 9.914270119966821221e+04 1.591629749988519179e+05 9.498709776446162141e+04 5.294239715645922115e+04 2.688526264871023523e+04 1.203274840663774376e+04 4.538452748377073476e+03 1.357859181997125461e+03 2.968575010436294406e+02
2.447356023779906682e+05 1.591629749988519179e+05 5.376039414032677450e+04 5.958670811586756463e+04 3.321149125051544252e+04 1.686549369093899804e+04 7.548307970372037744e+03 2.847033603298285016e+03 8.518036727550710339e+02 1.862227784930876453e+02
1.460561075192913704e+05 9.498709776446162141e+04 5.958670811586756463e+04 2.741009617351410998e+04 1.982033300357088592e+04 1.006518191858809405e+04 4.504765427657816872e+03 1.699085225173457047e+03 5.083491229081199663e+02 1.111361563002965340e+02
8.140642922460028785e+04 5.294239715645922115e+04 3.321149125051544252e+04 1.982033300357088228e+04 1.289405520620165589e+04 5.609970944762061663e+03 2.510794476099642907e+03 9.470090876643275806e+02 2.833355454850909041e+02 6.194330244600852353e+01
4.133989672830665222e+04 2.688526264871023886e+04 1.686549369093899804e+04 1.006518191858809405e+04 5.609970944762061663e+03 5.457181480681599169e+03 1.275034236688959709e+03 4.809111302105933987e+02 1.438837485119971689e+02 3.145611164276970584e+01
1.850205381988201771e+04 1.203274840663774194e+04 7.548307970372037744e+03 4.504765427657815962e+03 2.510794476099642907e+03 1.275034236688959254e+03 2.009252697037840107e+03 2.152362322580276555e+02 6.439650481643541013e+01 1.407847422560753436e+01
6.978513484345981851e+03 4.538452748377073476e+03 2.847033603298285016e+03 1.699085225173456820e+03 9.470090876643276943e+02 4.809111302105933987e+02 2.152362322580276555e+02 6.151238057618497805e+02 2.428875635002941280e+01 5.310049531736039441e+00
2.087900687034463772e+03 1.357859181997125233e+03 8.518036727550710339e+02 5.083491229081199094e+02 2.833355454850909041e+02 1.438837485119971689e+02 6.439650481643539592e+01 2.428875635002941635e+01 1.473282982363418228e+02 1.588713139319491763e+00
4.564604257922527495e+02 2.968575010436294406e+02 1.862227784930876737e+02 1.111361563002965340e+02 6.194330244600852353e+01 3.145611164276970584e+01 1.407847422560753614e+01 5.310049531736039441e+00 1.588713139319491985e+00 2.541959268075574130e+01
