3.531945693403678015e+05 1.189566665254180320e+06 7.477065752795896260e+05 4.584833845990895643e+05 2.684336028994575026e+05 1.451255994506755669e+05 6.881497941695924965e+04 2.644887645518745921e+04 7.306668790443555736e+03 1.207504280827195771e+03
1.189566665254180320e+06 1.967950517726186954e+05 4.751638168000833830e+05 2.913639148941034800e+05 1.705882220754972368e+05 9.222659801352889917e+04 4.373157780584532884e+04 1.680812968887073657e+04 4.643351744316245458e+03 7.673629761323727507e+02
7.477065752795897424e+05 4.751638168000833248e+05 1.061497930769032537e+05 1.831378781272203196e+05 1.072238648212708067e+05 5.796937302008913684e+04 2.748764674386257320e+04 1.056481276216273909e+04 2.918596100555120302e+03 4.823288678467562249e+02
4.584833845990896225e+05 2.913639148941034800e+05 1.831378781272203196e+05 5.455200906712309370e+04 6.574819866291664948e+04 3.554602196108723001e+04 1.685504679302540535e+04 6.478197829196287785e+03 1.789642973194198248e+03 2.957574256151713712e+02
2.684336028994575026e+05 1.705882220754972368e+05 1.072238648212708067e+05 6.574819866291664948e+04 2.609217384023339764e+04 2.081154315352441699e+04 9.868320400851751401e+03 3.792865874751825686e+03 1.047803098946084901e+03 1.731605419279710816e+02
1.451255994506755669e+05 9.222659801352887007e+04 5.796937302008913684e+04 3.554602196108723001e+04 2.081154315352441336e+04 1.121388239001067450e+04 5.335196109115129730e+03 2.050570151291897673e+03 5.664829261252426704e+02 9.361729372575295827e+01
6.881497941695923510e+04 4.373157780584533612e+04 2.748764674386256956e+04 1.685504679302540535e+04 9.868320400851751401e+03 5.335196109115129730e+03 4.107547058967909834e+03 9.723297839134337437e+02 2.686122300195326602e+02 4.439101140800923417e+01
2.644887645518746649e+04 1.680812968887073293e+04 1.056481276216273727e+04 6.478197829196287785e+03 3.792865874751825686e+03 2.050570151291897673e+03 9.723297839134337437e+02 1.183782122781565477e+03 1.032404826148670338e+02 1.706158145216129896e+01
7.306668790443555736e+03 4.643351744316245458e+03 2.918596100555120302e+03 1.789642973194198476e+03 1.047803098946084901e+03 5.664829261252426704e+02 2.686122300195326034e+02 1.032404826148670338e+02 2.378265155416449659e+02 4.713369391071702275e+00
1.207504280827195544e+03 7.673629761323727507e+02 4.823288678467561681e+02 2.957574256151713712e+02 1.731605419279711100e+02 9.361729372575295827e+01 4.439101140800923417e+01 1.706158145216129896e+01 4.713369391071702275e+00 2.770317999415681953e+01
