2.433842979817414307e+05 5.377680598822076572e+05 3.381593870969431591e+05 2.027188915355044883e+05 1.132940045907300664e+05 5.718594588924683922e+04 2.494127121530550721e+04 8.830845976169688583e+03 2.324470851674725054e+03 4.016286418402937102e+02
5.377680598822076572e+05 1.370944904096603859e+05 2.194964387478511489e+05 1.315831423192137154e+05 7.353819378676282940e+04 3.711892068670735171e+04 1.618917119705572259e+04 5.732028495616941655e+03 1.508794649457770447e+03 2.606938028244302927e+02
3.381593870969431591e+05 2.194964387478511489e+05 7.369599399796412035e+04 8.274213007128304162e+04 4.624229736625662918e+04 2.334112493007934972e+04 1.018007691048624656e+04 3.604414965300487893e+03 9.487604638095157270e+02 1.639295137803281648e+02
2.027188915355045174e+05 1.315831423192137154e+05 8.274213007128304162e+04 3.717429871628228284e+04 2.772120964796799672e+04 1.399247560045092541e+04 6.102725477345209583e+03 2.160765113376040972e+03 5.687604038063825556e+02 9.827202967450236315e+01
1.132940045907300664e+05 7.353819378676282940e+04 4.624229736625662918e+04 2.772120964796799308e+04 1.719451699944557549e+04 7.820009190586561090e+03 3.410645169817437363e+03 1.207592103627103597e+03 3.178645231916145804e+02 5.492153048367212875e+01
5.718594588924683922e+04 3.711892068670735171e+04 2.334112493007934972e+04 1.399247560045092541e+04 7.820009190586561090e+03 7.060298735578040578e+03 1.721547144821816119e+03 6.095406102358898579e+02 1.604443543946740647e+02 2.772202890823471222e+01
2.494127121530550721e+04 1.618917119705572259e+04 1.018007691048624838e+04 6.102725477345209583e+03 3.410645169817437363e+03 1.721547144821816346e+03 2.460687710589581002e+03 2.658470965240228452e+02 6.997674158738763595e+01 1.209077913964933693e+01
8.830845976169688583e+03 5.732028495616942564e+03 3.604414965300487893e+03 2.160765113376040972e+03 1.207592103627103597e+03 6.095406102358898579e+02 2.658470965240228452e+02 6.835238459782501650e+02 2.477635648712378469e+01 4.280928882590675499e+00
2.324470851674725054e+03 1.508794649457770674e+03 9.487604638095157270e+02 5.687604038063825556e+02 3.178645231916145804e+02 1.604443543946740647e+02 6.997674158738763595e+01 2.477635648712378824e+01 1.385061300264875115e+02 1.126833650199230430e+00
4.016286418402937670e+02 2.606938028244302927e+02 1.639295137803281648e+02 9.827202967450237736e+01 5.492153048367212875e+01 2.772202890823471577e+01 1.209077913964933693e+01 4.280928882590675499e+00 1.126833650199230652e+00 1.806856984781496678e+01
