1.700825066684801131e+06 8.883402140299645253e+05 5.502261128327560145e+05 3.269883260869903024e+05 1.817897849172512360e+05 9.107509081200789660e+04 3.890616059828268772e+04 1.306231690954192891e+04 3.054926748611727362e+03 4.164947851597998465e+02
8.883402140299645253e+05 7.295508294099979103e+05 3.492097619971106178e+05 2.075283467387512210e+05 1.153757810541338840e+05 5.780225628076213616e+04 2.469241420186344112e+04 8.290207376069150996e+03 1.938857894818907880e+03 2.643350459139329018e+02
5.502261128327560145e+05 3.492097619971105596e+05 3.036569204823710024e+05 1.285402976531464374e+05 7.146222418150924204e+04 3.580194871742428222e+04 1.529415292493938068e+04 5.134844181396145359e+03 1.200902791467373163e+03 1.637256115411943540e+02
3.269883260869903024e+05 2.075283467387512501e+05 1.285402976531464374e+05 1.196724349831562140e+05 4.246856432033344754e+04 2.127637894445257189e+04 9.089007859146184273e+03 3.051534749864913010e+03 7.136724056105779255e+02 9.729884207021741815e+01
1.817897849172512360e+05 1.153757810541338986e+05 7.146222418150924204e+04 4.246856432033344754e+04 4.324075243833733839e+04 1.182864354338139128e+04 5.053051292680782353e+03 1.696506577112116929e+03 3.967675380643691483e+02 5.409347723299704569e+01
9.107509081200789660e+04 5.780225628076214343e+04 3.580194871742428222e+04 2.127637894445257189e+04 1.182864354338139310e+04 1.376718226903252798e+04 2.531534462005757632e+03 8.499349435062359817e+02 1.987770631717165486e+02 2.710035854641121844e+01
3.890616059828268772e+04 2.469241420186343748e+04 1.529415292493938068e+04 9.089007859146184273e+03 5.053051292680782353e+03 2.531534462005757177e+03 3.689064404305116568e+03 3.630817725826093465e+02 8.491512085315576996e+01 1.157694043977503107e+01
1.306231690954192891e+04 8.290207376069150996e+03 5.134844181396146269e+03 3.051534749864913010e+03 1.696506577112116929e+03 8.499349435062359817e+02 3.630817725826092897e+02 7.867861096347893408e+02 2.850932093887805863e+01 3.886830839687329231e+00
3.054926748611727362e+03 1.938857894818907425e+03 1.200902791467373163e+03 7.136724056105779255e+02 3.967675380643690914e+02 1.987770631717165486e+02 8.491512085315578418e+01 2.850932093887806218e+01 1.217889403539202675e+02 9.090258322255175827e-01
4.164947851597998465e+02 2.643350459139329587e+02 1.637256115411943824e+02 9.729884207021741815e+01 5.409347723299704569e+01 2.710035854641121844e+01 1.157694043977503284e+01 3.886830839687329231e+00 9.090258322255175827e-01 1.144354701264006735e+01
