1.525631275380769279e+06 7.978801149760588305e+05 4.915460716210794635e+05 2.893468098141453811e+05 1.587835589424785285e+05 7.835197064662595221e+04 3.300203994108265033e+04 1.100315186002347764e+04 2.601511328839759699e+03 3.717970310139454000e+02
7.978801149760588305e+05 6.520005816110818414e+05 3.115075796529985964e+05 1.833678053987231106e+05 1.006259331332627626e+05 4.965400833472261002e+04 2.091438865893964612e+04 6.973029391052740721e+03 1.648656238496885180e+03 2.356189987875762313e+02
4.915460716210794635e+05 3.115075796529985964e+05 2.686677709407807561e+05 1.129665004976662021e+05 6.199212288470791827e+04 3.059010029082577239e+04 1.288462438491365901e+04 4.295839863828602574e+03 1.015679526630446389e+03 1.451566357895762565e+02
2.893468098141453811e+05 1.833678053987231106e+05 1.129665004976662021e+05 1.042546408598456037e+05 3.649143798696466547e+04 1.800675143604509140e+04 7.584487348527180075e+03 2.528730533786926117e+03 5.978760645057263901e+02 8.544592646331815899e+01
1.587835589424785576e+05 1.006259331332627626e+05 6.199212288470792555e+04 3.649143798696465819e+04 3.700331508573504107e+04 9.881484713255853421e+03 4.162105311362840439e+03 1.387680182197648492e+03 3.280937826469207153e+02 4.688978015585397685e+01
7.835197064662593766e+04 4.965400833472261002e+04 3.059010029082577239e+04 1.800675143604509140e+04 9.881484713255853421e+03 1.160116212040464234e+04 2.053796724018540317e+03 6.847527390530568709e+02 1.618983388362307494e+02 2.313782801485848850e+01
3.300203994108264305e+04 2.091438865893964976e+04 1.288462438491365901e+04 7.584487348527180075e+03 4.162105311362840439e+03 2.053796724018539862e+03 3.090729753923990302e+03 2.884195133510387450e+02 6.819197271713166231e+01 9.745709239913589172e+00
1.100315186002347764e+04 6.973029391052740721e+03 4.295839863828601665e+03 2.528730533786926117e+03 1.387680182197648492e+03 6.847527390530569846e+02 2.884195133510387450e+02 6.664137900503933452e+02 2.273576520665718803e+01 3.249299708195109382e+00
2.601511328839759699e+03 1.648656238496885408e+03 1.015679526630446389e+03 5.978760645057263901e+02 3.280937826469207721e+02 1.618983388362307494e+02 6.819197271713166231e+01 2.273576520665718448e+01 1.066405865809847171e+02 7.682426007748717200e-01
3.717970310139454000e+02 2.356189987875762313e+02 1.451566357895762280e+02 8.544592646331815899e+01 4.688978015585397685e+01 2.313782801485848850e+01 9.745709239913589172e+00 3.249299708195109382e+00 7.682426007748716090e-01 1.072641793221655071e+01
