2.887487164684008458e+05 9.030898721999104600e+05 5.699154088497619377e+05 3.456775348329874687e+05 1.971805983250391146e+05 1.025584907983019366e+05 4.651961171102801745e+04 1.726294609319450319e+04 4.780253359370455655e+03 8.653855648819156841e+02
9.030898721999104600e+05 1.624233824765911268e+05 3.686111833944599493e+05 2.235781016078073881e+05 1.275329155211183679e+05 6.633301376534222800e+04 3.008806018854841022e+04 1.116536750801320886e+04 3.091783131954920918e+03 5.597160424341094540e+02
5.699154088497620542e+05 3.686111833944599493e+05 8.766710294130494003e+04 1.410940473479930661e+05 8.048254767154672300e+04 4.186095739089792914e+04 1.898775487547153898e+04 7.046159174375719886e+03 1.951140082471031292e+03 3.532215419341935672e+02
3.456775348329874687e+05 2.235781016078073881e+05 1.410940473479930661e+05 4.467792034603263164e+04 4.881603172009110131e+04 2.539042168703483185e+04 1.151686758323165850e+04 4.273790277674564095e+03 1.183448075537499335e+03 2.142436403187446956e+02
1.971805983250391146e+05 1.275329155211183679e+05 8.048254767154672300e+04 4.881603172009109403e+04 2.101691138753274572e+04 1.448314696641609953e+04 6.569425583265171554e+03 2.437845793116860477e+03 6.750597771239129088e+02 1.222083732047987326e+02
1.025584907983019366e+05 6.633301376534221345e+04 4.186095739089792914e+04 2.539042168703483185e+04 1.448314696641609953e+04 8.840896161112686968e+03 3.416920219101868952e+03 1.267983703593952669e+03 3.511152340979328983e+02 6.356358802674464670e+01
4.651961171102801745e+04 3.008806018854841022e+04 1.898775487547153898e+04 1.151686758323165850e+04 6.569425583265171554e+03 3.416920219101869407e+03 3.178395302735402311e+03 5.751460370366386314e+02 1.592627214862738754e+02 2.883187350893495449e+01
1.726294609319450319e+04 1.116536750801320704e+04 7.046159174375719886e+03 4.273790277674564095e+03 2.437845793116860932e+03 1.267983703593952669e+03 5.751460370366386314e+02 9.155593154251553187e+02 5.910074642822593205e+01 1.069920964178115952e+01
4.780253359370455655e+03 3.091783131954920918e+03 1.951140082471031292e+03 1.183448075537499335e+03 6.750597771239129088e+02 3.511152340979328983e+02 1.592627214862738754e+02 5.910074642822593205e+01 1.926323372775831047e+02 2.962700141483717964e+00
8.653855648819156841e+02 5.597160424341093403e+02 3.532215419341935672e+02 2.142436403187447240e+02 1.222083732047987326e+02 6.356358802674463249e+01 2.883187350893495449e+01 1.069920964178115774e+01 2.962700141483718408e+00 2.592199611266966386e+01
