3.329558595625031739e+05 1.214874204568127869e+06 7.587519566497626947e+05 4.613384711009539315e+05 2.671044755775235244e+05 1.423098132342311437e+05 6.620734009171146317e+04 2.482659311190836888e+04 6.641880867743658200e+03 1.052848595985552947e+03
1.214874204568127869e+06 1.840828575889477215e+05 4.799320895814785617e+05 2.918096414768232498e+05 1.689511413802638708e+05 9.001498504863970447e+04 4.187801665269896330e+04 1.570352287722308211e+04 4.201177651893513030e+03 6.659565385707666110e+02
7.587519566497626947e+05 4.799320895814785617e+05 9.839494749543489888e+04 1.822502573577271833e+05 1.055187513394084235e+05 5.621902726771118614e+04 2.615499362515669054e+04 9.807664583365636645e+03 2.623853359978638309e+03 4.159244017070051314e+02
4.613384711009539315e+05 2.918096414768233080e+05 1.822502573577272124e+05 5.003120487382895226e+04 6.415780412659270223e+04 3.418244903247172624e+04 1.590283183448151249e+04 5.963283447649072514e+03 1.595362604177640833e+03 2.528915093996400856e+02
2.671044755775235826e+05 1.689511413802638999e+05 1.055187513394084526e+05 6.415780412659270223e+04 2.362626946100270652e+04 1.979086006199518670e+04 9.207377713828705964e+03 3.452605403150690108e+03 9.236786403872486062e+02 1.464184286105585215e+02
1.423098132342311437e+05 9.001498504863970447e+04 5.621902726771118614e+04 3.418244903247173352e+04 1.979086006199518670e+04 9.997043856230715392e+03 4.905571874072502396e+03 1.839503546436334773e+03 4.921240444127514024e+02 7.800984683826678179e+01
6.620734009171146317e+04 4.187801665269896330e+04 2.615499362515669054e+04 1.590283183448151249e+04 9.207377713828705964e+03 4.905571874072501487e+03 3.591636437424461292e+03 8.557992884044122093e+02 2.289527562102529998e+02 3.629282016991016491e+01
2.482659311190836161e+04 1.570352287722308211e+04 9.807664583365636645e+03 5.963283447649072514e+03 3.452605403150690108e+03 1.839503546436334773e+03 8.557992884044122093e+02 1.010149353814875781e+03 8.585327415975586973e+01 1.360917200409959804e+01
6.641880867743658200e+03 4.201177651893513030e+03 2.623853359978638764e+03 1.595362604177640833e+03 9.236786403872486062e+02 4.921240444127514024e+02 2.289527562102529998e+02 8.585327415975588394e+01 1.966866067285227189e+02 3.640874072105563020e+00
1.052848595985552947e+03 6.659565385707666110e+02 4.159244017070051314e+02 2.528915093996400572e+02 1.464184286105585215e+02 7.800984683826678179e+01 3.629282016991016491e+01 1.360917200409959804e+01 3.640874072105563020e+00 2.200230758538559783e+01
