3.609235161643397296e+05 1.273983687119552866e+06 8.025837307396214455e+05 4.993095518046537763e+05 3.013314210846664500e+05 1.713068787613001186e+05 8.750558170170561061e+04 3.726056247158026963e+04 1.174625376478648832e+04 2.276787676855386053e+03
1.273983687119552866e+06 2.021152866310310201e+05 5.066216328919647494e+05 3.151833394637994934e+05 1.902119501611191081e+05 1.081354721253773459e+05 5.523687933223482833e+04 2.352029611219372600e+04 7.414685888530854754e+03 1.437195704844151123e+03
8.025837307396214455e+05 5.066216328919647494e+05 1.104409050346123549e+05 1.985590734099332185e+05 1.198296478479507350e+05 6.812314123103162274e+04 3.479810702216559002e+04 1.481730668349884581e+04 4.671100833429332852e+03 9.054039720121901382e+02
4.993095518046537763e+05 3.151833394637994934e+05 1.985590734099332185e+05 5.809543700769043789e+04 7.454934042175448849e+04 4.238129158716612437e+04 2.164886547709596198e+04 9.218256582739209989e+03 2.906021109379564678e+03 5.632768696307216487e+02
3.013314210846664500e+05 1.902119501611190790e+05 1.198296478479507641e+05 7.454934042175448849e+04 2.881736128903579447e+04 2.557694875895494260e+04 1.306500822086476182e+04 5.563182891174959877e+03 1.753772719601358631e+03 3.399354548225283565e+02
1.713068787613001186e+05 1.081354721253773314e+05 6.812314123103162274e+04 4.238129158716612437e+04 2.557694875895493897e+04 1.305667509267590867e+04 7.427455693968976448e+03 3.162668843610822933e+03 9.970195924812350086e+02 1.932532675694255033e+02
8.750558170170558151e+04 5.523687933223482833e+04 3.479810702216559002e+04 2.164886547709596198e+04 1.306500822086476364e+04 7.427455693968976448e+03 5.143283338120966619e+03 1.615528686829045228e+03 5.092894111370462724e+02 9.871605691900703050e+01
3.726056247158026963e+04 2.352029611219372600e+04 1.481730668349884581e+04 9.218256582739209989e+03 5.563182891174960787e+03 3.162668843610822933e+03 1.615528686829045228e+03 1.631521812532765580e+03 2.168594225734558734e+02 4.203407067582571699e+01
1.174625376478648832e+04 7.414685888530854754e+03 4.671100833429332852e+03 2.906021109379564223e+03 1.753772719601358631e+03 9.970195924812350086e+02 5.092894111370462724e+02 2.168594225734558449e+02 3.697177827970821227e+02 1.325108447575936133e+01
2.276787676855386053e+03 1.437195704844151123e+03 9.054039720121902519e+02 5.632768696307216487e+02 3.399354548225282997e+02 1.932532675694255317e+02 9.871605691900703050e+01 4.203407067582571699e+01 1.325108447575936133e+01 4.966906749624295259e+01
