2.076378958706735866e+06 1.132220038801138755e+06 7.138907291342727840e+05 4.346886828427599976e+05 2.501934914682307863e+05 1.318919252545706113e+05 6.082562475161008479e+04 2.294171548165735294e+04 6.412824957213278140e+03 1.149524837455346187e+03
1.132220038801138988e+06 9.063268648803113028e+05 4.593587752631611656e+05 2.797039558330645668e+05 1.609890297343309503e+05 8.486692819993832381e+04 3.913874119698921277e+04 1.476203275376599777e+04 4.126384190329587000e+03 7.396710727822807030e+02
7.138907291342729004e+05 4.593587752631611074e+05 3.856660203447268577e+05 1.763597658833505411e+05 1.015072793989353813e+05 5.351054669213562738e+04 2.467787491210769804e+04 9.307800573154301674e+03 2.601779969767800139e+03 4.663795935171723386e+02
4.346886828427599976e+05 2.797039558330645668e+05 1.763597658833505411e+05 1.565162258484813501e+05 6.180787028062962781e+04 3.258261819425515932e+04 1.502637939269954222e+04 5.667527824901245367e+03 1.584226075433909045e+03 2.839789381444548440e+02
2.501934914682307572e+05 1.609890297343309503e+05 1.015072793989353813e+05 6.180787028062963509e+04 5.885188397769935546e+04 1.875355703738394732e+04 8.648723725217610991e+03 3.262055421438970370e+03 9.118320046790797733e+02 1.634495786114190423e+02
1.318919252545706404e+05 8.486692819993832381e+04 5.351054669213563466e+04 3.258261819425515932e+04 1.875355703738394732e+04 1.977110211017936308e+04 4.559258581907101870e+03 1.719624148877296420e+03 4.806810836689144253e+02 8.616403040142915870e+01
6.082562475161008479e+04 3.913874119698921277e+04 2.467787491210769804e+04 1.502637939269954222e+04 8.648723725217609172e+03 4.559258581907101870e+03 5.693313720210799147e+03 7.930524404092932400e+02 2.216794330965266795e+02 3.973693590542254839e+01
2.294171548165735294e+04 1.476203275376599777e+04 9.307800573154301674e+03 5.667527824901245367e+03 3.262055421438970825e+03 1.719624148877296420e+03 7.930524404092932400e+02 1.341280859248492106e+03 8.361124942002325611e+01 1.498765497893101362e+01
6.412824957213278140e+03 4.126384190329587000e+03 2.601779969767800139e+03 1.584226075433909045e+03 9.118320046790797733e+02 4.806810836689143684e+02 2.216794330965266795e+02 8.361124942002325611e+01 2.422297883563767016e+02 4.189451655253779272e+00
1.149524837455346187e+03 7.396710727822807030e+02 4.663795935171723954e+02 2.839789381444548440e+02 1.634495786114190423e+02 8.616403040142917291e+01 3.973693590542254839e+01 1.498765497893101362e+01 4.189451655253778384e+00 2.950811620027369386e+01
