2.151003126123256981e+06 1.124286596734689781e+06 6.999900095447348431e+05 4.247104628505712608e+05 2.450995895605233964e+05 1.294536418070678628e+05 5.891670257688827405e+04 2.102878265571661177e+04 5.087827308258118137e+03 6.657148006513930341e+02
1.124286596734689781e+06 9.082385259354962036e+05 4.405709482871872024e+05 2.673110884643393802e+05 1.542647139602913812e+05 8.147761104085424449e+04 3.708193998530915269e+04 1.323543277707613925e+04 3.202258419914597653e+03 4.189982671360629638e+02
6.999900095447348431e+05 4.405709482871872024e+05 3.809574391104313545e+05 1.664300649932252127e+05 9.604646974454884185e+04 5.072862550866874517e+04 2.308751843136949537e+04 8.240488450953675056e+03 1.993752223348518555e+03 2.608717402338756415e+02
4.247104628505712608e+05 2.673110884643394384e+05 1.664300649932252127e+05 1.548292334162736952e+05 5.827503259210987017e+04 3.077897930796555011e+04 1.400807226582479962e+04 4.999816592233316442e+03 1.209685021273992561e+03 1.582807697661614554e+02
2.450995895605233964e+05 1.542647139602913812e+05 9.604646974454884185e+04 5.827503259210987744e+04 5.877553327067568898e+04 1.776248963786047170e+04 8.084031506649730545e+03 2.885384519159915271e+03 6.981068943340012538e+02 9.134352717526340371e+01
1.294536418070678628e+05 8.147761104085422994e+04 5.072862550866874517e+04 3.077897930796555011e+04 1.776248963786047170e+04 1.980981381315239196e+04 4.269722853862500415e+03 1.523966379089960583e+03 3.687173854684989465e+02 4.824468400597132245e+01
5.891670257688826678e+04 3.708193998530914541e+04 2.308751843136949537e+04 1.400807226582479962e+04 8.084031506649730545e+03 4.269722853862500415e+03 5.553971852262066022e+03 6.935847662581434179e+02 1.678099760758477430e+02 2.195703155830863196e+01
2.102878265571661177e+04 1.323543277707613925e+04 8.240488450953675056e+03 4.999816592233316442e+03 2.885384519159914362e+03 1.523966379089960583e+03 6.935847662581434179e+02 1.196370857068797022e+03 5.989540079495711922e+01 7.836990602143938389e+00
5.087827308258118137e+03 3.202258419914597653e+03 1.993752223348518328e+03 1.209685021273992334e+03 6.981068943340012538e+02 3.687173854684989465e+02 1.678099760758477146e+02 5.989540079495711922e+01 1.778990078198315246e+02 1.896127581560730135e+00
6.657148006513930341e+02 4.189982671360629070e+02 2.608717402338756415e+02 1.582807697661614554e+02 9.134352717526340371e+01 4.824468400597131534e+01 2.195703155830863906e+01 7.836990602143938389e+00 1.896127581560730135e+00 1.495370162887313725e+01
