2.519062099901947659e+06 1.268624300532967784e+06 7.560523484957495239e+05 4.396547954360212898e+05 2.414889333185506985e+05 1.184578819819428609e+05 4.725445217070067156e+04 1.312632305716887095e+04 1.969819829667470913e+03 1.050983473018193024e+02
1.268624300532968016e+06 9.705814034442479024e+05 4.532749128173751524e+05 2.635855697922269464e+05 1.447794923382113047e+05 7.101887354060371581e+04 2.833038972833452499e+04 7.869604467453582402e+03 1.180963081901569467e+03 6.300945206408571408e+01
7.560523484957495239e+05 4.532749128173751524e+05 3.757189089364161482e+05 1.570870816421229974e+05 8.628312980473483913e+04 4.232457639770769310e+04 1.688384628838390563e+04 4.689988152403599088e+03 7.038095606266975892e+02 3.755126256880681268e+01
4.396547954360212898e+05 2.635855697922269464e+05 1.570870816421229683e+05 1.414184238803624758e+05 5.017482170296258846e+04 2.461232084666296578e+04 9.818187855459567800e+03 2.727292344035301994e+03 4.092748987803539080e+02 2.183657348052784997e+01
2.414889333185506694e+05 1.447794923382112756e+05 8.628312980473485368e+04 5.017482170296259574e+04 4.915806435891080037e+04 1.351879513075727118e+04 5.392830322673248702e+03 1.498018276715865341e+03 2.248021851837347640e+02 1.199416199228559066e+01
1.184578819819428609e+05 7.101887354060371581e+04 4.232457639770768583e+04 2.461232084666296578e+04 1.351879513075727118e+04 1.461934772264292042e+04 2.645352104268860785e+03 7.348248625369611773e+02 1.102725096170362917e+02 5.883511953238347303e+00
4.725445217070067156e+04 2.833038972833452499e+04 1.688384628838390563e+04 9.818187855459567800e+03 5.392830322673248702e+03 2.645352104268860785e+03 3.356284514668920565e+03 2.931315817877585346e+02 4.398919636462596117e+01 2.347012537607481075e+00
1.312632305716887095e+04 7.869604467453580583e+03 4.689988152403599088e+03 2.727292344035302449e+03 1.498018276715865568e+03 7.348248625369611773e+02 2.931315817877584777e+02 5.227938176457615782e+02 1.221930158922329035e+01 6.519522155620980364e-01
1.969819829667470458e+03 1.180963081901569467e+03 7.038095606266975892e+02 4.092748987803539080e+02 2.248021851837347640e+02 1.102725096170362917e+02 4.398919636462596117e+01 1.221930158922329035e+01 4.552970368024369208e+01 9.783611119554820601e-02
1.050983473018193024e+02 6.300945206408572830e+01 3.755126256880681268e+01 2.183657348052784997e+01 1.199416199228559066e+01 5.883511953238347303e+00 2.347012537607481075e+00 6.519522155620979253e-01 9.783611119554820601e-02 1.473927589866422361e+00
