2.662904399948436185e+05 8.873330630972308572e+05 5.453417805398793425e+05 3.201888089728657505e+05 1.752410344333371613e+05 8.633007509829616174e+04 3.638885060924716527e+04 1.219633359009450578e+04 2.924598539779459315e+03 4.303072633241972653e+02
8.873330630972308572e+05 1.459777103724773042e+05 3.450154197968208464e+05 2.025703518124977709e+05 1.108678286134462542e+05 5.461750440548100596e+04 2.302173612380156555e+04 7.716120979035840719e+03 1.850273771322370976e+03 2.722377899423797771e+02
5.453417805398793425e+05 3.450154197968208464e+05 7.642715651580435224e+04 1.244967430340329593e+05 6.813772818248052499e+04 3.356711063731202012e+04 1.414881862403621562e+04 4.742213863733186372e+03 1.137150901846439183e+03 1.673133204111780401e+02
3.201888089728657505e+05 2.025703518124978000e+05 1.244967430340329884e+05 3.754122348466959374e+04 4.000599039242306753e+04 1.970839858442753393e+04 8.307255275981864543e+03 2.784315933798701280e+03 6.676601828016468971e+02 9.823537220037550810e+01
1.752410344333371613e+05 1.108678286134462542e+05 6.813772818248052499e+04 4.000599039242307481e+04 1.686444458591776129e+04 1.078651114022003094e+04 4.546604900198834912e+03 1.523870887284685978e+03 3.654139614043377264e+02 5.376474055280480258e+01
8.633007509829617629e+04 5.461750440548100596e+04 3.356711063731202012e+04 1.970839858442753393e+04 1.078651114022003094e+04 6.684243581137738147e+03 2.239822104141708223e+03 7.507139441672198927e+02 1.800161408086343897e+02 2.648645680832082405e+01
3.638885060924715799e+04 2.302173612380156555e+04 1.414881862403621562e+04 8.307255275981864543e+03 4.546604900198834912e+03 2.239822104141708223e+03 2.220102565546064397e+03 3.164322228780131923e+02 7.587831294806646554e+01 1.116426365746652216e+01
1.219633359009450760e+04 7.716120979035841629e+03 4.742213863733187281e+03 2.784315933798701280e+03 1.523870887284685978e+03 7.507139441672198927e+02 3.164322228780131923e+02 5.738344108727685580e+02 2.543188920435517630e+01 3.741890210174115161e+00
2.924598539779459315e+03 1.850273771322370976e+03 1.137150901846439183e+03 6.676601828016468971e+02 3.654139614043377264e+02 1.800161408086343897e+02 7.587831294806646554e+01 2.543188920435517986e+01 1.037801651094204232e+02 8.972800361559702953e-01
4.303072633241973222e+02 2.722377899423797771e+02 1.673133204111780117e+02 9.823537220037552231e+01 5.376474055280480258e+01 2.648645680832082405e+01 1.116426365746652394e+01 3.741890210174115605e+00 8.972800361559702953e-01 1.125538784635715750e+01
