3.243672968660552287e+05 1.195777108556083404e+06 7.496814838662109105e+05 4.556689270565933548e+05 2.627101803080561804e+05 1.390198569532965485e+05 6.427658947770173836e+04 2.412233707041411617e+04 6.582559722424879510e+03 1.108013077457485906e+03
1.195777108556083404e+06 1.805199572839581815e+05 4.778642575505456189e+05 2.904538770169389318e+05 1.674575242494361009e+05 8.861446115111168183e+04 4.097137967212310468e+04 1.537613365490911019e+04 4.195875291352471322e+03 7.062730746462032130e+02
7.496814838662110269e+05 4.778642575505455607e+05 9.690129711560792930e+04 1.820973925313607033e+05 1.049859579729454854e+05 5.555602315216450370e+04 2.568663046722185754e+04 9.639925879210628409e+03 2.630565505921924341e+03 4.427914222700504183e+02
4.556689270565932384e+05 2.904538770169389318e+05 1.820973925313607615e+05 4.937122114719152160e+04 6.381221872898496804e+04 3.376787876729237178e+04 1.561276301548218544e+04 5.859307955202085395e+03 1.598901650143254528e+03 2.691360219477746227e+02
2.627101803080561804e+05 1.674575242494361009e+05 1.049859579729454854e+05 6.381221872898496804e+04 2.332423476368615229e+04 1.946844516451783056e+04 9.001341858877423874e+03 3.378110197977992812e+03 9.218266066929197677e+02 1.551669834281051124e+02
1.390198569532965485e+05 8.861446115111168183e+04 5.555602315216450370e+04 3.376787876729237178e+04 1.946844516451782692e+04 9.873407426136671347e+03 4.763291837954275252e+03 1.787614000891352134e+03 4.878082868654731783e+02 8.211060498209481295e+01
6.427658947770173836e+04 4.097137967212309013e+04 2.568663046722185754e+04 1.561276301548218908e+04 9.001341858877423874e+03 4.763291837954274342e+03 3.560894047129769206e+03 8.265130881157964495e+02 2.255408233458801135e+02 3.796428628158423635e+01
2.412233707041411617e+04 1.537613365490911019e+04 9.639925879210628409e+03 5.859307955202085395e+03 3.378110197977992812e+03 1.787614000891352134e+03 8.265130881157962222e+02 1.015497873208813189e+03 8.464313069652583010e+01 1.424760270828884323e+01
6.582559722424879510e+03 4.195875291352471322e+03 2.630565505921924341e+03 1.598901650143254528e+03 9.218266066929197677e+02 4.878082868654731783e+02 2.255408233458801419e+02 8.464313069652583010e+01 2.049704641074829397e+02 3.887919128852622919e+00
1.108013077457485679e+03 7.062730746462032130e+02 4.427914222700504183e+02 2.691360219477746227e+02 1.551669834281051124e+02 8.211060498209479874e+01 3.796428628158423635e+01 1.424760270828884323e+01 3.887919128852622919e+00 2.482292381096471701e+01
