2.211319974028108845e+04 5.225618486263533669e+03 2.982662721298893302e+03 1.610133350359146561e+03 8.141078181061059240e+02 3.814244774029150449e+02 1.633820344554534074e+02 6.302191917359064632e+01 2.148398196928640047e+01 6.334578532409606666e+00
5.225618486263533669e+03 1.040507154891978462e+04 1.786343691653480391e+03 9.643234324135688667e+02 4.875765385119747748e+02 2.284385707393041969e+02 9.785097875629489295e+01 3.774439763092396305e+01 1.286695119377060692e+01 3.793836399888243172e+00
2.982662721298893757e+03 1.786343691653480619e+03 4.774905677047975587e+03 5.504136133733610450e+02 2.782974625917381672e+02 1.303874767823150194e+02 5.585108582767902163e+01 2.154363316946550100e+01 7.344159502519112870e+00 2.165434470656225407e+00
1.610133350359146561e+03 9.643234324135688667e+02 5.504136133733610450e+02 2.124094322000719330e+03 1.502335556211154142e+02 7.038718234455919287e+01 3.015013910314178958e+01 1.162991779337152209e+01 3.964603862488838892e+00 1.168968329648257587e+00
8.141078181061059240e+02 4.875765385119747748e+02 2.782974625917381672e+02 1.502335556211153857e+02 9.055208567807959525e+02 3.558882587481596005e+01 1.524436715467037828e+01 5.880262648682602844e+00 2.004563783133798349e+00 5.910480992601073735e-01
3.814244774029150449e+02 2.284385707393041969e+02 1.303874767823150194e+02 7.038718234455920708e+01 3.558882587481596005e+01 3.644551084910352756e+02 7.142266228120751848e+00 2.755011139658800623e+00 9.391749795270574186e-01 2.769168989246706403e-01
1.633820344554534074e+02 9.785097875629487874e+01 5.585108582767902163e+01 3.015013910314179313e+01 1.524436715467037828e+01 7.142266228120751848e+00 1.358683228279401760e+02 1.180100784327513974e+00 4.022927943942611884e-01 1.186165256867232204e-01
6.302191917359064632e+01 3.774439763092397015e+01 2.154363316946550100e+01 1.162991779337152209e+01 5.880262648682602844e+00 2.755011139658800623e+00 1.180100784327513974e+00 4.595337516023629831e+01 1.551777957529699437e-01 4.575436411595799197e-02
2.148398196928640047e+01 1.286695119377060692e+01 7.344159502519112870e+00 3.964603862488839781e+00 2.004563783133798349e+00 9.391749795270574186e-01 4.022927943942611884e-01 1.551777957529699437e-01 1.377457360494651617e+01 1.559752458467381434e-02
6.334578532409606666e+00 3.793836399888243172e+00 2.165434470656225852e+00 1.168968329648257587e+00 5.910480992601073735e-01 2.769168989246706958e-01 1.186165256867232204e-01 4.575436411595799197e-02 1.559752458467381607e-02 3.569652447282512853e+00
