3.569138657619350706e+05 1.145946687492272817e+06 7.096341964542862261e+05 4.269730088428540621e+05 2.434167958240592270e+05 1.263488468283160764e+05 5.614940635062073852e+04 1.937682258215142792e+04 4.491281865955231297e+03 5.547947768833432747e+02
1.145946687492272817e+06 1.951828772900628101e+05 4.452049754803874530e+05 2.678711213220338104e+05 1.527130022169750882e+05 7.926779111722149537e+04 3.522659308481727203e+04 1.215648550433161654e+04 2.817706704382186217e+03 3.480629826932348578e+02
7.096341964542862261e+05 4.452049754803874530e+05 1.029626456863983622e+05 1.658807604293126205e+05 9.456842085168599442e+04 4.908704381115022989e+04 2.181427404120401843e+04 7.527974832278324357e+03 1.744881376099436011e+03 2.155400401562409911e+02
4.269730088428540621e+05 2.678711213220338686e+05 1.658807604293126205e+05 5.145154050465485489e+04 5.689996817277504306e+04 2.953471365383666489e+04 1.312522179685495212e+04 4.529435138119381008e+03 1.049860977598800218e+03 1.296862241580944897e+02
2.434167958240591979e+05 1.527130022169751173e+05 9.456842085168599442e+04 5.689996817277504306e+04 2.369994560175847801e+04 1.683770452535558434e+04 7.482673068560182401e+03 2.582225492899274286e+03 5.985244732925730204e+02 7.393395950867349598e+01
1.263488468283160764e+05 7.926779111722149537e+04 4.908704381115022989e+04 2.953471365383666489e+04 1.683770452535558434e+04 9.651731628249497589e+03 3.883984711101151333e+03 1.340339774722545144e+03 3.106723870184446810e+02 3.837644191210326738e+01
5.614940635062075307e+04 3.522659308481727930e+04 2.181427404120401843e+04 1.312522179685495212e+04 7.482673068560184220e+03 3.883984711101150424e+03 3.262832755753619040e+03 5.956467712052698289e+02 1.380627567129213276e+02 1.705448435268791840e+01
1.937682258215142792e+04 1.215648550433161836e+04 7.527974832278324357e+03 4.529435138119381008e+03 2.582225492899273377e+03 1.340339774722545144e+03 5.956467712052698289e+02 8.294864363282598561e+02 4.764462735943847349e+01 5.885400024865234059e+00
4.491281865955231297e+03 2.817706704382186217e+03 1.744881376099436011e+03 1.049860977598800218e+03 5.985244732925730204e+02 3.106723870184446810e+02 1.380627567129213276e+02 4.764462735943846639e+01 1.370407757689753225e+02 1.364155051402385688e+00
5.547947768833432747e+02 3.480629826932348578e+02 2.155400401562409911e+02 1.296862241580944897e+02 7.393395950867349598e+01 3.837644191210326738e+01 1.705448435268791840e+01 5.885400024865234059e+00 1.364155051402385688e+00 1.166641508967699004e+01
