1.050354349806947401e+06 5.307470769611339783e+05 3.200111660280773649e+05 1.819166299940049939e+05 9.510373892713671376e+04 4.417242849612997088e+04 1.738240542446874315e+04 5.423441289086597862e+03 1.223284816828107751e+03 1.752237617486857175e+02
5.307470769611339783e+05 4.449813358735417132e+05 2.010260137052114587e+05 1.142771841629180562e+05 5.974268261409986007e+04 2.774842930160879041e+04 1.091935545393503344e+04 3.406921066040786627e+03 7.684484057393432295e+02 1.100728289202241541e+02
3.200111660280773649e+05 2.010260137052114587e+05 1.785570670030962501e+05 6.890282875181753479e+04 3.602153710284768022e+04 1.673076989344541653e+04 6.583768093638847859e+03 2.054185185817180809e+03 4.633319353562303604e+02 6.636783481211608660e+01
1.819166299940049939e+05 1.142771841629180417e+05 6.890282875181753479e+04 6.655871489832352381e+04 2.047714996413319022e+04 9.510934615180603942e+03 3.742672229605105713e+03 1.167741897964533109e+03 2.633901350842560873e+02 3.772809867503080028e+01
9.510373892713671376e+04 5.974268261409987463e+04 3.602153710284768022e+04 2.047714996413319022e+04 2.255322591986955740e+04 4.972197663429737986e+03 1.956622231985820463e+03 6.104808592922920525e+02 1.376970683981000434e+02 1.972377812147040643e+01
4.417242849612997088e+04 2.774842930160879041e+04 1.673076989344541653e+04 9.510934615180603942e+03 4.972197663429737986e+03 6.791414963512608665e+03 9.087839932618092007e+02 2.835474441862369304e+02 6.395557079624182961e+01 9.161019204635962865e+00
1.738240542446874315e+04 1.091935545393503344e+04 6.583768093638847859e+03 3.742672229605105713e+03 1.956622231985820463e+03 9.087839932618094281e+02 1.770800550809567540e+03 1.115794806787430673e+02 2.516732039831105894e+01 3.604976120574349352e+00
5.423441289086598772e+03 3.406921066040786172e+03 2.054185185817180354e+03 1.167741897964533337e+03 6.104808592922920525e+02 2.835474441862369872e+02 1.115794806787430531e+02 3.821810150150026288e+02 7.852393339746488010e+00 1.124779675830837933e+00
1.223284816828107978e+03 7.684484057393432295e+02 4.633319353562303604e+02 2.633901350842560873e+02 1.376970683981000434e+02 6.395557079624182251e+01 2.516732039831106249e+01 7.852393339746488010e+00 6.242914006156129147e+01 2.536997869764779923e-01
1.752237617486857175e+02 1.100728289202241541e+02 6.636783481211608660e+01 3.772809867503080028e+01 1.972377812147040643e+01 9.161019204635962865e+00 3.604976120574349352e+00 1.124779675830838155e+00 2.536997869764779923e-01 6.643060104556351320e+00
