4.042571560584739782e+05 1.819169271746086888e+05 1.020876652095884638e+05 5.305542476656604413e+04 2.496546730666969233e+04 1.033031013122599325e+04 3.618831082967548355e+03 1.021467364858463839e+03 2.177074190092212120e+02 3.218291836263509964e+01
1.819169271746086888e+05 1.595194644311535812e+05 6.078760646386184817e+04 3.159159605483985069e+04 1.486556675293332592e+04 6.151133201228612052e+03 2.154815464522554066e+03 6.082278016958929356e+02 1.296328296256562567e+02 1.916316307430557586e+01
1.020876652095884492e+05 6.078760646386184817e+04 5.891074257767197560e+04 1.772848921523117679e+04 8.342219854932038288e+03 3.451876835539790136e+03 1.209233704346158220e+03 3.413236863389639666e+02 7.274701214743670619e+01 1.075393371397882980e+01
5.305542476656604413e+04 3.159159605483985069e+04 1.772848921523117679e+04 2.023612336584425793e+04 4.335489669499559568e+03 1.793956119727499981e+03 6.284442659592507425e+02 1.773874750140041101e+02 3.780695368100439424e+01 5.588868350895081605e+00
2.496546730666969233e+04 1.486556675293332592e+04 8.342219854932038288e+03 4.335489669499559568e+03 6.434660946519212303e+03 8.441540719674030697e+02 2.957172587892785600e+02 8.347046937348343931e+01 1.779023106950391409e+01 2.629866987390119260e+00
1.033031013122599325e+04 6.151133201228612052e+03 3.451876835539790136e+03 1.793956119727500209e+03 8.441540719674030697e+02 1.875140504239924667e+03 1.223630608201408876e+02 3.453874204857051922e+01 7.361312407921559497e+00 1.088196797996846765e+00
3.618831082967548809e+03 2.154815464522554066e+03 1.209233704346157992e+03 6.284442659592508562e+02 2.957172587892785600e+02 1.223630608201409160e+02 4.869330843567926195e+02 1.209933406685938273e+01 2.578755701892920804e+00 3.812083419522071526e-01
1.021467364858463839e+03 6.082278016958929356e+02 3.413236863389639097e+02 1.773874750140041101e+02 8.347046937348343931e+01 3.453874204857051211e+01 1.209933406685938273e+01 1.064820226729636090e+02 7.278910595811086681e-01 1.076015629324904299e-01
2.177074190092212120e+02 1.296328296256562567e+02 7.274701214743672040e+01 3.780695368100439424e+01 1.779023106950391409e+01 7.361312407921561274e+00 2.578755701892920804e+00 7.278910595811086681e-01 1.802703556003852015e+01 2.293334016661088479e-02
3.218291836263509964e+01 1.916316307430557586e+01 1.075393371397882802e+01 5.588868350895081605e+00 2.629866987390119260e+00 1.088196797996846987e+00 3.812083419522071526e-01 1.076015629324904299e-01 2.293334016661088479e-02 2.129418500011068804e+00
