2.652409548165022279e+05 6.694197219779806910e+05 4.041248892878087936e+05 2.310390925768764573e+05 1.214190123475221189e+05 5.613741290797299735e+04 2.142401375025297966e+04 6.145376476705271671e+03 1.155561211945887408e+03 1.164032452107716296e+02
6.694197219779808074e+05 1.423008800801665930e+05 2.523642587317511206e+05 1.442772046012132196e+05 7.582264755091915140e+04 3.505618429145887785e+04 1.337867449507900892e+04 3.837609165583385220e+03 7.216144226746716868e+02 7.269044661751998149e+01
4.041248892878089100e+05 2.523642587317511206e+05 7.244021254762433819e+04 8.709933009433759435e+04 4.577370226930909121e+04 2.116321962218024419e+04 8.076629910403622489e+03 2.316742886792748322e+03 4.356345340561690023e+02 4.388281033129302955e+01
2.310390925768764573e+05 1.442772046012132196e+05 8.709933009433759435e+04 3.423605403945437865e+04 2.616892677613239721e+04 1.209905944207126413e+04 4.617427174226766510e+03 1.324487029843219261e+03 2.490532261471476261e+02 2.508789967510414698e+01
1.214190123475221189e+05 7.582264755091915140e+04 4.577370226930909121e+04 2.616892677613239721e+04 1.456550609855832408e+04 6.358473067935195104e+03 2.426617248311231833e+03 6.960636195242838085e+02 1.308860608976322055e+02 1.318455663260227340e+01
5.613741290797299735e+04 3.505618429145887785e+04 2.116321962218024055e+04 1.209905944207126777e+04 6.358473067935195104e+03 5.333530331013246723e+03 1.121933145429978367e+03 3.218211881646093389e+02 6.051445076392459299e+01 6.095807282425588447e+00
2.142401375025297966e+04 1.337867449507900892e+04 8.076629910403622489e+03 4.617427174226766510e+03 2.426617248311231833e+03 1.121933145429978140e+03 1.575758829959101831e+03 1.228182989419897524e+02 2.309444554170389097e+01 2.326374734291146495e+00
6.145376476705269852e+03 3.837609165583384765e+03 2.316742886792748322e+03 1.324487029843219034e+03 6.960636195242839221e+02 3.218211881646093957e+02 1.228182989419897524e+02 3.417614967478820631e+02 6.624531893462871857e+00 6.673095310137893144e-01
1.155561211945887408e+03 7.216144226746716868e+02 4.356345340561690023e+02 2.490532261471476261e+02 1.308860608976322055e+02 6.051445076392459299e+01 2.309444554170389097e+01 6.624531893462871857e+00 4.742371835898947552e+01 1.254792140602516981e-01
1.164032452107716296e+02 7.269044661751998149e+01 4.388281033129302955e+01 2.508789967510415408e+01 1.318455663260226984e+01 6.095807282425588447e+00 2.326374734291146940e+00 6.673095310137892033e-01 1.254792140602516703e-01 3.438267454238502552e+00
