2.761978525915233695e+04 1.731316608613499193e+04 1.021727631035782724e+04 5.704317792952446325e+03 2.981375249545699717e+03 1.440469201783691233e+03 6.337476284773274529e+02 2.492548388095025587e+02 8.575476676078282878e+01 2.512737574701501586e+01
1.731316608613499193e+04 1.537567072805996395e+04 6.317179371105396967e+03 3.526888927466681707e+03 1.843336878817824754e+03 8.906191875221883265e+02 3.918360748495535404e+02 1.541103008322621690e+02 5.302080780628313761e+01 1.553585661162355080e+01
1.021727631035782724e+04 6.317179371105397877e+03 8.136204464660448139e+03 2.081375440435874225e+03 1.087835819875669813e+03 5.255943529305112634e+02 2.312400531009799352e+02 9.094740488492034558e+01 3.128995822370165314e+01 9.168406225027633027e+00
5.704317792952446325e+03 3.526888927466682617e+03 2.081375440435874225e+03 4.055828539455997998e+03 6.073400615423379350e+02 2.934399666041567798e+02 1.291016029399122829e+02 5.077604678087952550e+01 1.746922173918864019e+01 5.118732348406996202e+00
2.981375249545699262e+03 1.843336878817824527e+03 1.087835819875669813e+03 6.073400615423379350e+02 1.884510956631693489e+03 1.533670958413312917e+02 6.747525955816595911e+01 2.653822150815621583e+01 9.130330253757806602e+00 2.675317625438749847e+00
1.440469201783691233e+03 8.906191875221884402e+02 5.255943529305111497e+02 2.934399666041567798e+02 1.533670958413313201e+02 8.058689021863659718e+02 3.260107337736482691e+01 1.282209972006632093e+01 4.411373420590408045e+00 1.292595638546614856e+00
6.337476284773274529e+02 3.918360748495535404e+02 2.312400531009799352e+02 1.291016029399122829e+02 6.747525955816595911e+01 3.260107337736482691e+01 3.123765777630646880e+02 5.641200297534773256e+00 1.940824170461441733e+00 5.686892989414059629e-01
2.492548388095025018e+02 1.541103008322621690e+02 9.094740488492034558e+01 5.077604678087952550e+01 2.653822150815621583e+01 1.282209972006632093e+01 5.641200297534773256e+00 1.077417172485247931e+02 7.633319542800621749e-01 2.236672031119091852e-01
8.575476676078282878e+01 5.302080780628313761e+01 3.128995822370164959e+01 1.746922173918864019e+01 9.130330253757806602e+00 4.411373420590408934e+00 1.940824170461441733e+00 7.633319542800622859e-01 3.235225065400162237e+01 7.695148036647533885e-02
2.512737574701501941e+01 1.553585661162355080e+01 9.168406225027633027e+00 5.118732348406996202e+00 2.675317625438749847e+00 1.292595638546614856e+00 5.686892989414059629e-01 2.236672031119091852e-01 7.695148036647533885e-02 8.233251067643188037e+00
