2.811804666880317382e+05 9.087752564216952305e+05 5.697810476116387872e+05 3.437286952253811178e+05 1.952134752099665347e+05 1.011112207726359920e+05 4.563204856663281680e+04 1.679286524424394520e+04 4.577025862907212286e+03 8.037354611510559153e+02
9.087752564216952305e+05 1.571560527748512395e+05 3.657250212893183343e+05 2.206289326505219797e+05 1.253015569338295754e+05 6.490019898813127656e+04 2.928981580461767589e+04 1.077882640130537584e+04 2.937852861498559832e+03 5.158932012087614112e+02
5.697810476116387872e+05 3.657250212893183343e+05 8.433867210946819978e+04 1.383292332078189647e+05 7.856117546404449968e+04 4.069092232469641021e+04 1.836403644969286688e+04 6.758074623578792853e+03 1.841965732809027941e+03 3.234530942203068093e+02
3.437286952253811178e+05 2.206289326505220088e+05 1.383292332078189356e+05 4.275818325096838817e+04 4.739317050087969255e+04 2.454739008398622900e+04 1.107837179629512866e+04 4.076906703611191006e+03 1.111192589929481983e+03 1.951277784843738061e+02
1.952134752099665347e+05 1.253015569338295900e+05 7.856117546404449968e+04 4.739317050087968528e+04 2.001615120952501093e+04 1.394117335035862561e+04 6.291728005439914341e+03 2.315393322622958749e+03 6.310784351753474084e+02 1.108187133546086756e+02
1.011112207726360066e+05 6.490019898813128384e+04 4.069092232469641021e+04 2.454739008398623264e+04 1.394117335035862561e+04 8.373668277630744342e+03 3.258813453913312060e+03 1.199262731055897348e+03 3.268683727659311558e+02 5.739878038483499978e+01
4.563204856663282408e+04 2.928981580461767589e+04 1.836403644969286688e+04 1.107837179629512866e+04 6.291728005439914341e+03 3.258813453913312514e+03 2.988508283319799375e+03 5.412338489192263751e+02 1.475174896215661136e+02 2.590438444093170034e+01
1.679286524424394156e+04 1.077882640130537584e+04 6.758074623578792853e+03 4.076906703611191006e+03 2.315393322622958294e+03 1.199262731055897348e+03 5.412338489192263751e+02 8.508997720839043950e+02 5.428731346055606366e+01 9.532967526462172714e+00
4.577025862907212286e+03 2.937852861498560287e+03 1.841965732809028168e+03 1.111192589929481983e+03 6.310784351753474084e+02 3.268683727659311558e+02 1.475174896215661136e+02 5.428731346055606366e+01 1.754377485381481847e+02 2.598284347802280791e+00
8.037354611510559153e+02 5.158932012087614112e+02 3.234530942203068093e+02 1.951277784843738061e+02 1.108187133546086756e+02 5.739878038483499267e+01 2.590438444093170389e+01 9.532967526462174490e+00 2.598284347802280791e+00 2.277153364169030780e+01
