2.922548856442781980e+05 7.962475204945697915e+05 5.023485269152469118e+05 3.062544531197441975e+05 1.764037521677571931e+05 9.288541302596357127e+04 4.255861850640835473e+04 1.578144668680193718e+04 4.252960220325771843e+03 7.106901095831999555e+02
7.962475204945696751e+05 1.638237784697817697e+05 3.231699086030508042e+05 1.970190382198194857e+05 1.134837297430901672e+05 5.975486903980050556e+04 2.737873033577846945e+04 1.015249057206483485e+04 2.736006362226231431e+03 4.571998233366852560e+02
5.023485269152467954e+05 3.231699086030508042e+05 8.838151723733679682e+04 1.242983131206623366e+05 7.159631018992682220e+04 3.769904416093184409e+04 1.727310226905992749e+04 6.405154869719287490e+03 1.726132553406756415e+03 2.884450523832572912e+02
3.062544531197441393e+05 1.970190382198194857e+05 1.242983131206623366e+05 4.515064483909847331e+04 4.364835895359744609e+04 2.298304769308332106e+04 1.053046680872391880e+04 3.904873004841312195e+03 1.052328717677243276e+03 1.758491904319532182e+02
1.764037521677571931e+05 1.134837297430901526e+05 7.159631018992680765e+04 4.364835895359744609e+04 2.132700914371381077e+04 1.323832456315403215e+04 6.065589702333595596e+03 2.249221987715101477e+03 6.061454206498275425e+02 1.012898153540649417e+02
9.288541302596357127e+04 5.975486903980051284e+04 3.769904416093185137e+04 2.298304769308332106e+04 1.323832456315403215e+04 9.001420036291036013e+03 3.193836853376556064e+03 1.184328058494562583e+03 3.191659307638381051e+02 5.333416222087337388e+01
4.255861850640835473e+04 2.737873033577846945e+04 1.727310226905992749e+04 1.053046680872391880e+04 6.065589702333595596e+03 3.193836853376556064e+03 3.228111200877868669e+03 5.426402745694471150e+02 1.462367517688068119e+02 2.443686462030995799e+01
1.578144668680193718e+04 1.015249057206483667e+04 6.405154869719287490e+03 3.904873004841312195e+03 2.249221987715101477e+03 1.184328058494562583e+03 5.426402745694471150e+02 9.140750399525395551e+02 5.422703045078888806e+01 9.061597620701625999e+00
4.252960220325771843e+03 2.736006362226230976e+03 1.726132553406756415e+03 1.052328717677243503e+03 6.061454206498275425e+02 3.191659307638380483e+02 1.462367517688068119e+02 5.422703045078888806e+01 1.833806236374338425e+02 2.442020365957489503e+00
7.106901095832000692e+02 4.571998233366852560e+02 2.884450523832572344e+02 1.758491904319532466e+02 1.012898153540649275e+02 5.333416222087338099e+01 2.443686462030996154e+01 9.061597620701627775e+00 2.442020365957489503e+00 2.222504290795265547e+01
