1.315369578976403500e+04 5.069274764650960606e+03 3.015491564496086539e+03 1.708792488629441323e+03 9.153880182635016354e+02 4.594184583658889665e+02 2.137653877768091206e+02 9.108331708922324310e+01 3.502839065491399140e+01 1.195274306806268250e+01
5.069274764650960606e+03 7.440778232079817826e+03 1.870639337262230583e+03 1.060037602520245628e+03 5.678546264175583929e+02 2.849970633650956415e+02 1.326078799319198254e+02 5.650290583515620568e+01 2.172961989068627631e+01 7.414801498555318560e+00
3.015491564496086539e+03 1.870639337262230583e+03 4.024101448927980528e+03 6.305703669366104123e+02 3.377920738806364511e+02 1.695323848840093035e+02 7.888267294344362313e+01 3.361112660602878321e+01 1.292600786546288205e+01 4.410743628895803958e+00
1.708792488629441550e+03 1.060037602520245628e+03 6.305703669366104123e+02 2.066856778780983859e+03 1.914170695623386962e+02 9.606913488999964557e+01 4.470054587312186811e+01 1.904646040299997622e+01 7.324797525062590964e+00 2.499441772965734110e+00
9.153880182635016354e+02 5.678546264175582792e+02 3.377920738806364511e+02 1.914170695623386962e+02 1.000413848175393923e+03 5.146355428667620657e+01 2.394576543048410500e+01 1.020305376998718216e+01 3.923842090402855920e+00 1.338933232996127431e+00
4.594184583658889665e+02 2.849970633650956415e+02 1.695323848840093035e+02 9.606913488999964557e+01 5.146355428667620657e+01 4.522196054775137100e+02 1.201799282814891079e+01 5.120747857858084728e+00 1.969312955902324802e+00 6.719889593102216230e-01
2.137653877768091206e+02 1.326078799319197969e+02 7.888267294344362313e+01 4.470054587312186811e+01 2.394576543048410500e+01 1.201799282814891079e+01 1.888976646369237926e+02 2.382661452993925622e+00 9.163126557206936473e-01 3.126735068060328970e-01
9.108331708922325731e+01 5.650290583515620568e+01 3.361112660602878321e+01 1.904646040299997622e+01 1.020305376998718394e+01 5.120747857858085617e+00 2.382661452993925177e+00 7.201536505579218783e+01 3.904317581151959260e-01 1.332270881736400125e-01
3.502839065491399140e+01 2.172961989068627986e+01 1.292600786546288205e+01 7.324797525062590964e+00 3.923842090402855920e+00 1.969312955902324802e+00 9.163126557206936473e-01 3.904317581151960370e-01 2.469552086823664894e+01 5.123584251758755287e-02
1.195274306806268605e+01 7.414801498555318560e+00 4.410743628895803958e+00 2.499441772965734110e+00 1.338933232996127654e+00 6.719889593102216230e-01 3.126735068060328970e-01 1.332270881736400125e-01 5.123584251758756675e-02 7.487830855039772082e+00
