1.199247348889388610e+06 6.380010421025949763e+05 3.968432555474950350e+05 2.353401727736406319e+05 1.304580034407095955e+05 6.580199035340578121e+04 2.909264253621887474e+04 1.071267746356620773e+04 3.061744273707400225e+03 6.157566862160929304e+02
6.380010421025950927e+05 5.262597840435871622e+05 2.551428783606929646e+05 1.513075206293460797e+05 8.387551013593617245e+04 4.230614729099552642e+04 1.870456522076696638e+04 6.887513709243035919e+03 1.968490672016931512e+03 3.958891353067564296e+02
3.968432555474949768e+05 2.551428783606929646e+05 2.208841348192437144e+05 9.411484482452263182e+04 5.217143594837465935e+04 2.631486175210780857e+04 1.163443327827037865e+04 4.284104856625737739e+03 1.224421584365462195e+03 2.462471421257525890e+02
2.353401727736406319e+05 1.513075206293460797e+05 9.411484482452263182e+04 8.714757240969320992e+04 3.093925518023566474e+04 1.560551685000058387e+04 6.899574327032629299e+03 2.540605045051668185e+03 7.261194015123072631e+02 1.460320773070415612e+02
1.304580034407095955e+05 8.387551013593617245e+04 5.217143594837465935e+04 3.093925518023566474e+04 3.170369343358785773e+04 8.650731181665280019e+03 3.824696313795987862e+03 1.408353949105105585e+03 4.025155852671686603e+02 8.095113137398791991e+01
6.580199035340576665e+04 4.230614729099553369e+04 2.631486175210781585e+04 1.560551685000058387e+04 8.650731181665280019e+03 1.042374550097404790e+04 1.929146723907131445e+03 7.103626495043886280e+02 2.030256937887539550e+02 4.083111365558595907e+01
2.909264253621886746e+04 1.870456522076696638e+04 1.163443327827038047e+04 6.899574327032629299e+03 3.824696313795987408e+03 1.929146723907131445e+03 3.031787273695405020e+03 3.140684122489140577e+02 8.976254218666409201e+01 1.805241737457876994e+01
1.071267746356620773e+04 6.887513709243035919e+03 4.284104856625737739e+03 2.540605045051668185e+03 1.408353949105105585e+03 7.103626495043886280e+02 3.140684122489140009e+02 7.579215420436287332e+02 3.305293293857192793e+01 6.647375690633142042e+00
3.061744273707400225e+03 1.968490672016931512e+03 1.224421584365462195e+03 7.261194015123072631e+02 4.025155852671686603e+02 2.030256937887539266e+02 8.976254218666409201e+01 3.305293293857192793e+01 1.540361953278757028e+02 1.899857857682808238e+00
6.157566862160929304e+02 3.958891353067563728e+02 2.462471421257525321e+02 1.460320773070415896e+02 8.095113137398791991e+01 4.083111365558595907e+01 1.805241737457876994e+01 6.647375690633142042e+00 1.899857857682808682e+00 2.290765335368412536e+01
