6.621676534488664474e+05 3.229882446482563973e+05 1.961062366641314002e+05 1.122516045657744398e+05 5.935158701644592657e+04 2.821028620050414611e+04 1.162980739204312340e+04 3.963063897968328547e+03 1.046466253790199289e+03 1.963759020829982092e+02
3.229882446482563973e+05 2.894690095221810043e+05 1.243917734512841707e+05 7.120210148442904756e+04 3.764719211234688555e+04 1.789401290719293320e+04 7.376880975339710858e+03 2.513803512599893111e+03 6.637820162182197237e+02 1.245628244094889254e+02
1.961062366641313711e+05 1.243917734512841416e+05 1.198313794114898483e+05 4.323122093776277325e+04 2.285795005995979227e+04 1.086456732773832664e+04 4.478962904574265849e+03 1.526286342420607070e+03 4.030233153149130203e+02 7.562983213151359507e+01
1.122516045657744253e+05 7.120210148442904756e+04 4.323122093776277325e+04 4.638074018954223720e+04 1.308393662007450439e+04 6.218900205301723872e+03 2.563767381300228408e+03 8.736493743285255960e+02 2.306913568434797810e+02 4.329066813077720610e+01
5.935158701644593384e+04 3.764719211234688555e+04 2.285795005995979227e+04 1.308393662007450257e+04 1.656554398294271596e+04 3.288163212538147945e+03 1.355558910803854815e+03 4.619308299681346170e+02 1.219750772615007577e+02 2.288938199594616307e+01
2.821028620050414611e+04 1.789401290719293320e+04 1.086456732773832482e+04 6.218900205301722963e+03 3.288163212538148400e+03 5.384678284883366359e+03 6.443080422571374584e+02 2.195594351104147393e+02 5.797573429539596646e+01 1.087950717946909585e+01
1.162980739204312340e+04 7.376880975339711767e+03 4.478962904574265849e+03 2.563767381300228408e+03 1.355558910803854815e+03 6.443080422571375721e+02 1.562782996038636611e+03 9.051428699770801245e+01 2.390073671977403080e+01 4.485121920362323600e+00
3.963063897968328547e+03 2.513803512599892656e+03 1.526286342420607070e+03 8.736493743285255960e+02 4.619308299681346170e+02 2.195594351104147393e+02 9.051428699770801245e+01 3.902108173522331640e+02 8.144601508515783905e+00 1.528385136690696866e+00
1.046466253790199289e+03 6.637820162182196100e+02 4.030233153149129635e+02 2.306913568434797810e+02 1.219750772615007577e+02 5.797573429539595935e+01 2.390073671977402725e+01 8.144601508515783905e+00 7.830070146858177793e+01 4.035775121267340393e-01
1.963759020829982376e+02 1.245628244094889254e+02 7.562983213151359507e+01 4.329066813077720610e+01 2.288938199594616663e+01 1.087950717946909585e+01 4.485121920362323600e+00 1.528385136690697088e+00 4.035775121267339838e-01 1.139079350937188018e+01
