2.179841618726904038e+06 1.125722845942032756e+06 7.110658298908883007e+05 4.454277033234460396e+05 2.718046967900016461e+05 1.567282446163558343e+05 8.117721727027787711e+04 3.478598829043944716e+04 1.080530781676273546e+04 1.970820560649601020e+03
1.125722845942032756e+06 9.316382739819181152e+05 4.483817784455165383e+05 2.808764778019434307e+05 1.713937981737167283e+05 9.882923085266101407e+04 5.118848848986395751e+04 2.193524514747887588e+04 6.813578900669094764e+03 1.242754173852872327e+03
7.110658298908883007e+05 4.483817784455164801e+05 4.050832898908340721e+05 1.774163742923210957e+05 1.082613484978707856e+05 6.242574653881035192e+04 3.233334490821870713e+04 1.385545594182185778e+04 4.303815235691500675e+03 7.849889794513078414e+02
4.454277033234460396e+05 2.808764778019434889e+05 1.774163742923210957e+05 1.757110604428835795e+05 6.781735500847431831e+04 3.910489822482490854e+04 2.025433786551476078e+04 8.679370684444116705e+03 2.696007114076464859e+03 4.917348346001463142e+02
2.718046967900015879e+05 1.713937981737167283e+05 1.082613484978707565e+05 6.781735500847431831e+04 7.368277015119038697e+04 2.386222259122546166e+04 1.235941123810362660e+04 5.296243811535702662e+03 1.645132062325116749e+03 3.000617981825898823e+02
1.567282446163558343e+05 9.882923085266101407e+04 6.242574653881035192e+04 3.910489822482490854e+04 2.386222259122546529e+04 2.850880195434024063e+04 7.126693727946271792e+03 3.053924400296687509e+03 9.486173834939612561e+02 1.730218773295108008e+02
8.117721727027787711e+04 5.118848848986395024e+04 3.233334490821870713e+04 2.025433786551476078e+04 1.235941123810362660e+04 7.126693727946270883e+03 9.521488754826386867e+03 1.581776693643998897e+03 4.913353022918729494e+02 8.961648592996053253e+01
3.478598829043944716e+04 2.193524514747887588e+04 1.385545594182186142e+04 8.679370684444116705e+03 5.296243811535702662e+03 3.053924400296687054e+03 1.581776693643998897e+03 2.512130250798591987e+03 2.105465627787971812e+02 3.840237612248551358e+01
1.080530781676273546e+04 6.813578900669094764e+03 4.303815235691501584e+03 2.696007114076464859e+03 1.645132062325116522e+03 9.486173834939614835e+02 4.913353022918730630e+02 2.105465627787971812e+02 4.674338383919458124e+02 1.192863895181037215e+01
1.970820560649601020e+03 1.242754173852872327e+03 7.849889794513077277e+02 4.917348346001463710e+02 3.000617981825898255e+02 1.730218773295108292e+02 8.961648592996054674e+01 3.840237612248551358e+01 1.192863895181037037e+01 5.187664832657561220e+01
