1.709383363274684176e+06 9.005155079817150254e+05 5.721930642477745423e+05 3.515093951194628025e+05 2.042869048797248106e+05 1.087313011322247767e+05 5.053633250731661246e+04 1.912087382900673401e+04 5.311195108325870933e+03 9.300677385704452718e+02
9.005155079817151418e+05 7.633169292795358924e+05 3.705698156783808372e+05 2.276482884843795036e+05 1.323024786857698637e+05 7.041773264415406447e+04 3.272888224696883481e+04 1.238326560238825914e+04 3.439693200251669168e+03 6.023404546218229143e+02
5.721930642477745423e+05 3.705698156783808372e+05 3.334175996460916358e+05 1.446491155389223713e+05 8.406580454839170852e+04 4.474385822554562037e+04 2.079613205581567672e+04 7.868402740009753870e+03 2.185602107769808754e+03 3.827308107363061822e+02
3.515093951194628025e+05 2.276482884843795327e+05 1.446491155389223422e+05 1.393375622904970369e+05 5.164326859830700414e+04 2.748702758368625655e+04 1.277547082709622373e+04 4.833713759416490575e+03 1.342658139143944027e+03 2.351190256952224900e+02
2.042869048797248106e+05 1.323024786857698928e+05 8.406580454839170852e+04 5.164326859830700414e+04 5.409867507339983422e+04 1.597465065622643851e+04 7.424727275814993845e+03 2.809212034432642213e+03 7.803133553914505001e+02 1.366442510627335594e+02
1.087313011322247767e+05 7.041773264415406447e+04 4.474385822554561310e+04 2.748702758368625655e+04 1.597465065622643851e+04 1.879246679312232300e+04 3.951796409694424256e+03 1.495197549935961888e+03 4.153202402891035945e+02 7.272863240566914556e+01
5.053633250731661246e+04 3.272888224696883481e+04 2.079613205581567672e+04 1.277547082709622373e+04 7.424727275814993845e+03 3.951796409694424256e+03 5.586521703513940338e+03 6.949406450659552092e+02 1.930332989830130543e+02 3.380294645408235965e+01
1.912087382900673401e+04 1.238326560238825914e+04 7.868402740009752051e+03 4.833713759416490575e+03 2.809212034432642668e+03 1.495197549935961888e+03 6.949406450659550956e+02 1.348633265006756574e+03 7.303587679451712233e+01 1.278964741067433941e+01
5.311195108325870933e+03 3.439693200251668713e+03 2.185602107769808754e+03 1.342658139143944027e+03 7.803133553914506138e+02 4.153202402891035376e+02 1.930332989830130543e+02 7.303587679451712233e+01 2.453779263055220667e+02 3.552573662284076228e+00
9.300677385704453854e+02 6.023404546218229143e+02 3.827308107363061822e+02 2.351190256952224900e+02 1.366442510627335594e+02 7.272863240566915977e+01 3.380294645408235965e+01 1.278964741067434119e+01 3.552573662284076228e+00 2.930127596781222010e+01
