3.840217071223455714e+05 1.373738534379279939e+06 8.659832118420016486e+05 5.386539555158005096e+05 3.245034504834716790e+05 1.837387403530061420e+05 9.314971439769891731e+04 3.917063001036311471e+04 1.211105767778981681e+04 2.281070777828304017e+03
1.373738534379279939e+06 2.151115081228144991e+05 5.472988390957798110e+05 3.404277132591046393e+05 2.050852248675947485e+05 1.161223426932533912e+05 5.887034512311708386e+04 2.475572278788402764e+04 7.654152778755876170e+03 1.441630012601806811e+03
8.659832118420017650e+05 5.472988390957798110e+05 1.174670063753760187e+05 2.146002875731764361e+05 1.292825070328445727e+05 7.320170234400460322e+04 3.711094162107024749e+04 1.560561911514607709e+04 4.825057783118392763e+03 9.087809341861670873e+02
5.386539555158005096e+05 3.404277132591046393e+05 2.146002875731764361e+05 6.167972788990932895e+04 8.041557023272474180e+04 4.553250684180974349e+04 2.308353698287698717e+04 9.706918505690497113e+03 3.001255018490143812e+03 5.652747515225914867e+02
3.245034504834716790e+05 2.050852248675947194e+05 1.292825070328445872e+05 8.041557023272474180e+04 3.048350771857615837e+04 2.743032967275059855e+04 1.390630723788805881e+04 5.847777624954306702e+03 1.808058029293203845e+03 3.405407227811348889e+02
1.837387403530061420e+05 1.161223426932534203e+05 7.320170234400460322e+04 4.553250684180973622e+04 2.743032967275059491e+04 1.372783466705324463e+04 7.873960572821668393e+03 3.311099752784679367e+03 1.023749683686006961e+03 1.928192854328215446e+02
9.314971439769891731e+04 5.887034512311708386e+04 3.711094162107024749e+04 2.308353698287698717e+04 1.390630723788805881e+04 7.873960572821668393e+03 5.355911623719580348e+03 1.678622568771399528e+03 5.190086231508549872e+02 9.775326277914072648e+01
3.917063001036312198e+04 2.475572278788403128e+04 1.560561911514607709e+04 9.706918505690497113e+03 5.847777624954306702e+03 3.311099752784679367e+03 1.678622568771399301e+03 1.674650679135710789e+03 2.182496734539889758e+02 4.110648017963338674e+01
1.211105767778981863e+04 7.654152778755877989e+03 4.825057783118392763e+03 3.001255018490144266e+03 1.808058029293203845e+03 1.023749683686006961e+03 5.190086231508549872e+02 2.182496734539889758e+02 3.716062613608339120e+02 1.270959778422641939e+01
2.281070777828304017e+03 1.441630012601806811e+03 9.087809341861673147e+02 5.652747515225916004e+02 3.405407227811349458e+02 1.928192854328215446e+02 9.775326277914074069e+01 4.110648017963338674e+01 1.270959778422641939e+01 4.845290137399339159e+01
