8.082802751886575425e+04 2.659614856211447841e+04 1.570935382739248234e+04 8.753548710948449298e+03 4.547861294709795402e+03 2.170478524624144029e+03 9.350629552041667694e+02 3.557124778211224907e+02 1.163914310837912751e+02 3.169578385720186020e+01
2.659614856211447841e+04 3.752506806994345970e+04 9.735780990851902970e+03 5.424961082354956488e+03 2.818510680233120638e+03 1.345141486611706569e+03 5.794998473236112204e+02 2.204507465953832366e+02 7.213291486679260345e+01 1.964327835235452824e+01
1.570935382739248234e+04 9.735780990851901151e+03 1.682747512410201307e+04 3.204322345527333255e+03 1.664789224599916679e+03 7.945249482922882862e+02 3.422889642560623997e+02 1.302120407280648351e+02 4.260622471697963221e+01 1.160255249914888864e+01
8.753548710948449298e+03 5.424961082354956488e+03 3.204322345527333709e+03 7.259168315062937836e+03 9.276520047302507237e+02 4.427243102012907912e+02 1.907298769100846414e+02 7.255660887067253384e+01 2.374099326729609061e+01 6.465161431117532054e+00
4.547861294709796312e+03 2.818510680233120183e+03 1.664789224599916679e+03 9.276520047302507237e+02 2.991108460812629346e+03 2.300151425527837432e+02 9.909272839930918053e+01 3.769641365513987097e+01 1.233451117296668542e+01 3.358941431359697027e+00
2.170478524624144484e+03 1.345141486611706569e+03 7.945249482922882862e+02 4.427243102012907912e+02 2.300151425527837432e+02 1.160862191111959874e+03 4.729226003161074487e+01 1.799071057620071556e+01 5.886677248446972932e+00 1.603063455500949086e+00
9.350629552041667694e+02 5.794998473236111067e+02 3.422889642560623997e+02 1.907298769100846414e+02 9.909272839930916632e+01 4.729226003161074487e+01 4.157104789307463761e+02 7.750570580060539783e+00 2.536036989916379714e+00 6.906151040310765099e-01
3.557124778211225475e+02 2.204507465953832366e+02 1.302120407280648351e+02 7.255660887067253384e+01 3.769641365513987097e+01 1.799071057620071556e+01 7.750570580060538894e+00 1.335316525253431905e+02 9.647478776786823085e-01 2.627207168333898224e-01
1.163914310837912751e+02 7.213291486679260345e+01 4.260622471697963221e+01 2.374099326729609416e+01 1.233451117296668542e+01 5.886677248446973820e+00 2.536036989916379714e+00 9.647478776786823085e-01 3.720728713261765108e+01 8.596392343305633843e-02
3.169578385720186020e+01 1.964327835235453179e+01 1.160255249914888687e+01 6.465161431117532054e+00 3.358941431359697027e+00 1.603063455500949308e+00 6.906151040310765099e-01 2.627207168333897669e-01 8.596392343305635231e-02 8.647525820796284179e+00
