5.239103468704495026e+04 1.547405856850380405e+04 8.907519283397843537e+03 4.825531126342376410e+03 2.430883151628004271e+03 1.123072653776413063e+03 4.676584891205166628e+02 1.719950842666964661e+02 5.447254017961117967e+01 1.441668918079150252e+01
1.547405856850380405e+04 2.395384076829778496e+04 5.395038728842706405e+03 2.922691097888057811e+03 1.472318872524696189e+03 6.802141280480780097e+02 2.832478471733177798e+02 1.041726783032492136e+02 3.299251504009536262e+01 8.731790973164027747e+00
8.907519283397841718e+03 5.395038728842706405e+03 1.060160528396870905e+04 1.682423987126625207e+03 8.475287003900988339e+02 3.915598765252544808e+02 1.630493803230581307e+02 5.996617737237333046e+01 1.899188003111315481e+01 5.026386330886058573e+00
4.825531126342376410e+03 2.922691097888057811e+03 1.682423987126625207e+03 4.521934186860245063e+03 4.591374987897692108e+02 2.121224003995233716e+02 8.832985198765936730e+01 3.248588593880354125e+01 1.028860059935089843e+01 2.722978521968494992e+00
2.430883151628004271e+03 1.472318872524696189e+03 8.475287003900986065e+02 4.591374987897692108e+02 1.841104543134684945e+03 1.068576195476612440e+02 4.449656283646194765e+01 1.636491211573705229e+01 5.182929131730436012e+00 1.371712758242085606e+00
1.123072653776413063e+03 6.802141280480781234e+02 3.915598765252544808e+02 2.121224003995233716e+02 1.068576195476612156e+02 7.046090378295607479e+02 2.055749692255118788e+01 7.560620619024762235e+00 2.394523147033738919e+00 6.337339113096327470e-01
4.676584891205166628e+02 2.832478471733177798e+02 1.630493803230581022e+02 8.832985198765936730e+01 4.449656283646194765e+01 2.055749692255118788e+01 2.478092310524300217e+02 3.148316721645034288e+00 9.971029686640755507e-01 2.638930281766983521e-01
1.719950842666964661e+02 1.041726783032492136e+02 5.996617737237333756e+01 3.248588593880354836e+01 1.636491211573705229e+01 7.560620619024762235e+00 3.148316721645034288e+00 7.794035153763896062e+01 3.667137732076018453e-01 9.705437765922446391e-02
5.447254017961117967e+01 3.299251504009536262e+01 1.899188003111315481e+01 1.028860059935089843e+01 5.182929131730436012e+00 2.394523147033738919e+00 9.971029686640755507e-01 3.667137732076018453e-01 2.123125407739371795e+01 3.073807899330149515e-02
1.441668918079150608e+01 8.731790973164027747e+00 5.026386330886057685e+00 2.722978521968494547e+00 1.371712758242085606e+00 6.337339113096327470e-01 2.638930281766984076e-01 9.705437765922447779e-02 3.073807899330148821e-02 4.835872275118742181e+00
