3.012393921352874604e+05 8.172125965513447300e+05 5.007460436355447746e+05 2.928711173041178263e+05 1.588920628276270872e+05 7.662341992461287009e+04 3.083666434736825613e+04 9.428651709015341112e+03 1.905462300275225061e+03 2.067928749836967199e+02
8.172125965513447300e+05 1.634759536461438693e+05 3.153466486225700937e+05 1.844366550550723041e+05 1.000628564963510435e+05 4.825387836077024986e+04 1.941950192165514454e+04 5.937727826825311240e+03 1.199971838231399943e+03 1.302285677819501188e+02
5.007460436355447746e+05 3.153466486225700937e+05 8.461675158891722094e+04 1.130133403595896816e+05 6.131339594723308983e+04 2.956750640065347761e+04 1.189927663582056266e+04 3.638335642420125623e+03 7.352813123588372264e+02 7.979739955102088800e+01
2.928711173041178845e+05 1.844366550550723041e+05 1.130133403595896816e+05 4.092143942955823150e+04 3.586033879849365621e+04 1.729313440518885545e+04 6.959524668716078850e+03 2.127951759711796058e+03 4.300436563011616045e+02 4.667106981973503110e+01
1.588920628276270872e+05 1.000628564963510435e+05 6.131339594723308983e+04 3.586033879849366349e+04 1.794560242554471552e+04 9.382085279316253946e+03 3.775767447097823151e+03 1.154482721992648976e+03 2.333126061887220146e+02 2.532056635113483622e+01
7.662341992461288464e+04 4.825387836077024986e+04 2.956750640065348125e+04 1.729313440518885545e+04 9.382085279316252127e+03 6.830434337404411963e+03 1.820809733904193081e+03 5.567327456684761273e+02 1.125116603029959776e+02 1.221048020728878925e+01
3.083666434736825613e+04 1.941950192165514454e+04 1.189927663582056448e+04 6.959524668716080669e+03 3.775767447097823151e+03 1.820809733904193081e+03 2.116441967005335300e+03 2.240539619121454109e+02 4.527968481884663987e+01 4.914039076339887124e+00
9.428651709015341112e+03 5.937727826825311240e+03 3.638335642420125623e+03 2.127951759711796058e+03 1.154482721992648976e+03 5.567327456684761273e+02 2.240539619121454109e+02 4.856103429266460694e+02 1.384476520682205880e+01 1.502521881529462089e+00
1.905462300275225061e+03 1.199971838231400170e+03 7.352813123588371127e+02 4.300436563011616045e+02 2.333126061887219578e+02 1.125116603029960061e+02 4.527968481884663987e+01 1.384476520682205880e+01 7.172304385569140095e+01 3.036488024958532428e-01
2.067928749836967199e+02 1.302285677819501188e+02 7.979739955102087379e+01 4.667106981973503110e+01 2.532056635113483622e+01 1.221048020728878925e+01 4.914039076339887124e+00 1.502521881529462089e+00 3.036488024958532983e-01 5.536502816286673401e+00
