2.981808373578750179e+05 8.679631018722783774e+05 5.499702073661241448e+05 3.367533837864971138e+05 1.949605096016532043e+05 1.033692521205303929e+05 4.789050640419199772e+04 1.809469780274574077e+04 5.039028317858292212e+03 8.909136352745317708e+02
8.679631018722783774e+05 1.678951090421120171e+05 3.554240439242311986e+05 2.176304240983833733e+05 1.259952844718706328e+05 6.680346883161975711e+04 3.094974459302986361e+04 1.169388919708768117e+04 3.256525168443566145e+03 5.757623282050099078e+02
5.499702073661241448e+05 3.554240439242311986e+05 9.100914063508382242e+04 1.378978544276620669e+05 7.983479087840892316e+04 4.232889339057254983e+04 1.961078462326378576e+04 7.409636023427597138e+03 2.063442349471506532e+03 3.648221063239475939e+02
3.367533837864971138e+05 2.176304240983833442e+05 1.378978544276620669e+05 4.674460205804301222e+04 4.888380427177220554e+04 2.591849138425022102e+04 1.200791968754026675e+04 4.537009405410318323e+03 1.263470610091252638e+03 2.233849709297434458e+02
1.949605096016532043e+05 1.259952844718706328e+05 7.983479087840892316e+04 4.888380427177220554e+04 2.223136996835792525e+04 1.500529031531025066e+04 6.951883052265992774e+03 2.626663036909792027e+03 7.314755719463665855e+02 1.293268304541370526e+02
1.033692521205303929e+05 6.680346883161975711e+04 4.232889339057254256e+04 2.591849138425022466e+04 1.500529031531025248e+04 9.472541698965578689e+03 3.685930824711139394e+03 1.392672773849294344e+03 3.878328127630826430e+02 6.856987484530776555e+01
4.789050640419199772e+04 3.094974459302985997e+04 1.961078462326378576e+04 1.200791968754026675e+04 6.951883052265992774e+03 3.685930824711139849e+03 3.446890240455209096e+03 6.452189894651162376e+02 1.796811858687838708e+02 3.176811250007721910e+01
1.809469780274574077e+04 1.169388919708767935e+04 7.409636023427597138e+03 4.537009405410317413e+03 2.626663036909792027e+03 1.392672773849294117e+03 6.452189894651163513e+02 9.989230254031190270e+02 6.788979702352946788e+01 1.200309703557884511e+01
5.039028317858292212e+03 3.256525168443566145e+03 2.063442349471506532e+03 1.263470610091252638e+03 7.314755719463665855e+02 3.878328127630825861e+02 1.796811858687838708e+02 6.788979702352945367e+01 2.082213434979063038e+02 3.342633655650481650e+00
8.909136352745318845e+02 5.757623282050099078e+02 3.648221063239475939e+02 2.233849709297434174e+02 1.293268304541370526e+02 6.856987484530776555e+01 3.176811250007721910e+01 1.200309703557884333e+01 3.342633655650481206e+00 2.687418085688495495e+01
